# cl_cib
2.273576095054583991e-09
1.783489811107650046e-09
1.386817174859751220e-09
1.068202377453078371e-09
8.156943250826471679e-10
6.177045234129224132e-10
4.640392098962462484e-10
3.459264144766431040e-10
2.559812673161662845e-10
1.880884618063188625e-10
1.372525090190288621e-10
9.949554444973286963e-11
7.166145385203889556e-11
5.129458053694797613e-11
3.649319099642202551e-11
2.580703058005545495e-11
1.814207420213029710e-11
1.267810539150542395e-11
8.809076936328274945e-12
6.082623303328239220e-12
4.173766500377821101e-12
2.845000379787589623e-12
1.926522051025215372e-12
1.295624547000842511e-12
8.652728838114165209e-13
5.734200704198323233e-13
3.770927782041297412e-13
2.466638630012404918e-13
1.595453234830862024e-13
1.021980574855920634e-13
6.490713290996285246e-14
4.080002905777537895e-14
2.538428993002401979e-14
1.561175974457577933e-14
9.514409854948768954e-15
5.754983726078379570e-15
3.435021978857839053e-15
2.020385352010623164e-15
1.175594308845043196e-15
6.803501590653624038e-16
3.914060887576702406e-16
