# cl_phi_cib_857
1.443936160436938465e+01
2.141539645128249322e+04
8.107774317071861879e+04
1.641014328134866082e+05
2.521649442701475346e+05
3.524828236904785153e+05
4.569119355087011936e+05
5.624253810670629609e+05
6.744274191375175724e+05
7.906772757321679965e+05
9.094464503943871241e+05
1.032752465254084324e+06
1.160945726690002717e+06
1.293257596537614707e+06
1.429990254147203872e+06
1.571638146901628934e+06
1.718165833560284460e+06
1.869533121101455530e+06
2.025893035915817134e+06
2.187341406523511279e+06
