# cl_phi_cib_857
1.867392708932630596e-01
2.292000361504529682e+00
2.360000763958594483e+00
2.160926090426006141e+00
1.863810606121010904e+00
1.648534578524210925e+00
1.459591982140164612e+00
1.292920273273101994e+00
1.159844519230302184e+00
1.047973670926330092e+00
9.505819979072566150e-01
8.677738007594034686e-01
7.964408130806666097e-01
7.340175609502831433e-01
6.798510011400432651e-01
6.305269910645323606e-01
5.888507239603298915e-01
5.496777682204262439e-01
5.158594629945614241e-01
4.847953180880353874e-01
