# cldd_nvss_phi
1.930887948008480687e-08
3.453398027949830550e-11
3.614474441464809743e-12
8.324840586750702232e-13
2.798635877019819979e-13
1.135164739958500450e-13
5.334528814282464018e-14
2.786011090921173671e-14
1.554358845162984825e-14
9.230967403002742108e-15
5.718225888965598823e-15
3.666122058694620708e-15
2.430426859473033920e-15
1.654469654944688332e-15
1.167342794461550014e-15
8.375141967477514199e-16
6.118147539851713752e-16
4.542646371781291341e-16
3.443982279879212269e-16
2.623075691583693393e-16
2.010224644602179670e-16
1.570995382832478032e-16
1.243715544429377155e-16
9.959286368446073021e-17
8.049080859066464642e-17
6.550659977372356867e-17
5.362815375125626874e-17
4.421161214839742900e-17
3.672651239243890829e-17
3.041079415218291186e-17
2.547071692467250779e-17
2.147284023106263540e-17
1.821172595984147596e-17
1.552865012044453967e-17
1.330065749452561229e-17
1.136981739807954785e-17
9.777574182337186236e-18
8.524316139328297283e-18
7.389725148130331885e-18
6.423109745859982077e-18
5.598102833850472410e-18
4.892330141116999030e-18
4.287292665257961919e-18
3.767572306437582779e-18
3.320403901388208004e-18
2.967844270325492797e-18
2.625287886174646277e-18
2.313223590759718868e-18
2.061580737113029230e-18
1.841082913860114273e-18
1.646802599909346414e-18
1.474955780125980982e-18
1.322573604630949068e-18
1.187387788506008068e-18
1.067579708958632094e-18
9.615596023681154785e-19
8.678356699833936010e-19
7.849907760029239347e-19
7.156770718589950330e-19
6.513168718951066457e-19
5.886338207680718030e-19
5.368575572635143708e-19
4.904200648055873927e-19
4.486220199989498653e-19
4.108828795761674233e-19
3.767151972743109779e-19
3.457295030724211743e-19
3.175935382985470861e-19
2.920220270977996154e-19
2.673252469517053126e-19
2.464270898639208224e-19
2.284308910006022133e-19
2.109583949097721488e-19
1.950572243046065371e-19
1.805703979525892339e-19
1.673525175865278888e-19
1.552709556196191687e-19
1.442080876801045339e-19
1.340575841122661356e-19
1.247244507365642648e-19
1.161289029704515942e-19
1.084351134507695757e-19
1.010485216038060855e-19
9.421347204610260887e-20
8.781777989351436029e-20
8.199990842708341416e-20
7.660533355727033551e-20
7.160328521619189406e-20
6.696560058062286385e-20
6.266663896660601432e-20
5.868271961858654196e-20
5.499122262750827821e-20
5.148564528127410361e-20
4.831785124566013945e-20
4.538399027182155132e-20
4.266523419085845274e-20
4.014289274519968435e-20
3.783797108864090686e-20
3.564053275532917746e-20
3.359005812928308526e-20
