# cldg_nvss_phi
4.284426748365068183e-07
1.294337241372695482e-08
3.613949161766458153e-09
1.494760376285360743e-09
7.695693555477900023e-10
4.394869698626402952e-10
2.662880007210860147e-10
1.713861283553476176e-10
1.172024489360780978e-10
8.381615702301562771e-11
6.111925162282505281e-11
4.523172719005479171e-11
3.434755763804582506e-11
2.689745513603145431e-11
2.152730968375055397e-11
1.744778773487819432e-11
1.425084621087102716e-11
1.173037586702362901e-11
9.688434301798720605e-12
8.009547298247606959e-12
6.647693409325929741e-12
5.574446443752930380e-12
4.742296025705943143e-12
4.083645885756638020e-12
3.541468469369872893e-12
3.079098546944794319e-12
2.678469852970199906e-12
2.330341682389692826e-12
2.029652800200603356e-12
1.774531469695483952e-12
1.562215760797462329e-12
1.387484970468374121e-12
1.242633640969084424e-12
1.119712923346930390e-12
1.012386648550217318e-12
9.163303752856988218e-13
8.290967479780762565e-13
7.494750324691742677e-13
6.770278952007553317e-13
6.115396060941112020e-13
5.527707051864535171e-13
5.003184279037086218e-13
4.537992622588939397e-13
4.128304881577449502e-13
3.770326420476634822e-13
3.459753610467573655e-13
3.190713780345899875e-13
2.955925247254650950e-13
2.747321717319907748e-13
2.557328067250033334e-13
2.379964514263178863e-13
2.211780515733477172e-13
2.051355326785159950e-13
1.899039123333212541e-13
1.756353682938780741e-13
1.624945648719720929e-13
1.505800935851020742e-13
1.399042591215107686e-13
1.304008353550620647e-13
1.219390613708969214e-13
1.143641821489908553e-13
1.075182324567127457e-13
1.012567097145575995e-13
9.545727787545816379e-14
9.002646412258418998e-14
8.489752620797599623e-14
8.003216529891099236e-14
7.541463541548164999e-14
7.103821625673767079e-14
6.690581361101239585e-14
6.302661463007313961e-14
5.940793219474216885e-14
5.604918935638563423e-14
5.294150877713202608e-14
5.006945269161414571e-14
4.741516819496507992e-14
4.495947523307110483e-14
4.268186850845058938e-14
4.056246174424769541e-14
3.858288247358887995e-14
3.672776445551470121e-14
3.498352312349598813e-14
3.333802600259235019e-14
3.178014735915993570e-14
3.030053908613498869e-14
2.889206777769906366e-14
2.754949294446328958e-14
2.626963758432858103e-14
2.505081821782753288e-14
2.389278904085864911e-14
2.279567505518934376e-14
2.175962152447956133e-14
2.078409367302834925e-14
1.986791088677619731e-14
1.900919351181606599e-14
1.820470599645649901e-14
1.744997505871874682e-14
1.673954926955009108e-14
1.606816418630425490e-14
1.543115793475460830e-14
