# clgg_nvss_phi
3.173621890040910661e-05
9.208834967922118321e-06
6.358050516252338545e-06
4.965742001875531319e-06
4.036192421770240021e-06
3.352395824456568091e-06
2.823945594528901120e-06
2.409914893131781941e-06
2.085775181911387621e-06
1.826813258056917488e-06
1.617936764348046429e-06
1.447054130378804493e-06
1.304859897976320982e-06
1.184512533256554514e-06
1.080290210532378751e-06
9.884835112985748245e-07
9.065248068003706538e-07
8.329485006052323203e-07
7.662980757724905320e-07
7.060515233717758020e-07
6.515672814866920429e-07
6.024679088165502456e-07
5.584086418014642976e-07
5.189700179049894857e-07
4.838383634226991540e-07
4.524282447346161819e-07
4.244295154321505819e-07
3.992343759207399515e-07
3.764998176581054125e-07
3.557733217001229625e-07
3.367054550436080942e-07
3.189758250077071105e-07
3.026202780663462331e-07
2.867769848074847101e-07
2.727117123823893989e-07
2.590719215584168830e-07
2.462414985362679354e-07
2.341955071232985096e-07
2.229113859941416296e-07
2.123651915584566182e-07
2.025351005324585944e-07
1.933856591970515636e-07
1.848762516542780050e-07
1.769242720838442550e-07
1.709081287099715536e-07
1.630477621527518063e-07
1.555083604569656468e-07
1.501242146281213685e-07
1.443736038682745306e-07
1.389546116774883519e-07
1.337213939638240003e-07
1.288410116181396001e-07
1.241444783104568617e-07
1.196678422850476228e-07
1.153756599602653513e-07
1.112775806212485172e-07
1.074062573830601501e-07
1.037062543135617079e-07
1.001862997822005498e-07
9.683771724485771924e-08
9.365139121261639852e-08
9.037541807529465906e-08
8.762099255416664541e-08
8.497628000688843188e-08
8.236876876308472293e-08
7.986455198189510446e-08
7.746784040662797788e-08
7.517122599300168591e-08
7.291990224676961148e-08
7.081928751348434536e-08
6.882354178833852444e-08
6.687040392600279043e-08
6.499145231793756346e-08
6.318400512227564814e-08
6.144532915300453191e-08
5.977229588496408737e-08
5.814193891710364080e-08
5.658847721967244290e-08
5.509673201137149762e-08
5.366382898797917813e-08
5.228606801413174316e-08
5.095902670559601596e-08
4.967838636140751858e-08
4.844864336715571653e-08
4.725376733581777525e-08
4.610025403782445886e-08
4.498583884776541694e-08
4.390873947762895425e-08
4.286747402661386936e-08
4.183674222251539956e-08
4.086435923170393022e-08
3.992386076757151169e-08
3.901370969269056517e-08
3.813240964081198479e-08
3.727823008766295875e-08
3.644937226392755568e-08
3.564520052356354862e-08
3.486544992980852309e-08
3.410984526921207723e-08
3.337782098282376202e-08
