# ells_nvss_phi
2.000000000000000000e+00
1.200000000000000000e+01
2.200000000000000000e+01
3.200000000000000000e+01
4.200000000000000000e+01
5.200000000000000000e+01
6.200000000000000000e+01
7.200000000000000000e+01
8.200000000000000000e+01
9.200000000000000000e+01
1.020000000000000000e+02
1.120000000000000000e+02
1.220000000000000000e+02
1.320000000000000000e+02
1.420000000000000000e+02
1.520000000000000000e+02
1.620000000000000000e+02
1.720000000000000000e+02
1.820000000000000000e+02
1.920000000000000000e+02
2.020000000000000000e+02
2.120000000000000000e+02
2.220000000000000000e+02
2.320000000000000000e+02
2.420000000000000000e+02
2.520000000000000000e+02
2.620000000000000000e+02
2.720000000000000000e+02
2.820000000000000000e+02
2.920000000000000000e+02
3.020000000000000000e+02
3.120000000000000000e+02
3.220000000000000000e+02
3.320000000000000000e+02
3.420000000000000000e+02
3.520000000000000000e+02
3.620000000000000000e+02
3.720000000000000000e+02
3.820000000000000000e+02
3.920000000000000000e+02
4.020000000000000000e+02
4.120000000000000000e+02
4.220000000000000000e+02
4.320000000000000000e+02
4.420000000000000000e+02
4.520000000000000000e+02
4.620000000000000000e+02
4.720000000000000000e+02
4.820000000000000000e+02
4.920000000000000000e+02
5.020000000000000000e+02
5.120000000000000000e+02
5.220000000000000000e+02
5.320000000000000000e+02
5.420000000000000000e+02
5.520000000000000000e+02
5.620000000000000000e+02
5.720000000000000000e+02
5.820000000000000000e+02
5.920000000000000000e+02
6.020000000000000000e+02
6.120000000000000000e+02
6.220000000000000000e+02
6.320000000000000000e+02
6.420000000000000000e+02
6.520000000000000000e+02
6.620000000000000000e+02
6.720000000000000000e+02
6.820000000000000000e+02
6.920000000000000000e+02
7.020000000000000000e+02
7.120000000000000000e+02
7.220000000000000000e+02
7.320000000000000000e+02
7.420000000000000000e+02
7.520000000000000000e+02
7.620000000000000000e+02
7.720000000000000000e+02
7.820000000000000000e+02
7.920000000000000000e+02
8.020000000000000000e+02
8.120000000000000000e+02
8.220000000000000000e+02
8.320000000000000000e+02
8.420000000000000000e+02
8.520000000000000000e+02
8.620000000000000000e+02
8.720000000000000000e+02
8.820000000000000000e+02
8.920000000000000000e+02
9.020000000000000000e+02
9.120000000000000000e+02
9.220000000000000000e+02
9.320000000000000000e+02
9.420000000000000000e+02
9.520000000000000000e+02
9.620000000000000000e+02
9.720000000000000000e+02
9.820000000000000000e+02
9.920000000000000000e+02
