# ells
1.000000000000000000e+01
1.100000000000000000e+02
2.100000000000000000e+02
3.100000000000000000e+02
4.100000000000000000e+02
5.100000000000000000e+02
6.100000000000000000e+02
7.100000000000000000e+02
8.100000000000000000e+02
9.100000000000000000e+02
1.010000000000000000e+03
1.110000000000000000e+03
1.210000000000000000e+03
1.310000000000000000e+03
1.410000000000000000e+03
1.510000000000000000e+03
1.610000000000000000e+03
1.710000000000000000e+03
1.810000000000000000e+03
1.910000000000000000e+03
