# d_z
7.789809123146705927e-01
7.749929549588546740e-01
7.710185938665987671e-01
7.670583259756058592e-01
7.631126294072295702e-01
7.591819638035133266e-01
7.552667805236912280e-01
7.513674913991912341e-01
7.474845011564197339e-01
7.436181999712119239e-01
7.397689605746240460e-01
7.359371386370034962e-01
7.321230731454817509e-01
7.283270867755949896e-01
7.245494871657124358e-01
7.207905737281999903e-01
7.170506093801120029e-01
7.133298564207335435e-01
7.096285621907296726e-01
7.059469594651240909e-01
7.022852668392459696e-01
6.986436891080258782e-01
6.950224176389648845e-01
6.914216307390473881e-01
6.878414989858772088e-01
6.842821733147511631e-01
6.807437896479561212e-01
6.772264784200389132e-01
6.737303584841920490e-01
6.702555374747523054e-01
6.668021121622628167e-01
6.633701688012818565e-01
6.599597834710928534e-01
6.565710224094623015e-01
6.532039423395593625e-01
6.498585978783265604e-01
6.465350209428446515e-01
6.432332389386958837e-01
6.399532742773396121e-01
6.366951412195530624e-01
6.334588461803261072e-01
6.302443880261250353e-01
6.270517583646768589e-01
6.238809418274013918e-01
6.207319163446253230e-01
6.176046534136994115e-01
6.144991183601326012e-01
6.114152705918673991e-01
6.083530718744277754e-01
6.053124614695547523e-01
6.022933816510136484e-01
5.992957709899880969e-01
5.963195632142639369e-01
5.933646874328342147e-01
5.904310683536960758e-01
5.875186264949893156e-01
5.846272783896195868e-01
5.817569367835166982e-01
5.789075108276598991e-01
5.760789062640188085e-01
5.732710256055382203e-01
5.704837683103090029e-01
5.677170309500526590e-01
5.649707100418385197e-01
5.622446986527861457e-01
5.595388796490636807e-01
5.568531399283398464e-01
5.541873642115614507e-01
5.515414351845803198e-01
5.489152336346634353e-01
5.463086385820258295e-01
5.437215274065242410e-01
5.411537759696489758e-01
5.386052587319479779e-01
5.360758488660096743e-01
5.335654183651378224e-01
5.310738381478384840e-01
5.286009781582466927e-01
5.261467074626084983e-01
5.237108943419394036e-01
5.212934063809726570e-01
5.188941105535106457e-01
5.165128738767411631e-01
5.141495665955307937e-01
5.118040485407677753e-01
5.094761851811850928e-01
5.071658417292237431e-01
5.048728832088109630e-01
5.025971745201484042e-01
5.003385805016006271e-01
4.980969659887890533e-01
4.958721958709841893e-01
4.936641351448889381e-01
4.914726489659058117e-01
4.892976026969727554e-01
4.871388619550553467e-01
4.849962926553788023e-01
4.828697608452975909e-01
4.807591331208364016e-01
4.786642767419345135e-01
4.765850592164035393e-01
4.745213485385973429e-01
4.724730001914796418e-01
4.704399147038657580e-01
4.684219426725576563e-01
4.664189544364941153e-01
4.644308209585922831e-01
4.624574138505914700e-01
4.604986053964154058e-01
4.585542685741137436e-01
4.566242770764370462e-01
4.547085053301013202e-01
4.528068285137924476e-01
4.509191225749625276e-01
4.490452642454683674e-01
4.471851310560975845e-01
4.453386013500277296e-01
4.435055542952656138e-01
4.416858698961055874e-01
4.398794290036512900e-01
4.380861133254383422e-01
4.363058054341975023e-01
4.345383887757937047e-01
4.327837476763794489e-01
4.310417673487937917e-01
4.293123338982423043e-01
4.275953343272881901e-01
4.258906565401866517e-01
4.241981893465923692e-01
4.225178224646661262e-01
4.208494465236122251e-01
4.191929530656683389e-01
4.175482345475782786e-01
4.159151843415678229e-01
4.142936967358497591e-01
4.126836669346805597e-01
4.110849910579897348e-01
4.094975661668835420e-01
4.079212903029629800e-01
4.063560621776922677e-01
4.048017815672895203e-01
4.032583491553323740e-01
4.017256665303122753e-01
4.002036361828889555e-01
3.986921615028596322e-01
3.971911467758592051e-01
3.957004971798063764e-01
3.942201187811096297e-01
3.927499185306472795e-01
3.912898042595353010e-01
3.898396846746943201e-01
3.883994693542279220e-01
3.869690687426261544e-01
3.855483941458025532e-01
3.841373577259767913e-01
3.827358724964129433e-01
3.813438523160233573e-01
3.799612118838472941e-01
3.785878667334133807e-01
3.772237332269942067e-01
3.758687285497613328e-01
3.745227707038493725e-01
3.731857785023359186e-01
3.718576715631438656e-01
3.705383703028748421e-01
3.692277959305780288e-01
3.679258704414632986e-01
3.666325166105611211e-01
3.653476579863394469e-01
3.640712188842780139e-01
3.628031243804102357e-01
3.615433003048328375e-01
3.602916730760960529e-01
3.590481700258885134e-01
3.578127193852466692e-01
3.565852499324829727e-01
3.553656911673983565e-01
3.541539733047045502e-01
3.529500272674455652e-01
3.517537846804194568e-01
3.505651778636061366e-01
3.493841398256025133e-01
3.482106042570686233e-01
3.470445055241869747e-01
3.458857786621379327e-01
3.447343593685937568e-01
3.435901839972335114e-01
3.424531895512801793e-01
3.413233136770636444e-01
3.402004946576099309e-01
3.390846714062595302e-01
3.379757834603160926e-01
3.368737709747265940e-01
3.357785747157964185e-01
3.346901360549378035e-01
3.336083969624557555e-01
3.325333000013707130e-01
3.314647883212807344e-01
3.304028056522624324e-01
3.293472962988138186e-01
3.282982051338376728e-01
3.272554775926685422e-01
3.262190596671428744e-01
3.251888978997116153e-01
3.241649393776009358e-01
3.231471317270149801e-01
3.221354231073864649e-01
3.211297622056731305e-01
3.201300982307013210e-01
3.191363809075566382e-01
3.181485602089549336e-01
3.171665870969669898e-01
3.161904128844862938e-01
3.152199893039452916e-01
3.142552685768862930e-01
3.132962034086373970e-01
3.123427469830367120e-01
3.113948529572058699e-01
3.104524754563731115e-01
3.095155690687453887e-01
3.085840888404301485e-01
3.076579902704065783e-01
3.067372293055455890e-01
3.058217623356797032e-01
3.049115461887215162e-01
3.040065381258320598e-01
3.031066958366371855e-01
3.022119774344934062e-01
3.013223414518021448e-01
3.004377468353721659e-01
2.995581529418308020e-01
2.986835195330831416e-01
2.978138067718184567e-01
2.969489752170647590e-01
2.960889858197910951e-01
2.952337999185554174e-01
2.943833792352013035e-01
2.935376858705993630e-01
2.926966823004362173e-01
2.918603313710482761e-01
2.910285962953022554e-01
2.902014406485199927e-01
2.893788283644491144e-01
2.885607237312775575e-01
2.877470913876929437e-01
2.869378963189855303e-01
2.861331038531952919e-01
2.853326796573018020e-01
2.845365897334571903e-01
2.837448004152613446e-01
2.829572783640801337e-01
2.821739905654043756e-01
2.813949043143071926e-01
2.806199869971190974e-01
2.798492068203305982e-01
2.790825320286728362e-01
2.783199311735167214e-01
2.775613731094720982e-01
2.768068269910260448e-01
2.760562622692203649e-01
2.753096486883672145e-01
2.745669562828028654e-01
2.738281553736796048e-01
2.730932165657949384e-01
2.723621107444568201e-01
2.716348090723872954e-01
2.709112829866602845e-01
2.701915041956771679e-01
2.694754446761762345e-01
2.687630766702780449e-01
2.680543726825654338e-01
2.673493054771979294e-01
2.666478480750593127e-01
2.659499737509401496e-01
2.652556560307520739e-01
2.645648686887764889e-01
2.638775857449437434e-01
2.631937814621467253e-01
2.625134303435844307e-01
2.618365071301375635e-01
2.611629867977755537e-01
2.604928445549938298e-01
2.598260558402811782e-01
2.591625963196177995e-01
2.585024418840026761e-01
2.578455686470095820e-01
2.571919529423740691e-01
2.565415713216058768e-01
2.558944005516332054e-01
2.552504176124718582e-01
2.546095996949245266e-01
2.539719241983051656e-01
2.533373687281920139e-01
2.527059110942068143e-01
2.520775293078196810e-01
2.514522015801808341e-01
2.508299063199780909e-01
2.502106221313187828e-01
2.495943278116377340e-01
2.489810023496303315e-01
2.483706249232083274e-01
2.477631748974820913e-01
2.471586317300838165e-01
2.465569751626528472e-01
2.459581852079906761e-01
2.453622419594106152e-01
2.447691256877311539e-01
2.441788168393940472e-01
2.435912960346065803e-01
2.430065440655034548e-01
2.424245418943326014e-01
2.418452706516610318e-01
2.412687116346023952e-01
2.406948463050654352e-01
2.401236562880229575e-01
2.395551233698014204e-01
2.389892294963902042e-01
2.384259567717716966e-01
2.378652874562698361e-01
2.373072039649191389e-01
2.367516888658522112e-01
2.361987248787069671e-01
2.356482948730508620e-01
2.351003818668259970e-01
2.345549690248105723e-01
2.340120396570989081e-01
2.334715772175997017e-01
2.329335653025511876e-01
2.323979876490538388e-01
2.318648281336207206e-01
2.313340707707438881e-01
2.308056997114780462e-01
2.302796992420405864e-01
2.297560537824279714e-01
2.292347478850478570e-01
2.287157662333677843e-01
2.281990936405787207e-01
2.276847150482748106e-01
2.271726155251481694e-01
2.266627802656982216e-01
2.261551945889571369e-01
2.256498439372288667e-01
2.251467138748433905e-01
2.246457900869251179e-01
2.241470583781752512e-01
2.236505046716685818e-01
2.231561150076642464e-01
2.226638755424289740e-01
2.221737725470755431e-01
2.216857924064130070e-01
2.211999216178111016e-01
2.207161467900773388e-01
2.202344546423465887e-01
2.197548320029838187e-01
2.192772658084991277e-01
2.188017431024751325e-01
2.183282510345065375e-01
2.178567768591519183e-01
2.173873079348968285e-01
2.169198317231298967e-01
2.164543357674790225e-01
2.159908076494578832e-01
2.155292352432356950e-01
2.150696064113594708e-01
2.146119091143468272e-01
2.141561314097282231e-01
2.137022614510998564e-01
2.132502874871874676e-01
2.128001978609205813e-01
2.123519810085167381e-01
2.119056254585768573e-01
2.114611198311898144e-01
2.110184528370473989e-01
2.105776132765694586e-01
2.101385900390381478e-01
2.097013721017423338e-01
2.092659485291314125e-01
2.088323084719783673e-01
2.084004411665522083e-01
2.079703359337997104e-01
2.075419821785358665e-01
2.071153693886439162e-01
2.066904871342833405e-01
2.062673250671074043e-01
2.058458729194886927e-01
2.054261205037537230e-01
2.050080577114254954e-01
2.045916745124745362e-01
2.041769609545785180e-01
2.037639071623890685e-01
2.033525033368075718e-01
2.029427397542682976e-01
2.025346067660296068e-01
2.021280947974726794e-01
2.017231943474079303e-01
2.013198959873892802e-01
2.009181903610352538e-01
2.005180681833579892e-01
2.001195202400991024e-01
1.997225373870732124e-01
1.993271105495179052e-01
1.989332307214511653e-01
1.985408889650358832e-01
1.981500764099504985e-01
1.977607842527670801e-01
1.973730037563359296e-01
1.969867262491762083e-01
1.966019431248741955e-01
1.962186458414867107e-01
1.958368259209519180e-01
1.954564749485057096e-01
1.950775845721048063e-01
1.947001465018558253e-01
1.943241525094500100e-01
1.939495944276046768e-01
1.935764641495098248e-01
1.932047536282813782e-01
1.928344548764192867e-01
1.924655599652721760e-01
1.920980610245072995e-01
1.917319502415858745e-01
1.913672198612440811e-01
1.910038621849798057e-01
1.906418695705440203e-01
1.902812344314384063e-01
1.899219492364175588e-01
1.895640065089964077e-01
1.892073988269631357e-01
1.888521188218971469e-01
1.884981591786913102e-01
1.881455125919606619e-01
1.877941718616501221e-01
1.874441298671761513e-01
1.870953795018192312e-01
1.867479137098682629e-01
1.864017254861722594e-01
1.860568078756962562e-01
1.857131539730820236e-01
1.853707569222132479e-01
1.850296099157849039e-01
1.846897061948777063e-01
1.843510390485360029e-01
1.840136018133507190e-01
1.836773878730461329e-01
1.833423906580712581e-01
1.830086036451947507e-01
1.826760203571046182e-01
1.823446343620115651e-01
1.820144392732563898e-01
1.816854287489216013e-01
1.813575964914466987e-01
1.810309362472473371e-01
1.807054418063384627e-01
1.803811070019614160e-01
1.800579257102142006e-01
1.797358918496858027e-01
1.794149993810945642e-01
1.790952423069295807e-01
1.787766146710956794e-01
1.784591105585625337e-01
1.781427240950164970e-01
1.778274494465166555e-01
1.775132808191536848e-01
1.772002124587125083e-01
1.768882386503379534e-01
1.765773537182040165e-01
1.762675520251863470e-01
1.759588279725375903e-01
1.756511759995666722e-01
1.753445905833203033e-01
1.750390662382685092e-01
1.747345975159927123e-01
1.744311790048768129e-01
1.741288053298016281e-01
1.738274711518424387e-01
1.735271711679686746e-01
1.732279001107475125e-01
1.729296527480496393e-01
1.726324238827584012e-01
1.723362083524812849e-01
1.720410010292646452e-01
1.717467968193107930e-01
1.714535906626981354e-01
1.711613775331038978e-01
1.708701524375295100e-01
1.705799104160285462e-01
1.702906465414374682e-01
1.700023559191088385e-01
1.697150336866471154e-01
1.694286750136469177e-01
1.691432751014339542e-01
1.688588291828083121e-01
1.685753325217900223e-01
1.682927804133675098e-01
1.680111681832478776e-01
1.677304911876101312e-01
1.674507448128601805e-01
1.671719244753885614e-01
1.668940256213303497e-01
1.666170437263271020e-01
1.663409742952917936e-01
1.660658128621746721e-01
1.657915549897325258e-01
1.655181962692998943e-01
1.652457323205615281e-01
1.649741587913282626e-01
1.647034713573139464e-01
1.644336657219152564e-01
1.641647376159929284e-01
1.638966827976552354e-01
1.636294970520439096e-01
1.633631761911212843e-01
1.630977160534599901e-01
1.628331125040343719e-01
1.625693614134377241e-01
1.623064586926159791e-01
1.620444003134154098e-01
1.617831822442875322e-01
1.615228004790741079e-01
1.612632510368099126e-01
1.610045299615273373e-01
1.607466333220624322e-01
1.604895572118631430e-01
1.602332977487991028e-01
1.599778510749730598e-01
1.597232133565344436e-01
1.594693807834939581e-01
1.592163495695405606e-01
1.589641159518595526e-01
1.587126761909527506e-01
1.584620265704599629e-01
1.582121633969821584e-01
1.579630829999065511e-01
1.577147817312325173e-01
1.574672559654000936e-01
1.572205020991191138e-01
1.569745165512004270e-01
1.567292957623883098e-01
1.564848361951946265e-01
1.562411343337344882e-01
1.559981866835629116e-01
1.557559897715137254e-01
1.555145401455391152e-01
1.552738343745512228e-01
1.550338690482647164e-01
1.547946407770409427e-01
1.545561461917336621e-01
1.543183819435355875e-01
1.540813447038270334e-01
1.538450311640251755e-01
1.536094380354350586e-01
1.533745620491019646e-01
1.531403999556647522e-01
1.529069485252108063e-01
1.526742045471320974e-01
1.524421648299825460e-01
1.522108262013363855e-01
1.519801855076484132e-01
1.517502396141147958e-01
1.515209854045354021e-01
1.512924197811771343e-01
1.510645396646388972e-01
1.508373419937171500e-01
1.506108237252730131e-01
1.503849818341003453e-01
1.501598133127952095e-01
1.499353151716260879e-01
1.497114844384054844e-01
1.494883181583626930e-01
1.492658133940172882e-01
1.490439672250542802e-01
1.488227767481996866e-01
1.486022390770976032e-01
1.483823513421884399e-01
1.481631106905875739e-01
1.479445142859658058e-01
1.477265593084303164e-01
1.475092429544066774e-01
1.472925624365223340e-01
1.470765149834903085e-01
1.468610978399945421e-01
1.466463082665759587e-01
1.464321435395195825e-01
1.462186009507421558e-01
1.460056778076816164e-01
1.457933714331865471e-01
1.455816791654073183e-01
1.453705983576874528e-01
1.451601263784565443e-01
1.449502606111237046e-01
1.447409984539719807e-01
1.445323373200535222e-01
1.443242746370862195e-01
1.441168078473500647e-01
1.439099344075855380e-01
1.437036517888924114e-01
1.434979574766290233e-01
1.432928489703128860e-01
1.430883237835219868e-01
1.428843794437966996e-01
1.426810134925429185e-01
1.424782234849354123e-01
1.422760069898226232e-01
1.420743615896317147e-01
1.418732848802747581e-01
1.416727744710553905e-01
1.414728279845766101e-01
1.412734430566488786e-01
1.410746173361994704e-01
1.408763484851820180e-01
1.406786341784873606e-01
1.404814721038546710e-01
1.402848599617834979e-01
1.400887954654465029e-01
1.398932763406029178e-01
1.396983003255128086e-01
1.395038651708517541e-01
1.393099686256727976e-01
1.391166084651808410e-01
1.389237824918137243e-01
1.387314885050387470e-01
1.385397243163238035e-01
1.383484877490567533e-01
1.381577766384646522e-01
1.379675888315340937e-01
1.377779221869317172e-01
1.375887745749261870e-01
1.374001438773095607e-01
1.372120279873206006e-01
1.370244248095678075e-01
1.368373322599531206e-01
1.366507482655969774e-01
1.364646707647629298e-01
1.362790977067836473e-01
1.360940270519870876e-01
1.359094567716234159e-01
1.357253848477926184e-01
1.355418092733721991e-01
1.353587280519461533e-01
1.351761391977338855e-01
1.349940407355201266e-01
1.348124307005850731e-01
1.346313071386351645e-01
1.344506681057346942e-01
1.342705116682373911e-01
1.340908359027192243e-01
1.339116388959109838e-01
1.337329187446320289e-01
1.335546735557242015e-01
1.333769014459864899e-01
1.331996005421097196e-01
1.330227689806124658e-01
1.328464049077767994e-01
1.326705064795850597e-01
1.324950718616565992e-01
1.323200992291856115e-01
1.321455867668787643e-01
1.319715326688940260e-01
1.317979351387792986e-01
1.316247923894119654e-01
1.314521026429387729e-01
1.312798641307162395e-01
1.311080750932511474e-01
1.309367337801422282e-01
1.307658384500214044e-01
1.305953873704963353e-01
1.304253788180927132e-01
1.302558110781973366e-01
1.300866824450017945e-01
1.299179912214457888e-01
1.297497357191622347e-01
1.295819142584213601e-01
1.294145251680759168e-01
1.292475667855071120e-01
1.290810374565701801e-01
1.289149355355410920e-01
1.287492593850629863e-01
1.285840073760937119e-01
1.284191778878530643e-01
1.282547693077711326e-01
1.280907800314363687e-01
1.279272084625443506e-01
1.277640530128471563e-01
1.276013121021026819e-01
1.274389841580244875e-01
1.272770676162322256e-01
1.271155609202022918e-01
1.269544625212185307e-01
1.267937708783239692e-01
1.266334844582723274e-01
1.264736017354801956e-01
1.263141211919794060e-01
1.261550413173698204e-01
1.259963606087725063e-01
1.258380775707833299e-01
1.256801907154265485e-01
1.255226985621091529e-01
1.253655996375753756e-01
1.252088924758613386e-01
1.250525756182505055e-01
1.248966476132288839e-01
1.247411070164411578e-01
1.245859523906465982e-01
1.244311823056755278e-01
1.242767953383863699e-01
1.241227900726223354e-01
1.239691650991692762e-01
1.238159190157129969e-01
1.236630504267976216e-01
1.235105579437836415e-01
1.233584401848066975e-01
1.232066957747366964e-01
1.230553233451365247e-01
1.229043215342221079e-01
1.227536889868218600e-01
1.226034243543370622e-01
1.224535262947019920e-01
1.223039934723447880e-01
1.221548245581483561e-01
1.220060182294114975e-01
1.218575731698107456e-01
1.217094880693615350e-01
1.215617616243810512e-01
1.214143925374499416e-01
1.212673795173752345e-01
1.211207212791530763e-01
1.209744165439318730e-01
1.208284640389758191e-01
1.206828624976282738e-01
1.205376106592760954e-01
1.203927072693132261e-01
1.202481510791057334e-01
1.201039408459560059e-01
1.199600753330679059e-01
1.198165533095119084e-01
1.196733735501904067e-01
1.195305348358035868e-01
1.193880359528149693e-01
1.192458756934180325e-01
1.191040528555020045e-01
1.189625662426190694e-01
1.188214146639507279e-01
1.186805969342750872e-01
1.185401118739341925e-01
1.183999583088014562e-01
1.182601350562431652e-01
1.181206409654109307e-01
1.179814748807352515e-01
1.178426356498827599e-01
1.177041221258929293e-01
1.175659331671468494e-01
1.174280676373360421e-01
1.172905244054319729e-01
1.171533023456555744e-01
1.170164003374468825e-01
1.168798172654348239e-01
1.167435520194075593e-01
1.166076034942826883e-01
1.164719705900777724e-01
1.163366522118811225e-01
1.162016472698227110e-01
1.160669546790453338e-01
1.159325733596757446e-01
1.157985022367965522e-01
1.156647402404175212e-01
1.155312863054478306e-01
1.153981393716679571e-01
1.152652983837021000e-01
1.151327622909905229e-01
1.150005300477622977e-01
1.148686006130082843e-01
1.147369729504538055e-01
1.146056460285323209e-01
1.144746188203584480e-01
1.143438903037017618e-01
1.142134594609604537e-01
1.140833252791352975e-01
1.139534867498037118e-01
1.138239428690940441e-01
1.136946926376602440e-01
1.135657350606559812e-01
1.134370691477100263e-01
1.133086939129008680e-01
1.131806083747318309e-01
1.130528115561065111e-01
1.129253024843041991e-01
1.127980801909554825e-01
1.126711437120179737e-01
1.125444920877524818e-01
1.124181243626986709e-01
1.122920395856519538e-01
1.121662368096392470e-01
1.120407150918960593e-01
1.119154734938430096e-01
1.117905110810626101e-01
1.116658269232767148e-01
1.115414200943230377e-01
1.114172896721332268e-01
1.112934347387097567e-01
1.111698543801039607e-01
1.110465476863936041e-01
1.109235137516608877e-01
1.108007516739705073e-01
1.106782605553478377e-01
1.105560395017573666e-01
1.104340876230811286e-01
1.103124040330973471e-01
1.101909878494592848e-01
1.100698381936740244e-01
1.099489541910817075e-01
1.098283349708344681e-01
1.097079796658761014e-01
1.095878874129211644e-01
1.094680573524348111e-01
1.093484886286124613e-01
1.092291803893595536e-01
1.091101317862716580e-01
1.089913419746144779e-01
1.088728101133042692e-01
1.087545353648879387e-01
1.086365168955238103e-01
1.085187538749620290e-01
1.084012454765254374e-01
1.082839908770904525e-01
1.081669892570678582e-01
1.080502398003841957e-01
1.079337416944628203e-01
1.078174941302052769e-01
1.077014963019727184e-01
1.075857474075676973e-01
1.074702466482155977e-01
1.073549932285466912e-01
1.072399863565778877e-01
1.071252252436948743e-01
1.070107091046342968e-01
1.068964371574660510e-01
1.067824086235755060e-01
1.066686227276462395e-01
1.065550786976425385e-01
1.064417757647920099e-01
1.063287131635686222e-01
1.062158901316754556e-01
1.061033059100278952e-01
1.059909597427366457e-01
1.058788508770911185e-01
1.057669785635426268e-01
1.056553420556880091e-01
1.055439406102531841e-01
1.054327734870766642e-01
1.053218399490935125e-01
1.052111392623190367e-01
1.051006706958329540e-01
1.049904335217633766e-01
1.048804270152708940e-01
1.047706504545330014e-01
1.046611031207283354e-01
1.045517842980212969e-01
1.044426932735463553e-01
1.043338293373929776e-01
1.042251917825901819e-01
1.041167799050915221e-01
1.040085930037599055e-01
1.039006303803526876e-01
1.037928913395068514e-01
1.036853751887240882e-01
1.035780812383561428e-01
1.034710088015903529e-01
1.033641571944348275e-01
1.032575257357044168e-01
1.031511137470059736e-01
1.030449205527243922e-01
1.029389454800083564e-01
1.028331878587561976e-01
1.027276470216019755e-01
1.026223223039014337e-01
1.025172130437185386e-01
1.024123185818112264e-01
1.023076382616181640e-01
1.022031714292449128e-01
1.020989174334507033e-01
1.019948756256347233e-01
1.018910453598229765e-01
1.017874259926550562e-01
1.016840168833707814e-01
1.015808173937973596e-01
1.014778268883361617e-01
1.013750447339500094e-01
1.012724703001500054e-01
1.011701029589831685e-01
1.010679420850193605e-01
1.009659870553387961e-01
1.008642372495196365e-01
1.007626920496252076e-01
1.006613508401919821e-01
1.005602130082168671e-01
1.004592779431452559e-01
1.003585450368586485e-01
1.002580136836627167e-01
1.001576832802750783e-01
1.000575532258134448e-01
9.995762292178378416e-02
9.985789177206833012e-02
9.975835918291396653e-02
9.965902456292057010e-02
9.955988732302918642e-02
9.946094687289275260e-02
9.936220262668839232e-02
9.926365400754361135e-02
9.916530043564575347e-02
9.906714133346652962e-02
9.896917612575083234e-02
9.887140423950539769e-02
9.877382510398795279e-02
9.867643815069615520e-02
9.857924281335651850e-02
9.848223852791362920e-02
9.838542473251926657e-02
9.828880086752174450e-02
9.819236637545510071e-02
9.809612070102850800e-02
9.800006329111569936e-02
9.790419359474446248e-02
9.780851106308618981e-02
9.771301514944548405e-02
9.761770530924983313e-02
9.752258100003928509e-02
9.742764168145638670e-02
9.733288681523574737e-02
9.723831586519432468e-02
9.714392829722111322e-02
9.704972357926726356e-02
9.695570118133611803e-02
9.686186057547345463e-02
9.676820123575746724e-02
9.667472263828930101e-02
9.658142426118311585e-02
9.648830558455662176e-02
9.639536609052130889e-02
9.630260526317319103e-02
9.621002258858303569e-02
9.611761755478713531e-02
9.602538965177785657e-02
9.593333837149435606e-02
9.584146320781337935e-02
9.574976365653990740e-02
9.565823921539820529e-02
9.556688938402253808e-02
9.547571366394812242e-02
9.538471155860232809e-02
9.529388257329553247e-02
9.520322621521223883e-02
9.511274199340234714e-02
9.502242941877221682e-02
9.493228800407604862e-02
9.484231726390708606e-02
9.475251671468899739e-02
9.466288587466729909e-02
9.457342426390076551e-02
9.448413140425290790e-02
9.439500681938364779e-02
9.430605003474069881e-02
9.421726057755140660e-02
9.412863797681421396e-02
9.404018176329070888e-02
9.395189146949702030e-02
9.386376662969593554e-02
9.377580677988865687e-02
9.368801145780666917e-02
9.360038020290381566e-02
9.351291255634819333e-02
9.342560806101424253e-02
9.333846626147485059e-02
9.325148670399351081e-02
9.316466893651642600e-02
9.307801250866476472e-02
9.299151697172694520e-02
9.290518187865093314e-02
9.281900678403660898e-02
9.273299124412812122e-02
9.264713481680630913e-02
9.256143706158126427e-02
9.247589753958482262e-02
9.239051581356300114e-02
9.230529144786876750e-02
9.222022400845454604e-02
9.213531306286504297e-02
9.205055818022978009e-02
9.196595893125603105e-02
9.188151488822152158e-02
9.179722562496725469e-02
9.171309071689050241e-02
9.162910974093760319e-02
9.154528227559695364e-02
9.146160790089201409e-02
9.137808619837434199e-02
9.129471675111668072e-02
9.121149914370602074e-02
9.112843296223673006e-02
9.104551779430386516e-02
9.096275322899620430e-02
9.088013885688964177e-02
9.079767427004041547e-02
9.071535906197848720e-02
9.063319282770082586e-02
9.055117516366487096e-02
9.046930566778198235e-02
9.038758393941080660e-02
9.030600957935094875e-02
9.022458218983635259e-02
9.014330137452894465e-02
9.006216673851226429e-02
8.998117788828509378e-02
8.990033443175511618e-02
8.981963597823260093e-02
8.973908213842426984e-02
8.965867252442691337e-02
8.957840674972129824e-02
8.949828442916604732e-02
8.941830517899136688e-02
8.933846861679313467e-02
8.925877436152675204e-02
8.917922203350112098e-02
8.909981125437260729e-02
8.902054164713921192e-02
8.894141283613450633e-02
8.886242444702176224e-02
8.878357610678817846e-02
8.870486744373895505e-02
8.862629808749145077e-02
8.854786766896947936e-02
8.846957582039760570e-02
8.839142217529528944e-02
8.831340636847137548e-02
8.823552803601825145e-02
8.815778681530635208e-02
8.808018234497858034e-02
8.800271426494464533e-02
8.792538221637549722e-02
8.784818584169806766e-02
8.777112478458945488e-02
8.769419868997171963e-02
8.761740720400630622e-02
8.754074997408881065e-02
8.746422664884344333e-02
8.738783687811778333e-02
8.731158031297744926e-02
8.723545660570089511e-02
8.715946540977398405e-02
8.708360637988489528e-02
8.700787917191887821e-02
8.693228344295308996e-02
8.685681885125147439e-02
8.678148505625954412e-02
8.670628171859939837e-02
8.663120850006457430e-02
8.655626506361509265e-02
8.648145107337233684e-02
8.640676619461414021e-02
8.633221009376976229e-02
8.625778243841500381e-02
8.618348289726734945e-02
8.610931114018084698e-02
8.603526683814149978e-02
8.596134966326231253e-02
8.588755928877853107e-02
8.581389538904268810e-02
8.574035763952014833e-02
8.566694571678398762e-02
8.559365929851062149e-02
8.552049806347492011e-02
8.544746169154557314e-02
8.537454986368045451e-02
8.530176226192200117e-02
8.522909856939268891e-02
8.515655847029027226e-02
8.508414164988345463e-02
8.501184779450716988e-02
8.493967659155822469e-02
8.486762772949076050e-02
8.479570089781171549e-02
8.472389578707649471e-02
8.465221208888458471e-02
8.458064949587498771e-02
8.450920770172205831e-02
8.443788640113096544e-02
8.436668528983352899e-02
8.429560406458386224e-02
8.422464242315395866e-02
8.415380006432968130e-02
8.408307668790625244e-02
8.401247199468424298e-02
8.394198568646531189e-02
8.387161746604797352e-02
8.380136703722343428e-02
8.373123410477162354e-02
8.366121837445686382e-02
8.359131955302394335e-02
8.352153734819389719e-02
8.345187146866009376e-02
8.338232162408409920e-02
8.331288752509169449e-02
8.324356888326893411e-02
8.317436541115807991e-02
8.310527682225370139e-02
8.303630283099872056e-02
8.296744315278058168e-02
8.289869750392719894e-02
8.283006560170320942e-02
8.276154716430604574e-02
8.269314191086210575e-02
8.262484955896548522e-02
8.255666983003537296e-02
8.248860244805492070e-02
8.242064713582716862e-02
8.235280361706516505e-02
8.228507161638839995e-02
8.221745085931900232e-02
8.214994107227796549e-02
8.208254198258171930e-02
8.201525331843829980e-02
8.194807480894364393e-02
8.188100618407823106e-02
8.181404717470321108e-02
8.174719751255693501e-02
8.168045693025145770e-02
8.161382516126886033e-02
8.154730193995782250e-02
8.148088700153000019e-02
8.141458008205666730e-02
8.134838091846512131e-02
8.128228924853521387e-02
8.121630481089604781e-02
8.115042734502239674e-02
8.108465659123131886e-02
8.101899229067884012e-02
8.095343418535647095e-02
8.088798201808793109e-02
8.082263553252569399e-02
8.075739447314783659e-02
8.069225858525443107e-02
8.062722761496464441e-02
8.056230130921304688e-02
8.049747941574662835e-02
8.043276168312143981e-02
8.036814786069927663e-02
8.030363769864468093e-02
8.023923094792151378e-02
8.017492736028986045e-02
8.011072668830282462e-02
8.004662868530343367e-02
7.998263310542147453e-02
7.991873970357023238e-02
7.985494823544353471e-02
7.979125845751264268e-02
7.972767012702305922e-02
7.966418300199151759e-02
7.960079684120296983e-02
7.953751140420745047e-02
7.947432645131713436e-02
7.941124174360325583e-02
7.934825704289318049e-02
7.928537211176736599e-02
7.922258671355637827e-02
7.915990061233801889e-02
7.909731357293429965e-02
7.903482536090848665e-02
7.897243574256236631e-02
7.891014448493308131e-02
7.884795135579049374e-02
7.878585612363411816e-02
7.872385855769038765e-02
7.866195842790973947e-02
7.860015550496378400e-02
7.853844956024254309e-02
7.847684036585159117e-02
7.841532769460922425e-02
7.835391132004380921e-02
7.829259101639082785e-02
7.823136655859032340e-02
7.817023772228400003e-02
7.810920428381261382e-02
7.804826602021311399e-02
7.798742270921610320e-02
7.792667412924297876e-02
7.786602005940346238e-02
7.780546027949267196e-02
7.774499456998870683e-02
7.768462271204985836e-02
7.762434448751200089e-02
7.756415967888612151e-02
7.750406806935543347e-02
7.744406944277303084e-02
7.738416358365922398e-02
7.732435027719893050e-02
7.726462930923917727e-02
7.720500046628649138e-02
7.714546353550448543e-02
7.708601830471115135e-02
7.702666456237651504e-02
7.696740209762009677e-02
7.690823070020828822e-02
7.684915016055211823e-02
7.679016026970457431e-02
7.673126081935827125e-02
7.667245160184299468e-02
7.661373241012311985e-02
7.655510303779548831e-02
7.649656327908670173e-02
7.643811292885092923e-02
7.637975178256733999e-02
7.632147963633789667e-02
7.626329628688494067e-02
7.620520153154874965e-02
7.614719516828533097e-02
7.608927699566392366e-02
7.603144681286486128e-02
7.597370441967711552e-02
7.591604961649606187e-02
7.585848220432114819e-02
7.580100198475366036e-02
7.574360875999446019e-02
7.568630233284164011e-02
7.562908250668828880e-02
7.557194908552046508e-02
7.551490187391451947e-02
7.545794067703538721e-02
7.540106530063403478e-02
7.534427555104533658e-02
7.528757123518596550e-02
7.523095216055213086e-02
7.517441813521744121e-02
7.511796896783072552e-02
7.506160446761392380e-02
7.500532444435982493e-02
7.494912870843017938e-02
7.489301707075324277e-02
7.483698934282198567e-02
7.478104533669177600e-02
7.472518486497836676e-02
7.466940774085581434e-02
7.461371377805436911e-02
7.455810279085844927e-02
7.450257459410453142e-02
7.444712900317915216e-02
7.439176583401688192e-02
7.433648490309820167e-02
7.428128602744760167e-02
7.422616902463147204e-02
7.417113371275615985e-02
7.411617991046601239e-02
7.406130743694119833e-02
7.400651611189601464e-02
7.395180575557666613e-02
7.389717618875947525e-02
7.384262723274885587e-02
7.378815870937539823e-02
7.373377044099389821e-02
7.367946225048144226e-02
7.362523396123553387e-02
7.357108539717219231e-02
7.351701638272395423e-02
7.346302674283808343e-02
7.340911630297464185e-02
7.335528488910467160e-02
7.330153232770816873e-02
7.324785844577247351e-02
7.319426307079016092e-02
7.314074603075744474e-02
7.308730715417213752e-02
7.303394627003195749e-02
7.298066320783259953e-02
7.292745779756605595e-02
7.287432986971868754e-02
7.282127925526957202e-02
7.276830578568856123e-02
7.271540929293457411e-02
7.266258960945387591e-02
7.260984656817821847e-02
7.255718000252314726e-02
7.250458974638625265e-02
7.245207563414540752e-02
7.239963750065699088e-02
7.234727518125431966e-02
7.229498851174571972e-02
7.224277732841292987e-02
7.219064146800947823e-02
7.213858076775880868e-02
7.208659506535265715e-02
7.203468419894951125e-02
7.198284800717268117e-02
7.193108632910885647e-02
7.187939900430632967e-02
7.182778587277337257e-02
7.177624677497657091e-02
7.172478155183925619e-02
7.167339004473975705e-02
7.162207209550990050e-02
7.157082754643330491e-02
7.151965624024378410e-02
7.146855802012380687e-02
7.141753272970280397e-02
7.136658021305564148e-02
7.131570031470099713e-02
7.126489287959988927e-02
7.121415775315392827e-02
7.116349478120390093e-02
7.111290381002816074e-02
7.106238468634105965e-02
7.101193725729149087e-02
7.096156137046116807e-02
7.091125687386330700e-02
7.086102361594097399e-02
7.081086144556565654e-02
7.076077021203559803e-02
7.071074976507447929e-02
7.066079995482982268e-02
7.061092063187145162e-02
7.056111164719013062e-02
7.051137285219601092e-02
7.046170409871711782e-02
7.041210523899799067e-02
7.036257612569817022e-02
7.031311661189068585e-02
7.026372655106068177e-02
7.021440579710397367e-02
7.016515420432554995e-02
7.011597162743821166e-02
7.006685792156110149e-02
7.001781294221835761e-02
6.996883654533753161e-02
6.991992858724840887e-02
6.987108892468144039e-02
6.982231741476641051e-02
6.977361391503106303e-02
6.972497828339963011e-02
6.967641037819156946e-02
6.962791005812020428e-02
6.957947718229111345e-02
6.953111161020116004e-02
6.948281320173681219e-02
6.943458181717289401e-02
6.938641731717132277e-02
6.933831956277969333e-02
6.929028841542991812e-02
6.924232373693703368e-02
6.919442538949764632e-02
6.914659323568889127e-02
6.909882713846693392e-02
6.905112696116567916e-02
6.900349256749557791e-02
6.895592382154222544e-02
6.890842058776516788e-02
6.886098273099644507e-02
6.881361011643953585e-02
6.876630260966795638e-02
6.871906007662401117e-02
6.867188238361753017e-02
6.862476939732463366e-02
6.857772098478638612e-02
6.853073701340772761e-02
6.848381735095604439e-02
6.843696186556008643e-02
6.839017042570860738e-02
6.834344290024921276e-02
6.829677915838716640e-02
6.825017906968403048e-02
6.820364250405663853e-02
6.815716933177573544e-02
6.811075942346488110e-02
6.806441265009917363e-02
6.801812888300413917e-02
6.797190799385449678e-02
6.792574985467290938e-02
6.787965433782895686e-02
6.783362131603784539e-02
6.778765066235926950e-02
6.774174224919253529e-02
6.769589595009191385e-02
6.765011164036900670e-02
6.760438919444951289e-02
6.755872848709780498e-02
6.751312939341591601e-02
6.746759178884229047e-02
6.742211554915066019e-02
6.737670055044900352e-02
6.733134666917833799e-02
6.728605378211163779e-02
6.724082176635273744e-02
6.719565049933513834e-02
6.715053985882105114e-02
6.710548972290013292e-02
6.706049996998854346e-02
6.701557047882773788e-02
6.697070112848339807e-02
6.692589179834443347e-02
6.688114236812184310e-02
6.683645271784759145e-02
6.679182272787362318e-02
6.674725227887080836e-02
6.670274125182776292e-02
6.665828952804990493e-02
6.661389698915838598e-02
6.656956351708899489e-02
6.652528899409113072e-02
6.648107330272684523e-02
6.643691632586964935e-02
6.639281794670361114e-02
6.634877804872230111e-02
6.630479651572772359e-02
6.626087323182931754e-02
6.621700808144298511e-02
6.617320094929002305e-02
6.612945172039615127e-02
6.608576028009048586e-02
6.604212651400455381e-02
6.599855030807129375e-02
6.595503154852408456e-02
6.591157012189566289e-02
6.586816591501730433e-02
6.582481881501772714e-02
6.578152870932206520e-02
6.573829548565111869e-02
6.569511903202013281e-02
6.565199923673793736e-02
6.560893598840604468e-02
6.556592917591759495e-02
6.552297868845648188e-02
6.548008441549632574e-02
6.543724624679955748e-02
6.539446407241657211e-02
6.535173778268460465e-02
6.530906726822693908e-02
6.526645241995195079e-02
6.522389312905212122e-02
6.518138928700321910e-02
6.513894078556321798e-02
6.509654751677158846e-02
6.505420937294814632e-02
6.501192624669242803e-02
6.496969803088245565e-02
6.492752461867416780e-02
6.488540590350025394e-02
6.484334177906937724e-02
6.480133213936527248e-02
6.475937687864591341e-02
6.471747589144247192e-02
6.467562907255862414e-02
6.463383631706949572e-02
6.459209752032092633e-02
6.455041257792855369e-02
6.450878138577686993e-02
6.446720384001849991e-02
6.442567983707320201e-02
6.438420927362704937e-02
6.434279204663172214e-02
6.430142805330336941e-02
6.426011719112202647e-02
6.421885935783064325e-02
6.417765445143422398e-02
6.413650237019906386e-02
6.409540301265186091e-02
6.405435627757889716e-02
6.401336206402526152e-02
6.397242027129386444e-02
6.393153079894488278e-02
6.389069354679459412e-02
6.384990841491493263e-02
6.380917530363235113e-02
6.376849411352725205e-02
6.372786474543304380e-02
6.368728710043533581e-02
6.364676107987121689e-02
6.360628658532842261e-02
6.356586351864450257e-02
6.352549178190611268e-02
6.348517127744807143e-02
6.344490190785279093e-02
6.340468357594931936e-02
6.336451618481259151e-02
6.332439963776279046e-02
6.328433383836430670e-02
6.324431869042526633e-02
6.320435409799654569e-02
6.316443996537111916e-02
6.312457619708324030e-02
6.308476269790763702e-02
6.304499937285895639e-02
6.300528612719075161e-02
6.296562286639494077e-02
6.292600949620087702e-02
6.288644592257480737e-02
6.284693205171892894e-02
6.280746779007077840e-02
6.276805304430245480e-02
6.272868772131987014e-02
6.268937172826206938e-02
6.265010497250045329e-02
6.261088736163804291e-02
6.257171880350879956e-02
6.253259920617688927e-02
6.249352847793596816e-02
