0.000000000000000000e+00
0.000000000000000000e+00
4.721185439814740842e-02
3.637388334203822682e-02
2.304735202526543916e-02
1.269035880442084992e-02
6.185347135967789872e-03
2.738010197341132941e-03
1.193107076663323584e-03
6.080587487608084263e-04
4.040316631982188980e-04
3.088185578478766535e-04
2.376816226585139451e-04
1.738129289343794462e-04
1.324286023243217395e-04
1.100002487715686159e-04
9.972015681089543252e-05
9.601774880206920466e-05
9.230770835495063283e-05
8.875825981300004581e-05
8.721360405665608793e-05
8.798907424326945126e-05
9.177051583539669257e-05
9.753506931188485210e-05
1.039804336485149688e-04
1.110190511583962199e-04
1.183780753173179450e-04
1.257634392437056796e-04
1.331617437823318887e-04
1.405050231622745316e-04
1.477832208701572783e-04
1.549324554424595299e-04
1.618634214929104713e-04
1.687388054152720834e-04
1.757813489467418525e-04
1.830700785691880689e-04
1.906276911664725416e-04
1.982152804409320721e-04
2.056789263206499783e-04
2.130765078882830837e-04
2.205244794397908379e-04
2.281029787911335036e-04
2.357655696077735495e-04
2.434435423510078066e-04
2.510386396291261718e-04
2.584938859636332336e-04
2.657886195436707979e-04
2.729425723798345319e-04
2.799917738288657822e-04
2.869492261307444395e-04
2.937820330098125758e-04
3.004177590310601526e-04
3.070462253885872976e-04
3.139836347424264720e-04
3.211405823669566113e-04
3.284188320139096173e-04
3.354772155083385918e-04
3.421542198583002979e-04
3.484578923426481659e-04
3.545029947466041818e-04
3.604076293413339634e-04
3.663087066049780104e-04
3.722135812156386419e-04
3.780351993225931884e-04
3.837727294954954753e-04
3.894256739687600253e-04
3.948801512253004710e-04
4.001600194756866789e-04
4.053002696229696068e-04
4.102672840948856582e-04
4.151200658884283360e-04
4.198377224621289657e-04
4.244019116733060526e-04
4.287733120397413996e-04
4.329397703011922676e-04
4.369459340198098441e-04
4.407892850323833541e-04
4.444783452316668172e-04
4.480312872641412873e-04
4.514150507243612216e-04
4.546388775972784240e-04
4.576641149674019597e-04
4.605207403222840151e-04
4.631911578214418460e-04
4.656861110233004569e-04
4.679984591043968205e-04
4.701471924919127868e-04
4.721088270386792946e-04
4.739103749374613079e-04
4.755531950658706611e-04
4.770080742912150636e-04
4.782860922614045381e-04
4.793829519254046438e-04
4.803093394222034498e-04
4.810471402761042807e-04
4.816075316868299785e-04
4.819875172334186575e-04
4.821911787601148159e-04
4.822224914016689005e-04
4.820662860526592772e-04
4.817399047696760265e-04
4.812839438557130352e-04
4.806224100763185447e-04
4.798084777003336333e-04
4.788512186990903315e-04
4.777196677892705341e-04
4.764573432503920402e-04
4.750014146813975251e-04
4.734005443597463130e-04
4.716162035781829086e-04
4.696693881951521086e-04
4.675999876289055985e-04
4.653856462391921679e-04
4.630300788551253545e-04
4.605033258889019835e-04
4.578906617861849024e-04
4.550911303170996377e-04
4.521517770922780328e-04
4.491569157774439832e-04
4.460269569949542310e-04
4.426789648240162596e-04
4.393377505805967382e-04
4.357949665275564848e-04
4.321028762588950516e-04
4.283510912320431254e-04
4.245039673250665759e-04
4.205281504805234781e-04
4.164697446165110690e-04
4.122959835470616343e-04
4.080511101997189656e-04
4.036660625123421526e-04
3.992213565231443454e-04
3.946853928433383509e-04
3.900990092242291618e-04
3.854312180971357729e-04
3.806528876457437329e-04
3.758378072591052788e-04
3.709558573930950677e-04
3.660114306246726014e-04
3.610409974557150011e-04
3.559835079812385451e-04
3.508441301281978804e-04
3.457206216739757971e-04
3.405222806338587655e-04
3.353138595684968448e-04
3.300972460389766890e-04
3.247864029347233782e-04
3.195021100079415495e-04
3.141877579460787898e-04
3.088740804026045479e-04
3.035347180183622126e-04
2.981994490724434793e-04
2.928424731016492457e-04
2.874926610504333914e-04
2.821774046626106497e-04
2.768447322691948193e-04
2.715479196329246832e-04
2.662868948414858676e-04
2.610365617826341644e-04
2.557977603241311736e-04
2.505956748678691030e-04
2.454301507152274481e-04
2.403010240748566122e-04
2.352081227328524338e-04
2.301721641963803196e-04
2.251692662273920183e-04
2.202378614399926342e-04
2.153227180387067496e-04
2.105128213389187723e-04
2.057333129888611371e-04
2.010381544467474736e-04
1.964232420234058869e-04
1.918698467946566410e-04
1.873788546311934585e-04
1.830088630801525874e-04
1.786974621276007133e-04
1.744878801070278633e-04
1.703615517253272670e-04
1.663638070647139070e-04
1.624306756599057930e-04
1.586031797613410657e-04
1.548804606015411010e-04
1.512729779099289623e-04
1.477645753459660906e-04
1.443655961354670309e-04
1.411005118939248322e-04
1.379403225968124603e-04
1.349072589962293308e-04
1.319960506738771238e-04
1.292086054564143204e-04
1.265536364957246221e-04
1.240274599698470385e-04
1.216315886294312503e-04
1.193707877893575829e-04
1.172462641301668843e-04
1.152591326718126522e-04
1.134120480637836162e-04
1.117107370796555294e-04
1.101510858024306135e-04
1.087354156790473303e-04
1.074674764554860737e-04
1.063492793126699789e-04
1.053796484211990672e-04
1.045619623851995445e-04
1.038949180240974601e-04
1.033831709849333613e-04
1.030267341736559780e-04
1.028241174120170834e-04
1.027781807125368918e-04
1.028873383520156957e-04
1.031571123283007155e-04
1.035843468832063391e-04
1.041715278605959073e-04
1.049168714153305700e-04
1.058172527488425598e-04
1.068939753583844935e-04
1.081179192162846681e-04
1.095034906038179181e-04
1.110474236205435603e-04
1.127452267635749370e-04
1.146119166028677753e-04
1.166337563655714182e-04
1.188241138476294568e-04
1.211681695709099964e-04
1.236640574863068123e-04
1.263185907478798597e-04
1.291493295859980940e-04
1.321197652408135194e-04
1.352499802102799336e-04
1.385235386120549827e-04
1.419600158618176944e-04
1.455431079327649516e-04
1.492802813750692206e-04
1.531787152030942472e-04
1.572110322631095115e-04
1.613960654274799870e-04
1.657295159064943761e-04
1.701960577037849010e-04
1.748250305135742595e-04
1.795790445012240724e-04
1.844762325147367263e-04
1.895125557055589861e-04
1.946733943761046063e-04
1.999869680852276019e-04
2.054174868576744844e-04
2.109824195233125400e-04
2.166676240764521684e-04
2.224799028874317936e-04
2.284359912739488340e-04
2.344915037050540412e-04
2.406835461811565352e-04
2.469784928419750409e-04
2.533831755958565772e-04
2.598944145064588764e-04
2.665285105986709086e-04
2.732531110153622075e-04
2.801036981085500512e-04
2.870198771893381047e-04
2.940559308482643434e-04
3.011804848982029296e-04
3.083908827383296104e-04
3.156845333549311789e-04
3.230771465745796867e-04
3.305477441458531105e-04
3.380939263704624124e-04
3.457044388617578159e-04
3.534125857497819002e-04
3.611628582782765704e-04
3.690059683746831163e-04
3.768959579758956882e-04
3.848483202294211854e-04
3.928439891089450641e-04
4.009236778506560547e-04
4.090177072107734676e-04
4.171918302634397839e-04
4.253774400651159156e-04
4.336147386492205909e-04
4.418938132953692077e-04
4.501969266666645559e-04
4.585309707658834395e-04
4.668866662229975207e-04
4.752708504484293118e-04
4.836665450918020454e-04
4.920728810719056205e-04
5.004967747653776269e-04
5.089372390331465710e-04
5.173780021526778626e-04
5.258184452044937672e-04
5.342579663587486687e-04
5.426884834937548445e-04
5.511021368078276904e-04
5.595504384560721434e-04
5.679513054794994679e-04
5.762832355292944438e-04
5.846484730312543612e-04
5.929378365409062939e-04
6.012666420250898161e-04
6.094702526457807922e-04
6.176987050433245790e-04
6.259159303162166411e-04
6.340102755477182786e-04
6.420804082856629335e-04
6.500850787298477354e-04
6.580659806969083340e-04
6.660298402891993898e-04
6.738956918982926588e-04
6.816783190774557697e-04
6.893456192804372140e-04
6.970973990092595900e-04
7.046691695900438295e-04
7.121942644627997279e-04
7.196731130348125137e-04
7.269774595091150734e-04
7.343019722661802470e-04
7.415187755606845055e-04
7.485663507920706184e-04
7.555729166861526944e-04
7.624141685754885246e-04
7.692786174875343875e-04
7.759807716263032252e-04
7.825844316594201362e-04
7.890910438313714862e-04
7.954416181723516620e-04
8.016987100750011790e-04
8.079233528889989430e-04
8.138785762693029769e-04
8.198047357231653736e-04
8.256434485659458174e-04
8.312795299003164235e-04
8.368320856757559051e-04
8.421872753127924126e-04
8.474627145107544888e-04
8.526027169787995120e-04
8.576094311223795034e-04
8.625411235881530383e-04
8.672314048715533755e-04
8.717952907402366520e-04
8.762899389835030785e-04
8.805518289320293877e-04
8.847483735513160530e-04
8.887721152125686733e-04
8.926258696416747252e-04
8.963659669211325584e-04
8.999409425328412778e-04
9.033534790731822433e-04
9.066062137125006177e-04
9.097540718962695682e-04
9.126946360697367304e-04
9.154830484129530387e-04
9.181732110778192783e-04
9.206132318211847831e-04
9.229598075304512508e-04
9.251132757762244247e-04
9.271270776642850800e-04
9.289534734415270251e-04
9.306452426419898520e-04
9.322045616732626497e-04
9.335844090523162143e-04
9.347388234953835995e-04
9.357687309857063351e-04
9.366278005231619625e-04
9.373668963497132269e-04
9.378923321638857639e-04
9.383502532813760288e-04
9.385052869259286144e-04
9.385975446521134481e-04
9.385344917679249756e-04
9.382256107828657954e-04
9.378137136643974496e-04
9.372544639714308233e-04
9.365044903102961657e-04
9.355668931871177806e-04
9.345352876241195183e-04
9.332761017768073869e-04
9.319274207483048324e-04
9.304016030397346555e-04
9.287458500855991618e-04
9.269181979203433000e-04
9.249214372486094880e-04
9.228019415182794677e-04
9.205617263150529936e-04
9.180300913631385352e-04
9.154693668964173541e-04
9.127092233911601087e-04
9.097953725026609048e-04
9.067725945971372853e-04
9.036006343076076952e-04
9.002819193636539541e-04
8.968188394281518443e-04
8.931309152285794558e-04
8.894689568239604787e-04
8.855867489887300336e-04
8.816509372260809135e-04
8.775001761005317511e-04
8.732590001561037901e-04
8.688887698478559886e-04
8.643915974841621334e-04
8.597695627161616727e-04
8.550247130902057175e-04
8.501590645898693312e-04
8.451746021677478170e-04
8.400732802672524315e-04
8.348182396765587397e-04
8.295277263213104296e-04
8.240872551770806777e-04
8.185374473337829037e-04
8.128801121802277634e-04
8.071170315282058180e-04
8.012876127935710142e-04
7.953930329823380311e-04
7.893225907523866410e-04
7.832274789404643830e-04
7.769974919113806352e-04
7.707082935483119002e-04
7.643609574842008189e-04
7.579201460960082641e-04
7.514236440621408376e-04
7.448364256092836243e-04
7.381241375296614289e-04
7.313959030433789255e-04
7.245811084645341956e-04
7.177519436300937479e-04
7.108032452308861394e-04
7.038069986464487015e-04
6.967641065114853942e-04
6.896407535171098641e-04
6.825073857602524663e-04
6.753299973129671396e-04
6.680752170450029179e-04
6.608124797776935818e-04
6.535082284637872951e-04
6.461632737275216061e-04
6.387784138794488356e-04
6.313878701843280957e-04
6.239586743948455014e-04
6.165247209037862325e-04
6.090863089854036717e-04
6.015780797852371929e-04
5.940665734937480152e-04
5.865845964193905663e-04
5.790672173175249278e-04
5.715473814223189083e-04
5.639932635311911647e-04
5.564694448735505155e-04
5.489757463196741870e-04
5.414170157877024004e-04
5.339204175767165968e-04
5.264225944983376253e-04
5.189237865304568856e-04
5.114553266378750202e-04
5.040170327710453676e-04
4.965779020268151116e-04
4.891995358722429042e-04
4.818202462269609580e-04
4.744706763164756444e-04
4.671809318192570457e-04
4.598901372913078421e-04
4.526585537297592447e-04
4.454856152234862180e-04
4.383410039535630865e-04
4.312245541860402283e-04
4.241656024763974949e-04
4.171342297423041140e-04
4.102180174205931340e-04
4.033283115704360076e-04
3.964939586061823752e-04
3.896855652967203703e-04
3.829892323351746742e-04
3.763464601602337068e-04
3.697282430677603041e-04
3.632195978496506649e-04
3.567910473471297091e-04
3.504417504792713394e-04
3.441428514115186794e-04
3.379496960690419097e-04
3.317777504750865939e-04
3.257376030636635026e-04
3.197726476694118226e-04
3.138821007133066462e-04
3.080651877515460258e-04
3.023755715006600192e-04
2.967305144378900054e-04
2.912105764648150364e-04
2.857874739970592878e-04
2.804601501602952307e-04
2.752009041250776697e-04
2.700621261014269389e-04
2.650424677032153504e-04
2.600826705021058445e-04
2.552424390655396022e-04
2.505204359956009035e-04
2.458919310828452443e-04
2.413740360671324723e-04
2.369319825966164706e-04
2.326369080854804954e-04
2.284308421734103074e-04
2.243535962178561170e-04
2.203808727412160480e-04
2.164938144328596424e-04
2.127468916835797421e-04
2.090858459166399798e-04
2.055622036585596157e-04
2.021594829078085629e-04
1.988515429508790240e-04
1.956620243052596393e-04
1.926043537398258710e-04
1.896623504154017475e-04
1.868298403318274076e-04
1.841274706720858812e-04
1.815344124287438399e-04
1.790614990845431145e-04
1.767025790870255816e-04
1.744659443619112115e-04
1.723454554017255435e-04
1.703445569699105211e-04
1.684642707671203188e-04
1.667032420407178782e-04
1.650624777269040422e-04
1.635359525294697951e-04
1.621316973439997208e-04
1.608436994717355286e-04
1.596729639196294709e-04
1.586204752115793386e-04
1.576871977059819262e-04
1.568672240158881835e-04
1.561638325396599489e-04
1.555757137137846332e-04
1.551038308481609098e-04
1.547423791657990221e-04
1.544990827343395879e-04
1.543681489870725129e-04
1.543460916438059091e-04
1.544361195563445708e-04
1.546391813591113846e-04
1.549496088879661801e-04
1.553705782299150649e-04
1.558986648749425001e-04
1.565304906436500241e-04
1.572713900643222921e-04
1.581136620075110203e-04
1.590647699556335594e-04
1.601127778058146706e-04
1.612630001981329639e-04
1.625164155460368171e-04
1.638655067194212146e-04
1.653134200590463245e-04
1.668506293778294382e-04
1.684824163005204138e-04
1.702077165349836824e-04
1.720275583804747497e-04
1.739367315542706077e-04
1.759362949680609264e-04
1.780252303699066943e-04
1.801717671368272271e-04
1.824365471375303908e-04
1.847734570890267587e-04
1.871938492283402864e-04
1.896826297392435713e-04
1.922712475412438398e-04
1.949124207752690860e-04
1.976195378795565750e-04
2.004038018313697054e-04
2.032663249252234070e-04
2.061864344406588430e-04
2.092028999848597154e-04
2.122557017838615256e-04
2.153639774742007200e-04
2.185270841894532232e-04
2.217832681016384112e-04
2.250733724873198291e-04
2.284162858467719825e-04
2.318306312591735495e-04
2.352772589213166692e-04
2.387748726199222043e-04
2.423038405992478973e-04
2.458827438597663739e-04
2.495109994348045979e-04
2.531880306296932287e-04
2.568944922283924559e-04
2.606487240614579690e-04
2.644128756635815238e-04
2.682239411523482174e-04
2.720628533921666103e-04
2.759292591254175822e-04
2.798228089472467998e-04
2.837431572604275911e-04
2.876534301721139861e-04
2.916264779433559696e-04
2.955890250103282457e-04
2.995953513279207966e-04
3.035728666438799236e-04
3.076115868851441132e-04
3.116213350100946878e-04
3.156558479563764739e-04
3.196970301870540542e-04
3.237270282202871089e-04
3.277812037589161774e-04
3.317888478371500030e-04
3.358380631354943697e-04
3.398584373165586280e-04
3.438850394411989420e-04
3.479177407643844534e-04
3.519044877502525105e-04
3.558974248160820357e-04
3.598792306914475134e-04
3.638328125669547169e-04
3.677583844791418679e-04
3.716902086034226086e-04
3.755942215158396161e-04
3.794537197948101548e-04
3.832859358322424559e-04
3.871078781885564668e-04
3.909028379382751281e-04
3.946376305501469637e-04
3.983627007737784481e-04
4.020283281755705610e-04
4.056846266975390383e-04
4.092986730999085979e-04
4.128872444120658012e-04
4.164341588238573092e-04
4.199071246663496344e-04
4.233718667380252328e-04
4.267635527836129172e-04
4.301151566928611714e-04
4.334109003429365025e-04
4.366512677372854983e-04
4.398527464455556646e-04
4.429997015865655007e-04
4.460926046293568195e-04
4.491160668883887089e-04
4.520865075371864128e-04
4.550043844561558310e-04
4.578544455648691776e-04
4.606529452488150188e-04
4.633691144096026022e-04
4.660348038344091278e-04
4.686659577561385574e-04
4.711855597774448250e-04
4.736562665154464102e-04
4.760477717697560716e-04
4.783914125140268378e-04
4.806723330481182943e-04
4.828454225463244031e-04
4.849875196173341154e-04
4.870232493987701927e-04
4.889988075484666104e-04
4.908996899381986309e-04
4.927265597378461051e-04
4.944800740734148778e-04
4.961459897296650054e-04
4.977250892039697004e-04
4.992625570270509952e-04
5.007144803298044450e-04
5.020669097402798674e-04
5.033500716354596732e-04
5.045499577334863458e-04
5.056818891073112249e-04
5.067319346361519577e-04
5.077008242039340868e-04
5.085892811067378684e-04
5.093836197321038222e-04
5.101133986838170525e-04
5.107505602328363866e-04
5.113244762193929795e-04
5.118072495892639438e-04
5.121996936720445755e-04
5.125167587504723607e-04
5.127450146986008411e-04
5.129133732338428528e-04
5.129803143837693546e-04
5.129746947410182122e-04
5.129110956727108653e-04
5.127344622222143209e-04
5.125012085051157927e-04
5.121842187098848932e-04
5.117704692672287413e-04
5.112882802318682429e-04
5.107382626723344600e-04
5.100800771680169803e-04
5.093691181517783677e-04
5.085787226159894881e-04
5.077095986003478520e-04
5.067489590518856578e-04
5.057379661149940218e-04
5.046234325973616291e-04
5.034463901298669468e-04
5.021807346037690566e-04
5.008671338222987291e-04
4.994530022442239753e-04
4.979656633304146377e-04
4.964321267366391885e-04
4.948002516399005327e-04
4.931102149092304399e-04
4.913494754108067245e-04
4.895186645516441670e-04
4.876313975374779058e-04
4.856622789444766611e-04
4.836378654800991867e-04
4.815329000620187957e-04
4.793737803031293001e-04
4.771481909246793251e-04
4.748567263683464473e-04
4.725127076577711051e-04
4.700912193566647861e-04
4.676309277520687116e-04
4.650943207610904210e-04
4.625198395280291750e-04
4.598701781895159039e-04
4.571835547495366214e-04
4.544353496569148538e-04
4.516261145203368465e-04
4.487812195534843728e-04
4.458762443291216571e-04
4.429240694401958655e-04
4.399374327733723139e-04
4.368798378606175183e-04
4.337886305493210914e-04
4.306641273589252540e-04
4.274944710608121531e-04
4.242557997459095345e-04
4.209971385029040729e-04
4.177186907820223233e-04
4.143845483965157613e-04
4.110192172127403510e-04
4.076229934566325051e-04
4.041842335248287924e-04
4.007509448256990256e-04
3.972518908597036554e-04
3.937231692058296975e-04
3.901768698843673371e-04
3.866014024247784852e-04
3.829970456749055819e-04
3.793874965185446680e-04
3.757378026794369261e-04
3.720716250689841170e-04
3.683891385459459283e-04
3.646789330753623165e-04
3.609759305445199985e-04
3.572455511739144104e-04
3.535110367028151956e-04
3.497495443174718482e-04
3.459727605931773621e-04
3.422150406828175636e-04
3.384535392912461612e-04
3.346769917896552367e-04
3.308855598008747100e-04
3.271019537427403263e-04
3.233149065997098026e-04
3.195357013846640212e-04
3.157307607495600413e-04
3.119449514957300051e-04
3.081670358379737891e-04
3.043969909932214748e-04
3.006237276702798515e-04
2.968583484495971344e-04
2.931118384916619871e-04
2.893621297449993973e-04
2.856421367554307241e-04
2.819298213953942917e-04
2.782251617455241467e-04
2.745389997540205701e-04
2.708712281018939836e-04
2.672217402136022675e-04
2.636012088414840088e-04
2.599879435185147177e-04
2.563926467435933393e-04
2.528366036205278457e-04
2.493088775680215121e-04
2.457986449817761926e-04
2.422951941366569559e-04
2.388408422644259122e-04
2.354141306549799783e-04
2.320254083986026848e-04
2.286534119779327467e-04
2.253294695808072867e-04
2.220219005036139313e-04
2.187618735050568487e-04
2.155386608486649705e-04
2.123520112578572113e-04
2.091913346569286981e-04
2.060667770644816917e-04
2.029986679829905052e-04
1.999660824506187772e-04
1.969687785912437256e-04
1.940167255583661351e-04
1.911096070725584717e-04
1.882369517907926291e-04
1.854187886704209548e-04
1.826345191679847393e-04
1.798839129913200633e-04
1.772069609911072579e-04
1.745630136246483410e-04
1.719818592859940088e-04
1.694430907021916854e-04
1.669663202677793923e-04
1.645213181314840662e-04
1.621375804112106802e-04
1.597949112801291512e-04
1.575127335704067902e-04
1.552906155863940734e-04
1.531085183701767240e-04
1.509759440375716365e-04
1.489120557005400869e-04
1.468774320427041402e-04
1.449204138709818531e-04
1.430017068124484901e-04
1.411403638190660134e-04
1.393456125350031355e-04
1.375977518882188046e-04
1.359156277820058932e-04
1.342796403274332815e-04
1.327085463387669419e-04
1.311923640384445987e-04
1.297307029162199333e-04
1.283231753018136852e-04
1.269788441725214125e-04
1.256878333821533848e-04
1.244497638972808537e-04
1.232830168326148564e-04
1.221590139013131184e-04
1.210961191893513621e-04
1.200845863183914590e-04
1.191426256685080973e-04
1.182512092798267210e-04
1.174192205684163910e-04
1.166370153875145334e-04
1.159226358968123717e-04
1.152572458561630355e-04
1.146496506069595486e-04
1.141085697654542578e-04
1.136153091081202736e-04
1.131786162055889618e-04
1.127890219644895063e-04
1.124642796611855796e-04
1.121858816316589376e-04
1.119805008260339328e-04
1.118116985431568078e-04
1.116971306136848777e-04
1.116453472604825282e-04
1.116380702884709299e-04
1.116927709183529184e-04
1.117912615130664110e-04
1.119420819133581019e-04
1.121448592758225900e-04
1.123992234064291720e-04
1.126960174698289890e-04
1.130612443176913973e-04
1.134506780991903442e-04
1.138990536091305641e-04
1.143972448569702396e-04
1.149448968962569730e-04
1.155329914479489038e-04
1.161785305630490728e-04
1.168638552552860754e-04
1.175886810230617960e-04
1.183698953590645096e-04
1.191728377137384011e-04
1.200315297440135919e-04
1.209370504105028096e-04
1.218635502088273332e-04
1.228448176701494351e-04
1.238635324345572076e-04
1.249194262355540416e-04
1.260122326879258654e-04
1.271332800995098608e-04
1.282991395675005003e-04
1.295011236066658834e-04
1.307389732127909893e-04
1.320041012802401542e-04
1.333046206197644791e-04
1.346402774166067747e-04
1.360025469644092608e-04
1.373912358304057947e-04
1.388143867553771709e-04
1.402717525328239236e-04
1.417384959510009743e-04
1.432472556599272758e-04
1.447732533512468872e-04
1.463163596298230863e-04
1.479008145531154862e-04
1.494939069448904452e-04
1.511117378733351836e-04
1.527460592507390985e-04
1.544047961780832816e-04
1.560797393201524832e-04
1.577707662356797797e-04
1.594857504149711921e-04
1.612085629675800839e-04
1.629550562672843711e-04
1.647012338960637660e-04
1.664708549967126134e-04
1.682558430502120728e-04
1.700403055991924275e-04
1.718399733409479535e-04
1.736468782543613911e-04
1.754609584110380634e-04
1.772821523268427774e-04
1.791181992545863566e-04
1.809534206429878628e-04
1.827878083801669879e-04
1.846291028480394217e-04
1.864772445609480685e-04
1.883167462472567014e-04
1.901630457462083913e-04
1.920007244407784480e-04
1.938528151375385768e-04
1.956886243695066859e-04
1.975235049017668386e-04
1.993498369694050832e-04
2.011752594454132030e-04
2.030073442453109167e-04
2.048082217452355715e-04
2.066233595640834129e-04
2.084150039218712533e-04
2.101983218235707585e-04
2.119733549834275658e-04
2.137326646388716959e-04
2.154912687763948316e-04
2.172342641070669055e-04
2.189543084466009340e-04
2.206663696962778273e-04
2.223630883757880502e-04
2.240371689048694845e-04
2.256961136110915381e-04
2.273473602548682583e-04
2.289689407253558972e-04
2.305756747554923460e-04
2.321603431699521174e-04
2.337303654296069575e-04
2.352712801052892551e-04
2.367905207411038170e-04
2.382882162142311363e-04
2.397644945959006972e-04
2.412122728900416258e-04
2.426389186860313722e-04
2.440373780524033556e-04
2.454149858645338945e-04
2.467647170837666175e-04
2.480867404508544489e-04
2.493741051833267986e-04
2.506412299769729727e-04
2.518740585244042028e-04
2.530798737044279460e-04
2.542517806666686137e-04
2.553970298892913266e-04
2.565087541761202272e-04
2.575871582640904575e-04
2.586394443777837175e-04
2.596657704545057648e-04
2.606453855063050966e-04
2.615924867388931129e-04
2.625142126260007779e-04
2.634037911827184059e-04
2.642545075471982338e-04
2.650734965115244418e-04
2.658540695484539027e-04
2.665964621391425128e-04
2.673077616433929883e-04
2.679744796480521040e-04
2.686173645564839249e-04
2.692161290403896124e-04
2.697846369842719330e-04
2.703162907007829901e-04
2.708113158986974250e-04
2.712631826660788720e-04
2.716788961225582348e-04
2.720654039887722767e-04
2.724161722232177718e-04
2.727180225537131561e-04
2.729846248010945296e-04
2.732228658160407641e-04
2.734196044881531153e-04
2.735684516715103810e-04
2.736829609733579900e-04
2.737699590801631480e-04
2.738164088784546626e-04
2.738159695956253123e-04
2.737820801380860835e-04
2.737149455147677062e-04
2.736147694794387577e-04
2.734686833596657474e-04
2.732769682890577438e-04
2.730594307105631106e-04
2.728097334885412227e-04
2.725021435068724967e-04
2.721758312397446139e-04
2.718050870720516263e-04
2.714030693643052915e-04
2.709635398894321388e-04
2.704867284550454827e-04
2.699920763437370906e-04
2.694413461015772861e-04
2.688603936049592785e-04
2.682430389580591499e-04
2.675958580720691027e-04
2.669126942412397541e-04
2.661811131209197950e-04
2.654329835216940616e-04
2.646432009207527530e-04
2.638245986789410709e-04
2.629773542753206274e-04
2.620891153574764101e-04
2.611663841032989849e-04
2.602218508033983697e-04
2.592369700533124531e-04
2.582244173749730564e-04
2.571781611840393109e-04
2.561045980706957775e-04
2.549977188679383461e-04
2.538638933000220122e-04
2.527032877900042395e-04
2.515160677613906509e-04
2.503023976447556545e-04
2.490624408843137932e-04
2.477902550821622181e-04
2.465043163161550013e-04
2.451803896606904402e-04
2.438369132139303803e-04
2.424679527404713223e-04
2.410797110299620137e-04
2.396542094177061643e-04
2.382097390724573097e-04
2.367464194285184191e-04
2.352583712345591418e-04
2.337457476080804966e-04
2.322206499495613435e-04
2.306712338241126339e-04
2.291095525580650499e-04
2.275238068688141774e-04
2.259200740386149795e-04
2.242984677049060537e-04
2.226591008270797825e-04
2.209961918304533467e-04
2.193275339129714067e-04
2.176472986315088293e-04
2.159438428554474800e-04
2.142231587783674463e-04
2.124970298591476745e-04
2.107596711605096347e-04
2.090053423051594327e-04
2.072341507322550890e-04
2.054635805588593902e-04
2.036762939953743162e-04
2.018781671249168590e-04
2.000692720179211934e-04
1.982611767132307231e-04
1.964424120977801224e-04
1.946073228713246896e-04
1.927731583931809555e-04
1.909342189083552271e-04
1.890848480371836967e-04
1.872307980410163619e-04
1.853777775923131277e-04
1.835144683911454141e-04
1.816522399482084667e-04
1.797910961578863683e-04
1.779254117475598772e-04
1.760608409377929979e-04
1.741973874102074969e-04
1.723294575137145047e-04
1.704626732458374653e-04
1.686026143015081631e-04
1.667381211832393755e-04
1.648803392981720308e-04
1.630292407088974221e-04
1.611737287527274310e-04
1.593248861281684498e-04
1.574881988502280933e-04
1.556470982170787528e-04
1.538235910554452631e-04
1.519956570290954476e-04
1.501852209409268218e-04
1.483758072106723430e-04
1.465783240555084115e-04
1.447927142893942125e-04
1.430080570434139888e-04
1.412352000658591690e-04
1.394740869010429750e-04
1.377300632045733273e-04
1.359868676692894398e-04
1.342606501680621077e-04
1.325513254950286474e-04
1.308534469326924632e-04
1.291616077880605002e-04
1.274918099510609490e-04
1.258332755207236401e-04
1.241912733717424563e-04
1.225657207477348133e-04
1.209459292970183129e-04
1.193530486737982756e-04
1.177763718853506579e-04
1.162105440145497714e-04
1.146607776892567728e-04
1.131322473105205871e-04
1.116195992437694635e-04
1.101332251123469057e-04
1.086573110031988207e-04
1.072022399621485347e-04
1.057731124420495730e-04
1.043593992744303804e-04
1.029662115362837591e-04
1.015934444649799586e-04
1.002409938550912583e-04
9.890875605506516165e-05
9.760692894317688439e-05
9.631993055567701308e-05
9.505281878721817234e-05
9.381061486828138295e-05
9.258296345603056162e-05
9.136979194292542113e-05
9.019650302300516855e-05
8.904254411258588501e-05
8.790781669472107099e-05
8.680235790718725860e-05
8.571084029985339922e-05
8.465339189840861295e-05
8.361471383987618272e-05
8.259974182376387489e-05
8.161337608303180188e-05
8.064544144268703579e-05
7.970585286371325608e-05
7.878946785229354853e-05
7.789118027862180051e-05
7.703080892611307792e-05
7.618331129274608213e-05
7.536350310423259400e-05
7.457124095267915660e-05
7.379649718191961312e-05
7.305398366360752447e-05
7.233860789315767041e-05
7.164531308461312181e-05
7.097398555363242415e-05
7.032451221199150307e-05
6.971145151145062059e-05
6.911508719596032302e-05
6.854020703719743558e-05
6.799642949675778394e-05
6.747388128910473113e-05
6.698214801209052957e-05
6.650655304119975296e-05
6.606150519011333780e-05
6.563238012560137656e-05
6.523353702725472774e-05
6.485520872795403052e-05
6.450208631755877293e-05
6.417403955799995483e-05
6.387093888947236342e-05
6.358788371078254262e-05
6.332953413432722517e-05
6.309576254661212211e-05
6.288169513406713926e-05
6.269196895059995838e-05
6.252645829591568002e-05
6.238503812159787183e-05
6.226287000024606077e-05
6.216456051456908157e-05
6.208528874915544469e-05
6.202964612642754717e-05
6.199282914494515186e-05
6.197941413809145259e-05
6.198928032945377471e-05
6.201299280925561203e-05
6.205977883791631621e-05
6.212951937451869472e-05
6.221746257894745439e-05
6.232351447591467594e-05
6.245219911165094534e-05
6.259879012417595204e-05
6.276319504187981822e-05
6.294532186833270136e-05
6.314049304725201470e-05
6.336237562143545244e-05
6.359712090684014392e-05
6.384922481317369710e-05
6.411404283146171490e-05
6.439605610093886102e-05
6.469517581734048018e-05
6.501584529897853220e-05
6.533985766159256285e-05
6.569429240395785637e-05
6.605645024719650638e-05
6.643079150040868432e-05
6.682174624371749812e-05
6.722474284728565633e-05
6.763524040250691431e-05
6.806661138159625054e-05
6.850982216366358350e-05
6.896035544948109111e-05
6.942706874920990894e-05
6.990099718025448504e-05
7.038653565755089445e-05
7.088362373829182957e-05
7.139220128701525073e-05
7.190779749378466135e-05
7.243477857754393944e-05
7.296868902517931620e-05
7.351388078282248943e-05
7.406591355445075954e-05
7.462475082914374086e-05
7.519035628233119637e-05
7.576705346480297346e-05
7.634607978739091794e-05
7.693611164056148380e-05
7.752841581671068795e-05
7.812730934335047471e-05
7.872843339212173299e-05
7.933609084236425773e-05
7.995024676974194790e-05
8.056656426658785543e-05
8.118503009543339105e-05
8.180563108855609493e-05
8.243263502809103783e-05
8.306173388744817723e-05
8.368864797683281029e-05
8.432190504174202439e-05
8.495296573547448196e-05
8.559032984436036053e-05
8.622548618075291909e-05
8.686267487224594666e-05
8.749343356310739677e-05
8.812622724111056154e-05
8.875683230282933336e-05
8.938946113381436858e-05
9.001990396691448594e-05
9.063978804474752372e-05
9.126589704439369631e-05
9.188566762036061159e-05
9.250746826591164235e-05
9.312296016132457367e-05
9.373217161298885095e-05
9.433928049336630546e-05
9.494015166856173860e-05
9.553481309440002057e-05
9.613155167380661758e-05
9.671798641797250712e-05
9.730239736148884428e-05
9.787657296799086564e-05
9.844466344030713490e-05
9.900669600042936200e-05
9.955860808533148931e-05
1.001086125662376138e-04
1.006485635281037950e-04
1.011866472258165101e-04
1.017066170158709100e-04
1.022247855539916634e-04
1.027371091535388440e-04
1.032355262305215571e-04
1.037241390405889093e-04
1.042029927633770424e-04
1.046801812810556988e-04
1.051436566703599541e-04
1.055934828211431230e-04
1.060377337250532095e-04
1.064684367111637029e-04
1.068896472986008547e-04
1.073014091937772997e-04
1.076997861547904770e-04
1.080888138735995900e-04
1.084606011902157485e-04
1.088271111489758265e-04
1.091804584078655217e-04
1.095207041652190085e-04
1.098518513357585243e-04
1.101700060626265265e-04
1.104791582724733850e-04
1.107715027648680141e-04
1.110510351220502515e-04
1.113178148774475066e-04
1.115758060865068579e-04
1.118133533192547483e-04
1.120422296795611322e-04
1.122585887887776838e-04
1.124624887960803883e-04
1.126501133781194342e-04
1.128215383719684891e-04
1.129845633791497835e-04
1.131315152132998371e-04
1.132701686896559308e-04
1.133890303281144719e-04
1.134958682954913039e-04
1.135907384738024960e-04
1.136698705040460155e-04
1.137371576562615932e-04
1.137888409262727236e-04
1.138249929279839336e-04
1.138532903511540041e-04
1.138623807873189012e-04
1.138561440112185070e-04
1.138384358571343911e-04
1.138093097028174897e-04
1.137612730756075609e-04
1.137057147825118214e-04
1.136238642283738618e-04
1.135421307710731065e-04
1.134417665547065110e-04
1.133266018599750173e-04
1.131967055130306786e-04
1.130596104263312436e-04
1.129041709439447246e-04
1.127341929426388845e-04
1.125497440231258472e-04
1.123583100673928198e-04
1.121488130821258903e-04
1.119250347784045722e-04
1.116944260674433351e-04
1.114459593130666479e-04
1.111870792262810171e-04
1.109141591150366327e-04
1.106272642411135107e-04
1.103264595659977926e-04
1.100154682761817838e-04
1.096943380060927707e-04
1.093594687884090325e-04
1.090109244748432778e-04
1.086524049160697249e-04
1.082839568003767682e-04
1.078983760974594664e-04
1.075102210780126731e-04
1.071050477340974622e-04
1.066865435454718302e-04
1.062619770999506777e-04
1.058277794783557644e-04
1.053732185196572393e-04
1.049163230194671685e-04
1.044463603305997043e-04
1.039669673299325049e-04
1.034817590580508647e-04
1.029871979995428360e-04
1.024797679728346777e-04
1.019630834145970199e-04
1.014371877631072927e-04
1.009056682900126946e-04
1.003614746574708091e-04
9.980819907295139179e-05
9.925294041831676448e-05
9.868161812594730404e-05
9.810837640493836286e-05
9.752268886076093329e-05
9.693513436194591904e-05
9.633521775022038007e-05
9.572998950435892087e-05
9.512296676419150292e-05
9.450718717705618448e-05
9.388269185383284329e-05
9.324952171900664777e-05
9.261812950247432299e-05
9.197464733834045372e-05
9.132951223203493820e-05
9.067927842011835784e-05
9.001707044978314869e-05
8.935672368759716962e-05
8.869135221718915251e-05
8.802098048703085463e-05
8.734906259150009141e-05
8.667218287435941339e-05
8.599036548473253420e-05
8.531046366952021315e-05
8.462224246007997138e-05
8.393254991156883188e-05
8.323799519883358258e-05
8.254878565716880837e-05
8.185134170681521376e-05
8.115247101670912757e-05
8.045218211370146026e-05
7.975048348386451675e-05
7.904738357269894353e-05
7.834289078533980836e-05
7.763701348676118924e-05
7.693311498497168877e-05
7.622783878667060064e-05
7.552453836785634857e-05
7.481986701600817197e-05
7.411383296219383506e-05
7.341310560012788184e-05
7.271101250277480518e-05
7.200756184755547663e-05
7.130939397113175064e-05
7.061317680977275172e-05
6.991559759670631577e-05
6.922326783235446411e-05
6.852627617549124979e-05
6.783781359788915470e-05
6.715127052902957882e-05
6.646664080545155876e-05
6.578719617448210741e-05
6.510637001532036813e-05
6.443070729981407313e-05
6.376018782948518688e-05
6.309153246156483938e-05
6.242798957255413911e-05
6.176953918503305858e-05
6.111291641366147507e-05
6.046459608797842501e-05
5.981807313562535213e-05
5.917657287041448738e-05
5.854007569680213721e-05
5.791178389659845259e-05
5.728522983525893619e-05
5.666362057510604904e-05
5.605335283996165505e-05
5.544476970361184801e-05
5.484106466966575988e-05
5.424541302188387847e-05
5.365778218295705381e-05
5.307495451406425848e-05
5.249691130285509771e-05
5.192998620612960213e-05
5.136779032752259464e-05
5.081030524302077690e-05
5.026067524460181368e-05
4.971886861133054770e-05
4.918485375468186193e-05
4.865859921792170176e-05
4.814007367549111944e-05
4.762924593239377440e-05
4.712608492358648962e-05
4.663055971337313522e-05
4.613951245227695605e-05
4.565917095392865033e-05
4.518949144490097265e-05
4.472420263800556495e-05
4.426950633916793324e-05
4.382225416688929193e-05
4.338551683915567333e-05
4.295615501995977986e-05
4.253413896585339469e-05
4.212252676568400441e-05
4.172127594837015448e-05
4.132418608126249261e-05
4.094046517203393288e-05
4.056391740000367201e-05
4.019451383365599820e-05
3.983528755862725371e-05
3.948619707070009178e-05
3.914414767203761958e-05
3.881216007254420259e-05
3.848714838575315375e-05
3.817516573782678263e-05
3.786704952047938698e-05
3.757188110052421667e-05
3.728657947442431145e-05
3.700808065681529454e-05
3.673937677633283880e-05
3.648042793573072511e-05
3.623119440231612316e-05
3.599163660719343499e-05
3.575871222947774579e-05
3.553539323599508120e-05
3.532463514725835125e-05
3.511741513158177545e-05
3.492267828710667271e-05
3.473739135830510705e-05
3.455853771929640701e-05
3.439203947068898400e-05
3.423190622411544098e-05
3.408107811487511094e-05
3.394247909876065851e-05
3.380718599912756168e-05
3.368404672529524149e-05
3.356711239435139997e-05
3.346224911139869708e-05
3.336058289289126815e-05
3.326797606056966077e-05
3.318732532716042630e-05
3.311272288137174336e-05
3.304706974931233428e-05
3.299032953660471068e-05
3.293954841111980419e-05
3.290052941938661932e-05
3.286449574405904666e-05
3.283724670451241390e-05
3.282164833959646985e-05
3.281185765573550864e-05
3.281074492967587955e-05
3.281249498779615698e-05
3.282575429877387815e-05
3.284471185119371969e-05
3.286934447637380379e-05
3.290250343385873951e-05
3.294415408991654157e-05
3.299139537763466087e-05
3.304420454901718017e-05
3.310541779262574053e-05
3.317500098575717766e-05
3.324721785102649984e-05
3.332490487432870018e-05
3.341372674650348504e-05
3.350227972812075850e-05
3.360190803561734528e-05
3.370690275715490422e-05
3.381441379041098507e-05
3.392725517980141147e-05
3.404822587758278167e-05
3.417165915790671923e-05
3.430035793136456746e-05
3.443711010650804039e-05
3.457627185104666739e-05
3.471783314794353196e-05
3.486738026185895787e-05
3.501929209231691820e-05
3.517914012094419511e-05
3.533853138965374846e-05
3.550581702271886830e-05
3.567540602202067169e-05
3.584728876127322490e-05
3.602422781379408721e-05
3.620343411225148214e-05
3.638766297850988920e-05
3.657413282414302729e-05
3.676007677116596288e-05
3.695375793279432930e-05
3.714964472588226652e-05
3.734498133535847414e-05
3.754525529282291320e-05
3.775044653345099887e-05
3.795506367799994404e-05
3.816184055231756450e-05
3.836803959584930029e-05
3.857911234986983621e-05
3.878959641407861008e-05
3.900221129768082612e-05
3.921966221853534333e-05
3.943379777655822742e-05
3.964733750426626942e-05
3.986569017670073522e-05
4.008613637096677398e-05
4.030327447423582367e-05
4.051980979246651136e-05
4.074112285450896386e-05
4.095913683362985438e-05
4.117922876492403683e-05
4.139871111781806540e-05
4.161758571585504019e-05
4.183585437617863930e-05
4.205618728004851658e-05
4.227324601646892892e-05
4.248970423525354000e-05
4.270556372819157387e-05
4.292348079414795244e-05
4.313549367236232056e-05
4.334427242549407307e-05
4.355776167595844651e-05
4.376802028877095326e-05
4.397506028055518358e-05
4.418152755111356858e-05
4.438479328135292676e-05
4.458749649133195273e-05
4.478701512536372662e-05
4.498598135066682286e-05
4.518177984899958584e-05
4.537442237804737637e-05
4.556392065068049212e-05
4.575028633514520410e-05
4.593873805304956345e-05
4.612406699195880196e-05
4.630109110961902464e-05
4.647762236799616480e-05
4.665107208392241982e-05
4.682145168101343742e-05
4.698618903540861054e-05
4.715046580241125112e-05
4.730912956520617662e-05
4.746734865303856683e-05
4.761998377853764994e-05
4.776962297921481478e-05
4.791371362127285323e-05
4.805483705070758737e-05
4.818788986840028487e-05
4.832311835708145775e-05
4.845286181517840119e-05
4.857968830268144923e-05
4.870615283722543737e-05
4.881955166900470952e-05
4.893516071247730064e-05
4.904029870660850480e-05
4.914766172113401241e-05
4.924460060327517393e-05
4.933872937722323817e-05
4.942753680315671426e-05
4.951104286234817270e-05
4.959429807350735047e-05
4.966976680794404068e-05
4.974249628445664463e-05
4.980497934393742084e-05
4.986726509211214319e-05
4.992435519216052649e-05
4.997626913888749068e-05
5.002302635362700903e-05
5.006464618454994025e-05
5.010114790697046467e-05
5.013006694686130614e-05
5.015639310863875914e-05
5.018013608990311075e-05
5.019635668496547038e-05
5.020755446586944680e-05
5.021374827714328635e-05
5.021495689256334576e-05
5.021119901544920526e-05
5.020003430103422211e-05
5.018640234217277239e-05
5.016785957516555172e-05
5.014442442444249021e-05
5.011366852789763809e-05
5.007806299131741385e-05
5.003762601587770164e-05
4.999237573466561499e-05
4.994233021296228393e-05
4.988750744852417151e-05
4.982792537186301484e-05
4.976117636512642840e-05
4.968970972887010038e-05
4.961596264142910617e-05
4.953269435624906535e-05
4.944718084917824636e-05
4.935702017172082233e-05
4.926222977481711036e-05
4.916282704441126236e-05
4.905882930171952375e-05
4.894785522187230787e-05
4.883472212189198696e-05
4.871465291740976220e-05
4.859006323861315854e-05
4.846335684031925621e-05
4.832977416606681464e-05
4.819410268583901855e-05
4.804921650747307605e-05
4.790465009885166433e-05
4.775328622901930871e-05
4.759988869075444548e-05
4.743973269698988337e-05
4.727757026808817827e-05
4.711104863215840309e-05
4.693782655247709167e-05
4.676263847289772443e-05
4.658314014474752981e-05
4.640169674600747230e-05
4.621127748576854983e-05
4.601894537705214646e-05
4.582704823136724416e-05
4.562623476943047202e-05
4.542354206108931510e-05
4.521897742042058749e-05
4.501021913605080817e-05
4.479960913251813021e-05
4.458250795356757560e-05
4.436126024122295097e-05
4.414051697339735326e-05
4.391564703642689453e-05
4.368666593285363490e-05
4.345589838120641183e-05
4.322104490253409544e-05
4.298442452760447679e-05
4.274144239403593776e-05
4.249901643988763974e-05
4.225484984487628084e-05
4.200894944639971002e-05
4.175903225921726790e-05
4.150740039151165395e-05
4.125177631181461832e-05
4.099445652389042835e-05
4.073544770937172785e-05
4.047475652510035618e-05
4.021238960322807065e-05
3.995062411818915899e-05
3.968265495243864156e-05
3.941530036527475436e-05
3.914629632421476660e-05
3.887564933945499100e-05
3.860336589709645149e-05
3.833170673510320216e-05
3.805841861958544165e-05
3.778125909499549528e-05
3.750473502388681970e-05
3.722660121003658107e-05
3.694910484498090418e-05
3.667000608158384450e-05
3.638707575500706718e-05
3.610925946416186920e-05
3.582538870565191136e-05
3.554439573820324485e-05
3.526182117131571281e-05
3.497767124312601108e-05
3.469417174349782445e-05
3.441353789514140963e-05
3.412911717176108836e-05
3.384534700351972132e-05
3.356443473512353673e-05
3.327975148268951639e-05
3.299792271865063488e-05
3.271673768681099953e-05
3.243399607791798878e-05
3.215629205550407058e-05
3.187264123955914146e-05
3.159401944489700963e-05
3.131603296418281876e-05
3.103649446274772309e-05
3.075977619292104146e-05
3.048150772861949148e-05
3.020605102886464463e-05
2.993122135563616441e-05
2.965701706874646521e-05
2.938560681427168652e-05
2.911481358352510044e-05
2.884680095314869585e-05
2.857723440071009569e-05
2.831044017007272864e-05
2.804209390799386909e-05
2.777651172683278280e-05
2.751583700757549296e-05
2.725575304429443153e-05
2.700055330563807819e-05
2.674593121856591073e-05
2.648974279218851570e-05
2.623627400938451898e-05
2.598765337239519600e-05
2.573745943785803230e-05
2.549209575777423387e-05
2.524728590490345486e-05
2.500515599984074632e-05
2.476569719072435979e-05
2.452890065597586861e-05
2.429475760418404654e-05
2.406114158858271843e-05
2.383016647657838636e-05
2.360393633000784579e-05
2.337821446351132722e-05
2.315721533489139620e-05
2.293671211062804551e-05
2.272090953169791827e-05
2.250769115979007199e-05
2.229704846989359910e-05
2.208687723804528497e-05
2.188136287177324445e-05
2.167839878205149353e-05
2.147797655934866355e-05
2.128217390132874896e-05
2.108680789640005548e-05
2.089603998404820857e-05
2.070756791374655422e-05
2.052325299321189686e-05
2.034121456969888939e-05
2.016185951267202971e-05
1.998662749105766101e-05
1.981385109115781735e-05
1.964517390278751782e-05
1.947748881249643409e-05
1.931532448913970767e-05
1.915701629061292843e-05
1.900255130661257014e-05
1.884924799773051788e-05
1.869956326257810465e-05
1.855246093865935692e-05
1.840752331893197980e-05
1.826515197962095437e-05
1.812778779968077711e-05
1.799561782924823095e-05
1.786455160537179888e-05
1.773682321499689329e-05
1.761242152698308134e-05
1.749133544784802237e-05
1.737375664687541201e-05
1.725947092000742854e-05
1.714826502163569215e-05
1.704073480494307442e-05
1.693666618183778760e-05
1.683544286266637653e-05
1.673745808696782921e-05
1.664270105861750411e-05
1.655136191318789970e-05
1.646302790961475543e-05
1.637768904155874726e-05
1.629573576726663447e-05
1.621695680294349699e-05
1.614094204054524945e-05
1.606828090354416513e-05
1.599876289246283034e-05
1.593217844273443775e-05
1.586871665291036650e-05
1.580816847506178068e-05
1.575072262757207234e-05
1.569636877361520457e-05
1.564470066295746780e-05
1.559610486435151054e-05
1.555037361209145818e-05
1.550730006005678717e-05
1.546726954188182193e-05
1.542987818645469208e-05
1.539551050712672240e-05
1.536376357839164261e-05
1.533462868000351557e-05
1.530829310965700865e-05
1.528455177900723519e-05
1.526339605600674951e-05
1.524481733742302671e-05
1.522880704873151114e-05
1.521535664400915463e-05
1.520445760582839835e-05
1.519571251456419628e-05
1.518930845572060254e-05
1.518562570859724590e-05
1.518407376565683047e-05
1.518483914159221184e-05
1.518772073980007538e-05
1.519271152043527213e-05
1.519999742653928717e-05
1.520937807812781718e-05
1.522103903883374045e-05
1.523458808505978579e-05
1.525001893310723825e-05
1.526694153095482380e-05
1.528611763872865574e-05
1.530715682134052135e-05
1.533024413792442604e-05
1.535479962865676548e-05
1.538100923647884110e-05
1.540886745154610899e-05
1.543836878225751232e-05
1.546931754618861748e-05
1.550189891529622283e-05
1.553629724234789397e-05
1.557155856854712205e-05
1.560843748784755775e-05
1.564655027908259417e-05
1.568608177625861822e-05
1.572627223739129923e-05
1.576749651708224710e-05
1.581144620003647135e-05
1.585585466989491475e-05
1.590090827008693885e-05
1.594566619603879183e-05
1.599387967413871863e-05
1.604160375090827101e-05
1.609033680471405218e-05
1.613988854569729499e-05
1.618913600967960016e-05
1.624050455972326693e-05
1.629435976762368864e-05
1.634511069672343162e-05
1.639797225888425106e-05
1.645200904914705624e-05
1.650443487214060004e-05
1.655914583059099607e-05
1.661354324012509617e-05
1.666762802437555440e-05
1.672287855331321588e-05
1.677781509413907733e-05
1.683391282004984981e-05
1.688969520947254373e-05
1.694534706991846382e-05
1.700068504292165007e-05
1.705607701941056430e-05
1.711243916426923538e-05
1.717013441827745270e-05
1.722513474463660993e-05
1.727982379204769816e-05
1.733310748326969216e-05
1.738790708615319065e-05
1.744385340241510980e-05
1.749694063242991765e-05
1.755153902939980847e-05
1.760346870698979938e-05
1.765672728466287120e-05
1.770859346180997192e-05
1.776070003784033046e-05
1.781413059194773664e-05
1.786490875121370125e-05
1.791448577344503378e-05
1.796430671033807212e-05
1.801293095494747263e-05
1.806018248653834502e-05
1.810732270263314424e-05
1.815614578735621703e-05
1.820127029088094574e-05
1.824628813205278100e-05
1.828941140429251016e-05
1.833421861915885556e-05
1.837535123681445691e-05
1.841638584268494522e-05
1.845554211616323812e-05
1.849460465165189091e-05
1.853179690349267720e-05
1.856712476812581714e-05
1.860414013301952760e-05
1.863752419611238090e-05
1.867259618396812306e-05
1.870404856836541338e-05
1.873542378752365462e-05
1.876495840979055800e-05
1.879265822863989714e-05
1.881852901920932368e-05
1.884433456939106969e-05
1.886831887005026409e-05
1.889224196774166504e-05
1.891435155150868714e-05
1.893465332335535778e-05
1.895315296728353351e-05
1.897160307413279243e-05
1.898651360173095293e-05
1.900138219501514811e-05
1.901620896161444611e-05
1.902577527191315636e-05
1.903704869487373973e-05
1.904481606193420692e-05
1.905082250291306370e-05
1.905680583059910597e-05
1.906103564612458758e-05
1.906178880984380462e-05
1.906425675220131980e-05
1.906325900529699043e-05
1.906052967144153078e-05
1.905951702080059407e-05
1.905505682495992886e-05
1.904715989858183492e-05
1.903926906732233214e-05
1.902795586449533953e-05
1.901665590199046822e-05
1.900365850255815350e-05
1.898896899465992059e-05
1.897429977957679800e-05
1.895624019525368053e-05
1.893650439078178592e-05
1.891509762824629837e-05
1.889202515328350002e-05
1.886899042125803755e-05
1.884260042844821943e-05
1.881456036474431161e-05
1.878656835173658399e-05
1.875693310014943540e-05
1.872565976630403324e-05
1.869275349044475121e-05
1.865821939679472441e-05
1.862206259361123519e-05
1.858428817324086512e-05
1.854490121217443018e-05
1.850558573914191566e-05
1.846298712853505460e-05
1.842046661658683723e-05
1.837300271155173554e-05
1.832729896305731576e-05
1.827833903554978729e-05
1.822947027011716378e-05
1.817902558007582466e-05
1.812700990960101698e-05
1.807509164157220169e-05
1.801828532740599534e-05
1.796324626324390824e-05
1.790499410155819575e-05
1.784850870964355829e-05
1.778881995686551416e-05
1.772593778889358868e-05
1.766317519228421295e-05
1.760053189857235432e-05
1.753471133184225032e-05
1.746901628106338266e-05
1.740180168163411390e-05
1.733307229782515821e-05
1.726447430097685344e-05
1.719272790579115127e-05
1.712111900462052382e-05
1.704801088909296873e-05
1.697504298872733341e-05
1.690058192449023778e-05
1.682626377438531723e-05
1.674882873949237497e-05
1.667154261322610005e-05
1.659277863730392144e-05
1.651254143956827012e-05
1.643245875282768850e-05
1.635090875996619833e-05
1.626789605380983095e-05
1.618666157448418448e-05
1.610380530666065548e-05
1.601852485711665241e-05
1.593518353655737384e-05
1.584877952901749245e-05
1.576286426189526147e-05
1.567518466508886904e-05
1.558815633952849203e-05
1.550049334823087671e-05
1.541203739771555736e-05
1.532311139993773518e-05
1.523339686013969920e-05
1.514305616502325871e-05
1.505193164113637373e-05
1.496146168215700724e-05
1.486893494999228437e-05
1.477706456490661254e-05
1.468553056311351962e-05
1.459337865873132421e-05
1.450156330589035738e-05
1.440897355172760883e-05
1.431434448064007728e-05
1.422148071759820469e-05
1.412895414267882792e-05
1.403439467448566561e-05
1.394017539674323506e-05
1.384519201360920955e-05
1.375054927293145493e-05
1.365734750365161878e-05
1.356212504423135258e-05
1.346834211835084441e-05
1.337489664432866461e-05
1.328037756254280292e-05
1.318635354010191172e-05
1.309235411118669737e-05
1.299759824622513592e-05
1.290536568189307560e-05
1.281097177535365704e-05
1.271675941270487169e-05
1.262381737793825838e-05
1.253120936153616842e-05
1.243738161836112460e-05
1.234497520599509358e-05
1.225150634340443045e-05
1.216053934078833426e-05
1.206850941298383173e-05
1.197758312985520131e-05
1.188683114719278879e-05
1.179640729441453944e-05
1.170631073038904711e-05
1.161638670799884627e-05
1.152755738424033031e-05
1.143905162371039112e-05
1.135102204972317394e-05
1.126346738092045341e-05
1.117638633961085215e-05
1.108993065008381679e-05
1.100425143672828682e-05
1.091888843914352874e-05
1.083429848652217081e-05
1.075032702323498949e-05
1.066697234601449523e-05
1.058423275649906932e-05
1.050241045480510189e-05
1.042119926141329366e-05
1.034059749390483940e-05
1.026090647360679700e-05
1.018197228493670656e-05
1.010364161356863714e-05
1.002636596056679593e-05
9.949689619137862593e-06
9.873761697839247538e-06
9.798881330301817467e-06
9.724744623990060410e-06
9.651349504497144213e-06
9.578844072615044471e-06
9.507375848209594356e-06
9.436642144371628065e-06
9.366790642122981117e-06
