0.000000000000000000e+00
0.000000000000000000e+00
9.109047899083605731e-09
2.768572159207305158e-09
1.147498132650207853e-09
5.680767462561222983e-10
3.156730713428519684e-10
1.903528655864830614e-10
1.219912425091869911e-10
8.196841869255146867e-11
5.719256444072394223e-11
4.116308556098196233e-11
3.039867842156987120e-11
2.294072065723641954e-11
1.763993589301370860e-11
1.378701025997270714e-11
1.093001120558516518e-11
8.774959872483600588e-12
7.124746651031330640e-12
5.843275310949768453e-12
4.835274407310821345e-12
4.034362860276991508e-12
3.391461393914210666e-12
2.870596469401353526e-12
2.445031749118856287e-12
2.094642959801762431e-12
1.804233636129137115e-12
1.561847611683260209e-12
1.358232427734697622e-12
1.186325818799094527e-12
1.040223498826505750e-12
9.155997710002120997e-13
8.087698890472174369e-13
7.168182881164049456e-13
6.373699381232592897e-13
5.683599407684935004e-13
5.082929704138180091e-13
4.557514842892787646e-13
4.097199683171791855e-13
3.692042648449543144e-13
3.334554843645203863e-13
3.018182795154394016e-13
2.737593845552633600e-13
2.488058983448464638e-13
2.265562378897322444e-13
2.066680989507084740e-13
1.888486574097672529e-13
1.728589024051083888e-13
1.584794034586948080e-13
1.455207699132204992e-13
1.338190439356095123e-13
1.232318733339293961e-13
1.136435924338100159e-13
1.049365319026692419e-13
9.702328228309258273e-14
8.981940035278120644e-14
8.325069570751401652e-14
7.724608666983246951e-14
7.175442730633922786e-14
6.672963807754246370e-14
6.211608514958588357e-14
5.788331098875033118e-14
5.399059108790602056e-14
5.040609079265439867e-14
4.710501004030368916e-14
4.405784927768952062e-14
4.124507525024295272e-14
3.864268347591622761e-14
3.623806344897665687e-14
3.400836767861177725e-14
3.194132922373438355e-14
3.002074797824670509e-14
2.823910050973915604e-14
2.658257092462743578e-14
2.503890906440367462e-14
2.360303991201195687e-14
2.226256620859449429e-14
2.101186203088379661e-14
1.984394891001954278e-14
1.875246656357350817e-14
1.773310782354663928e-14
1.677750652086965898e-14
1.588238739274359057e-14
1.504460465216805552e-14
1.425867814160186286e-14
1.352088716191078047e-14
1.282781515801078422e-14
1.217739378461270851e-14
1.156454239848513101e-14
1.098968136227488994e-14
1.044729281084826419e-14
9.937042024207731094e-15
9.455873769457583650e-15
9.001869647858098026e-15
8.574043294646838199e-15
8.169899524029896504e-15
7.787921969837328385e-15
7.427400149689233697e-15
7.086278842023584276e-15
6.763351187709890569e-15
6.458111748434267314e-15
6.168854063015368059e-15
5.894611386102378977e-15
5.635031116487522840e-15
5.388685623761021771e-15
5.155303003398802699e-15
4.933611566205380872e-15
4.722935269434032777e-15
4.523141303216940194e-15
4.333148355556971412e-15
4.152528439525727294e-15
3.980790023331977814e-15
3.817430910738962320e-15
3.661905350467503848e-15
3.513854130721592507e-15
3.372829193568195141e-15
3.238447190288979184e-15
3.110381441418852328e-15
2.988227340716130819e-15
2.871732780437884182e-15
2.760596850308837177e-15
2.654479077422747900e-15
2.553174927006169061e-15
2.456407004238661426e-15
2.363942226497243705e-15
2.275586399324046214e-15
2.191105764283480987e-15
2.110305425457096976e-15
2.033001579618044409e-15
1.959020810367641804e-15
1.888221096541150163e-15
1.820424905019895872e-15
1.755486295552165292e-15
1.693267346960974780e-15
1.633656864766158137e-15
1.576492561356491131e-15
1.521695629573807299e-15
1.469118902024787329e-15
1.418693512966428548e-15
1.370302355094897374e-15
1.323851611193895533e-15
1.279236677436718232e-15
1.236405008295865615e-15
1.195245670917236221e-15
1.155712803672292159e-15
1.117705100531485832e-15
1.081168926479158739e-15
1.046025987223344402e-15
1.012241407189988708e-15
9.797302495407474674e-16
9.484499283623901101e-16
9.183353902138855245e-16
8.893602580217248669e-16
8.614415529008453394e-16
8.345683147783953425e-16
8.086745575218940966e-16
7.837195484527003391e-16
7.596746779901934554e-16
7.365021716941973602e-16
7.141563117766269013e-16
6.926129496378002235e-16
6.718208406809544812e-16
6.517771034252550954e-16
6.324248263312000644e-16
6.137539412657676968e-16
5.957371976338307503e-16
5.783322183964174229e-16
5.615312675854073511e-16
5.453105553115069510e-16
5.296321200185193012e-16
5.144901577392527122e-16
4.998493266597225705e-16
4.857049126030428720e-16
4.720378412401779607e-16
4.588163077571600792e-16
4.460303855583653154e-16
4.336637722347087315e-16
4.217071816969296073e-16
4.101328518979429345e-16
3.989389716507469781e-16
3.880995596992230803e-16
3.776076289346456838e-16
3.674562083603280565e-16
3.576217284458859026e-16
3.480983532147787085e-16
3.388696206946163748e-16
3.299355507398979906e-16
3.212753602989352542e-16
3.128844803248361574e-16
3.047485549462219575e-16
2.968683220400181016e-16
2.892253826925449836e-16
2.818116184007948369e-16
2.746237054554367513e-16
2.676538632955110178e-16
2.608903106212254765e-16
2.543261157318262543e-16
2.479628685306742512e-16
2.417815138806779445e-16
2.357840611440848388e-16
2.299604453964281563e-16
2.243087632906280190e-16
2.188195505604146570e-16
2.134875119111985080e-16
2.083075461531902992e-16
2.032782614720345794e-16
1.983912627397745430e-16
1.936453790821147748e-16
1.890293713776425773e-16
1.845457185159889167e-16
1.801837485622033703e-16
1.759459847604439588e-16
1.718284490089062512e-16
1.678212573214174502e-16
1.639240145767529773e-16
1.601333091892653588e-16
1.564487083054077992e-16
1.528612613068320321e-16
1.493735694031438925e-16
1.459771062272800032e-16
1.426744757185551975e-16
1.394575502171736532e-16
1.363263663402617626e-16
1.332808624737901317e-16
1.303134651117024662e-16
1.274243289151060654e-16
1.246111254659411739e-16
1.218692583250426090e-16
1.192012834455705499e-16
1.166004444850822658e-16
1.140670496881036871e-16
1.115991285452803035e-16
1.091947749778167343e-16
1.068500313300220207e-16
1.045652987671469390e-16
1.023388485559658308e-16
1.001690076502064034e-16
9.805218186968891987e-17
9.598690238159069460e-17
9.397556556546734007e-17
9.201284705164574764e-17
9.009741470372316786e-17
8.822979441362102111e-17
8.640864584834282232e-17
8.463091242022841557e-17
8.289715137216348910e-17
8.120444033935936522e-17
7.955167859414860836e-17
7.794109402180746375e-17
7.636662933760272933e-17
7.483055189096977348e-17
7.333024261049164848e-17
7.186630475697025616e-17
7.043622953911317341e-17
6.903913083114328772e-17
6.767562299495476016e-17
6.634335106352217870e-17
6.504150591862645879e-17
6.377070915116876140e-17
6.252874771072938106e-17
6.131488211892105553e-17
6.012973788533656349e-17
5.897123306223732620e-17
5.783869121473256373e-17
5.673145519870709410e-17
5.564888654765912808e-17
5.459161052545755241e-17
5.355774157762664349e-17
5.254790377453805459e-17
5.155909291638309880e-17
5.059315711964003845e-17
4.964719482992032204e-17
4.872301436897431602e-17
4.781893525412360317e-17
4.693446456906803144e-17
4.607021362885874213e-17
4.522351916228419244e-17
4.439609390821286328e-17
4.358640687999229673e-17
4.279300015213054700e-17
4.201753070080264654e-17
4.125854857267624668e-17
4.051565915521693812e-17
3.978847841429259175e-17
3.907663257864841003e-17
3.837975783477326079e-17
3.769750003178209181e-17
3.702951439595440339e-17
3.637546525458240126e-17
3.573502576879634969e-17
3.510787767504730929e-17
3.449371103493997383e-17
3.389222399312010335e-17
3.330312254293250233e-17
3.272612029957633187e-17
3.216011423267603209e-17
3.160649170584829127e-17
3.106415261617838433e-17
3.053204752624319105e-17
3.001073745635690163e-17
2.949997685824700074e-17
2.899952642035948170e-17
2.850915289193098854e-17
2.802862891253421067e-17
2.755700198888094506e-17
2.709552728935649068e-17
2.664254165104347519e-17
2.619857007667732408e-17
2.576271815289222251e-17
2.533618642322132104e-17
2.491740525719149998e-17
2.450688173224734266e-17
2.410443383727973336e-17
2.370988403079220147e-17
2.332305911916655047e-17
2.294315599938917173e-17
2.257065991511126105e-17
2.220540964681722160e-17
2.184663729829385167e-17
2.149481515572658866e-17
2.114979305066306329e-17
2.081142442367232833e-17
2.047956622823785130e-17
2.015350513753073027e-17
1.983369263205770143e-17
1.951943560306845972e-17
1.921173011890635240e-17
1.890879002318665977e-17
1.861214958659253996e-17
1.832113439555246769e-17
1.803509917394591207e-17
1.775394701950698263e-17
1.747861129159053713e-17
1.720794663610756030e-17
1.694186295608717517e-17
1.668126396535444298e-17
1.642504814430610170e-17
1.617313168331192714e-17
1.592638973338962330e-17
1.568328951852520437e-17
1.544517191554552202e-17
1.521100370478760769e-17
1.498116704412138254e-17
1.475512188729710129e-17
1.453324325434257441e-17
1.431500520652346794e-17
1.410077575976197075e-17
1.389047349520271959e-17
1.368359286070662112e-17
1.348049171899047467e-17
1.328067747257079321e-17
1.308450130404963976e-17
1.289189009786028474e-17
1.270236999264385387e-17
1.251588464131373266e-17
1.233277225100846741e-17
1.215296559019729342e-17
1.197601424535757788e-17
1.180224711401479275e-17
1.163122494386826054e-17
1.146327051642424683e-17
1.129795538542757436e-17
1.113559633790590319e-17
1.097577539230839179e-17
1.081880346083724880e-17
1.066427269850416020e-17
1.051248826041859389e-17
1.036305212260989593e-17
1.021626379888121024e-17
1.007173478276074753e-17
9.929759060566077231e-18
9.789957351290401957e-18
9.652618225607292711e-18
9.517371346912747502e-18
9.384499980090509326e-18
9.253642462361968509e-18
9.124764165294698568e-18
8.998140530352179228e-18
8.873728493433361555e-18
8.751182968014185441e-18
8.630472189066498290e-18
8.511861625966105583e-18
8.395311456090972887e-18
8.280492201465551104e-18
8.167374705237710112e-18
8.056214868027795977e-18
7.946694267038988384e-18
7.838785492441093580e-18
7.732737468205600497e-18
7.628515347069047574e-18
7.525814787770472719e-18
7.424610604259072800e-18
7.325142824644316058e-18
7.227117093814882590e-18
7.130509714542742425e-18
7.035554230876836976e-18
6.942220075918184126e-18
6.849973958243474659e-18
6.759549093451190804e-18
6.670169074450034323e-18
6.582308784787229013e-18
6.495940336371987850e-18
6.410557605581833372e-18
6.326622057226226438e-18
6.244107264196661793e-18
6.162754934257156911e-18
6.082546513932829160e-18
6.003691646498006111e-18
5.925940134981715156e-18
5.849274492887172745e-18
5.773898820598185333e-18
5.699570693788268784e-18
5.626490639082077952e-18
5.554421267960818516e-18
5.483346751389481256e-18
5.413251541057563993e-18
5.344329159273014954e-18
5.276558622744915997e-18
5.209714522199793057e-18
5.143782517572789941e-18
5.078748520134489771e-18
5.014797750651886093e-18
4.951713789349317411e-18
4.889483338547032902e-18
4.828286826760875236e-18
4.768105975936717366e-18
4.708543074644851339e-18
4.649967400374119550e-18
4.592175206437758306e-18
4.535339277010107971e-18
4.479259897930144126e-18
4.423925673835774034e-18
4.369504974824574642e-18
4.315803916822566393e-18
4.262811733106187225e-18
4.210517839294697493e-18
4.159084908740368188e-18
4.108497980363764819e-18
4.058402487299576935e-18
4.009130073316504984e-18
3.960499617505315483e-18
3.912667032066225819e-18
3.865454666197628265e-18
3.818853424258553377e-18
3.773015312667215602e-18
3.727608192481516270e-18
3.683101993269616576e-18
3.639009721573072096e-18
3.595637852004096938e-18
3.552820159338901501e-18
3.510548638285554203e-18
3.468966613763505433e-18
3.427912476169839536e-18
3.387378649570039339e-18
3.347504927699330684e-18
3.308134154215744275e-18
3.269259157826498039e-18
3.231016305192975007e-18
3.193110562716952855e-18
3.155961665872215526e-18
3.119136408382803923e-18
3.082908905387380519e-18
3.047131785480216804e-18
3.011798721153987000e-18
2.976903485487129243e-18
2.942573764527168383e-18
2.908667425588021011e-18
2.875310108419541122e-18
2.842231809415196942e-18
2.809688795924602507e-18
2.777672155098701829e-18
2.745918868234453078e-18
2.714678889662181316e-18
2.683818705403982048e-18
2.653333099981233421e-18
2.623339846541994724e-18
2.593708925622149936e-18
2.564435392816674948e-18
2.535514380053237483e-18
2.507059951708472419e-18
2.478946558266406980e-18
2.451169583452611365e-18
2.423840410531171363e-18
2.396721749577199346e-18
2.370040114023533950e-18
2.343788353355783656e-18
2.317735114711387179e-18
2.292101488190961750e-18
2.266770293540240534e-18
2.241737502159667707e-18
2.217107694874409962e-18
2.192658985294557554e-18
2.168603758423101469e-18
2.144935633285338086e-18
2.121438179988438991e-18
2.098318774007806382e-18
2.075467908183183547e-18
2.052882061660198311e-18
2.030557765795442046e-18
2.008592537586174588e-18
1.986880467414305808e-18
1.965418262104857105e-18
1.944301222357880831e-18
1.923328279696572560e-18
1.902692609633262888e-18
1.882292585496239730e-18
1.862220640135812695e-18
1.842282093040746677e-18
1.822664198406000851e-18
1.803268603219042706e-18
1.784092465357110762e-18
1.765132983789177277e-18
1.746478474175283577e-18
1.728033724642850500e-18
1.709796074048155438e-18
1.691762899426045386e-18
1.674019902907886840e-18
1.656474887638936584e-18
1.639125361174484194e-18
1.621968866554068708e-18
1.605002981734712299e-18
1.588310269040580496e-18
1.571802127655118327e-18
1.555476255514480124e-18
1.539330383022104662e-18
1.523444665431997090e-18
1.507651486569705166e-18
1.492112844601140258e-18
1.476824757322902149e-18
1.461623444555159600e-18
1.446587988361763421e-18
1.431795084134465416e-18
1.417162806168270546e-18
1.402689187699385979e-18
1.388449271298139627e-18
1.374286606598945648e-18
1.360352708709512269e-18
1.346568750971908476e-18
1.332932914179909675e-18
1.319443404081884105e-18
1.306172071336732321e-18
1.293042465474405501e-18
1.280052879782798496e-18
1.267201630787777766e-18
1.254487057898229220e-18
1.241978481091813105e-18
1.229531850493081803e-18
1.217286979653398564e-18
1.205171352045267837e-18
1.193252344540686830e-18
1.181390112194908122e-18
1.169720496944023758e-18
1.158173121412986248e-18
1.146746542161090795e-18
1.135439335016899504e-18
1.124250094789671979e-18
1.113242946840295801e-18
1.102350073683310525e-18
1.091570137942736850e-18
1.080901819937116323e-18
1.070343817416879009e-18
1.059958054683749391e-18
1.049616396533845321e-18
1.039443569878111515e-18
1.029375142051345465e-18
1.019471345626921695e-18
1.009607676750835520e-18
9.999054141019704306e-19
9.902418153119392231e-19
9.807364737543059094e-19
9.713276914966498077e-19
9.620732634538987366e-19
9.528538882633527219e-19
9.437858859518219081e-19
9.347516248636620239e-19
9.258658248410371179e-19
9.170693778328039809e-19
9.084177617713116669e-19
8.997966075762215047e-19
8.913175261615617281e-19
8.829230634802730595e-19
8.745573161242603176e-19
8.663841998377413060e-19
8.582379317096941768e-19
8.501725476390657155e-19
8.422406087604643757e-19
8.343870293937892878e-19
8.265581961333032743e-19
8.189114708683661361e-19
8.112877798346061709e-19
8.037390242552378279e-19
7.963157036391320214e-19
7.889139956839984087e-19
7.816354095039258034e-19
7.744278262256038948e-19
7.672904656476524709e-19
7.602721866197140551e-19
7.532726380481985303e-19
7.463900012302650793e-19
7.395252693852523665e-19
7.327753274906218795e-19
7.260904902170844341e-19
7.195177320932566059e-19
7.129606758053182237e-19
7.064666309793382825e-19
7.000816598358266453e-19
6.937577303080481340e-19
6.874941849519313665e-19
6.812903743272468311e-19
6.751456568882993842e-19
6.690593988762794557e-19
6.630759102331855124e-19
6.571490509535476817e-19
6.512338642336198908e-19
6.454187473021647912e-19
6.396584674771115482e-19
6.339959383176590624e-19
6.283433116620166167e-19
6.227437982900498119e-19
6.172394959881726131e-19
6.117866416922478089e-19
6.063846936812076072e-19
6.010331166814423274e-19
5.957313817807156661e-19
5.904789663433597415e-19
5.852753539267235345e-19
5.801608187906915250e-19
5.750935533194591238e-19
5.700730653356289041e-19
5.650588557894444278e-19
5.601704820075400723e-19
5.552874309671127513e-19
5.504492458721317269e-19
5.456944743702023168e-19
5.409443893289766128e-19
5.362763192791639125e-19
5.316508104129067610e-19
5.270674256772133267e-19
5.225257330916744363e-19
5.180253056824191030e-19
5.135657214170253174e-19
5.091836648355657264e-19
5.048042897618563355e-19
5.005011651250293649e-19
4.962367916403549848e-19
4.920107762824640569e-19
4.878227305313765105e-19
4.836722703145632061e-19
4.795590159498368167e-19
4.755178993283894573e-19
4.714777182936516705e-19
4.675085071873521592e-19
4.635746010243783899e-19
4.596756461155028329e-19
4.558112927764461666e-19
4.519811952770033568e-19
4.481850117908871444e-19
4.444224043462792164e-19
4.407264549917251313e-19
4.370297986738141714e-19
4.333987419625920353e-19
4.297995501491870933e-19
4.262319083021242579e-19
4.226955050079657378e-19
4.191900323272240455e-19
4.157151857508889437e-19
4.122706641575587488e-19
4.088878198849444515e-19
4.055028692775936738e-19
4.021786352137218758e-19
3.988831837779884508e-19
3.956162343010841884e-19
3.923775092071699625e-19
3.891667339756271845e-19
3.859836371033331694e-19
3.828279500674547690e-19
3.797294064518459149e-19
3.766275685333035461e-19
3.735820007115939488e-19
3.705329778494851760e-19
3.675393682137412070e-19
3.645712771828874231e-19
3.616284598370580796e-19
3.587106739130276671e-19
3.558463008851224790e-19
3.529776948366981787e-19
3.501334102502238381e-19
3.473413399644197510e-19
3.445448418608585359e-19
3.417997778692532886e-19
3.390778021352348925e-19
3.363786959788028225e-19
3.337022430609738976e-19
3.310482293556671217e-19
3.284164431219639373e-19
3.258066748767382569e-19
3.232454164191432620e-19
3.206789118140366943e-19
3.181602056927162179e-19
3.156361575669412664e-19
3.131592095198622218e-19
3.107027736670321792e-19
3.082666587388357725e-19
3.058506754814509411e-19
3.034546366330155956e-19
3.010783569001073429e-19
2.987216529345324667e-19
2.964094202495257356e-19
2.940911841624645721e-19
2.918167816115892083e-19
2.895363067433124090e-19
2.872990389959821393e-19
2.850800137436676935e-19
2.828790634951550783e-19
2.806960224973216972e-19
2.785307267149016640e-19
2.763830138105128981e-19
2.742527231249421499e-19
2.721396956576846828e-19
2.700672194179418082e-19
2.679881180338318111e-19
2.659490000126719213e-19
2.639032117168407999e-19
2.618968487867563445e-19
2.599065779139806708e-19
2.579322537770231057e-19
2.559737325376483079e-19
2.540308718238923101e-19
2.521035307132940253e-19
2.501915697163404339e-19
2.482948507601214090e-19
2.464351815338603867e-19
2.445684184387286053e-19
2.427381983184085129e-19
2.409008586331921577e-19
2.390995637821144966e-19
2.373124802349442689e-19
2.355182428363111874e-19
2.337593192250331862e-19
2.320142311874104963e-19
2.302828562419110853e-19
2.285858574437496497e-19
2.268814343818867108e-19
2.251903650143903658e-19
2.235125316730211735e-19
2.218681596743841795e-19
2.202163412733556415e-19
2.185975385764413081e-19
2.169712812230959531e-19
2.153776013241777428e-19
2.137962651870905126e-19
2.122271651725085984e-19
2.106701947019652684e-19
2.091252482461224850e-19
2.075922213131853534e-19
2.060710104374581254e-19
2.045615131680409645e-19
2.030636280576650653e-19
2.015962373482128846e-19
2.001211763961593422e-19
1.986762136245351877e-19
1.972235854206650028e-19
1.958006655959122541e-19
1.943700863096712570e-19
1.929688318968575838e-19
1.915782229373238772e-19
1.901981683947793822e-19
1.888285781127731332e-19
1.874693628051537400e-19
1.861204340466449934e-19
1.847817042635340428e-19
1.834530867244721672e-19
1.821344955313857586e-19
1.808433981095848785e-19
1.795445147258877620e-19
1.782727776145564939e-19
1.769932705446755841e-19
1.757405677333906520e-19
1.744801117782863419e-19
1.732461234501379575e-19
1.720213308066129912e-19
1.708056567123706606e-19
1.695990247633180021e-19
1.684013592788327484e-19
1.672125852940777610e-19
1.660326285524064142e-19
1.648614154978574869e-19
1.636988732677386952e-19
1.625449296852970845e-19
1.614092166300259602e-19
1.602770346987625064e-19
1.591563924305874865e-19
1.580439866268302469e-19
1.569397491908645242e-19
1.558451895638260109e-19
1.547602171721345916e-19
1.536831812397135073e-19
1.526155697771502449e-19
1.515572947949092102e-19
1.505051935490876241e-19
1.494638163019137843e-19
1.484300094941315719e-19
1.474052261823493736e-19
1.463878750274016921e-19
1.453793953549596832e-19
1.443782122853323515e-19
1.433857515703932550e-19
1.424004545738233198e-19
1.414237336287748429e-19
1.404540461296572299e-19
1.394927911439442397e-19
1.385398907464521049e-19
1.375938260524679048e-19
1.366559765789629151e-19
1.357248389537599135e-19
1.348003591598102043e-19
1.338853110593481280e-19
1.329753798169224819e-19
1.320747334953061602e-19
1.311790998935077246e-19
1.302926070929926333e-19
1.294110249984549628e-19
1.285384421846468682e-19
1.276706701410834373e-19
1.268117584037185780e-19
1.259589125776602156e-19
1.251120844898112961e-19
1.242725664096998213e-19
1.234389580981228991e-19
1.226125399156963130e-19
1.217919256132702444e-19
1.209783837759371072e-19
1.201705419673873978e-19
1.193696571288544832e-19
1.185743704623901775e-19
1.177859273953335868e-19
1.170029825963030622e-19
1.162267701070322908e-19
1.154559578935465093e-19
1.146917687386112705e-19
1.139328837390863402e-19
1.131805145437780474e-19
1.124333552163489687e-19
1.116913652005974390e-19
1.109557396228801446e-19
1.102264211350949620e-19
1.095021292525935467e-19
1.087828250294251694e-19
1.080696820563245323e-19
1.073614384744151577e-19
1.066592572844229691e-19
1.059618888873023228e-19
1.052704858102086217e-19
1.045838105630545669e-19
1.039018268081094628e-19
1.032256715287773246e-19
1.025552926095435983e-19
1.018894763348429212e-19
1.012281877999549570e-19
1.005725437233408179e-19
9.992134779392926950e-20
9.927456609597960303e-20
9.863443577893509062e-20
9.799750159774371401e-20
9.736599617881481357e-20
9.673875155179747052e-20
9.611684997845955750e-20
9.549913460402678729e-20
9.488667809814268337e-20
9.427833458770458014e-20
9.367407303299491311e-20
9.307495186628463457e-20
9.247984139721550821e-20
9.188979072373979357e-20
9.130368081169953667e-20
9.072255152526710760e-20
9.014529435928393879e-20
8.957188032215546692e-20
8.900333557180928707e-20
8.843856712115470370e-20
8.787754678859399636e-20
8.732128724696889009e-20
8.676974666148033435e-20
8.622082113763614865e-20
8.567757726745827502e-20
8.513689451312663643e-20
8.460079480447639932e-20
8.406822523765875666e-20
8.354016790821096435e-20
8.301557966016439326e-20
8.249543407241112188e-20
8.197869762272398950e-20
8.146534520823588090e-20
8.095535193483233497e-20
8.044967454391854686e-20
7.994827542359978177e-20
7.945014461105545433e-20
7.895525817298152572e-20
7.846359237400144051e-20
7.797608346316232257e-20
7.749269532666702028e-20
7.701148958584918416e-20
7.653435022721442884e-20
7.606124198907730938e-20
7.559025245267100097e-20
7.512417564678170512e-20
7.466017333532881308e-20
7.420008881648982462e-20
7.374296590296540628e-20
7.328970145271757838e-20
7.283934790806857153e-20
7.239188427336716525e-20
7.194819597525531724e-20
7.150734818374423673e-20
7.106932047640477981e-20
7.063498702738190637e-20
7.020342551897074736e-20
6.977461608524292652e-20
6.934942182338982865e-20
6.892693271699948844e-20
6.850800459540063462e-20
6.809173554861449932e-20
6.767810662296040783e-20
6.726709901730954911e-20
6.685955418866482319e-20
6.645458610722183333e-20
6.605302918553797758e-20
6.565400523130606587e-20
6.525749630395373920e-20
6.486432635525914323e-20
6.447362875614309147e-20
6.408538605070103061e-20
6.369958092218682457e-20
6.331702360569903521e-20
6.293768645122958827e-20
6.255990133565824306e-20
6.218529581904279879e-20
6.181302949556331907e-20
6.144389588995217545e-20
6.107706192779265729e-20
6.071251152536706693e-20
6.035102837389196568e-20
5.999179021794153802e-20
5.963478140523855691e-20
5.927998640671676624e-20
5.892817601713305119e-20
5.857854211428457048e-20
5.823184916925959363e-20
5.788729603756983654e-20
5.754486789342847070e-20
5.720455002702275217e-20
5.686709440135076523e-20
5.653171354950073912e-20
5.619839315400042352e-20
5.586787597492352947e-20
5.553938462308357825e-20
5.521290516225740668e-20
5.488917128816890003e-20
5.456741552704628479e-20
5.424762431316242825e-20
5.392978418581818717e-20
5.361461695025853871e-20
5.330136809036417424e-20
5.299075357921230390e-20
5.268202529960060473e-20
5.237517039593077891e-20
5.207017611151884013e-20
5.176774688193459074e-20
5.146714713740492599e-20
5.116836445858163749e-20
5.087138652128973348e-20
5.057690645254395753e-20
5.028420096575643105e-20
4.999395764017119809e-20
4.970476254486374019e-20
4.941800018189587050e-20
4.913365031102223963e-20
4.885031647340187355e-20
4.856936641024963469e-20
4.829009772534728460e-20
4.801317894291680619e-20
4.773723646634857203e-20
4.746361606546002845e-20
4.719229849076572288e-20
4.692192699497794937e-20
4.665383116725280480e-20
4.638732874645196542e-20
4.612306985032752516e-20
4.586037785399235553e-20
4.559924233320150536e-20
4.533965294199324980e-20
4.508159941202992873e-20
4.482571907916115593e-20
4.457134909488417194e-20
4.431912179308345205e-20
4.406774000319077796e-20
4.381847599072957433e-20
4.357067768233192192e-20
4.332496751417326664e-20
4.308069873674322346e-20
4.283786186440666581e-20
4.259644748198925816e-20
4.235706831891985298e-20
4.211846847381491206e-20
4.188249757273727812e-20
4.164728771672739168e-20
4.141406171396827194e-20
4.118158367961980916e-20
4.095167419982112918e-20
4.072249502122748421e-20
4.049524983307141047e-20
4.026932259662451174e-20
4.004470473897480893e-20
3.982138775014850381e-20
3.959995634261556589e-20
3.937980430475089304e-20
3.916092334668134767e-20
3.894389143455846148e-20
3.872810960625314549e-20
3.851356978605063442e-20
3.830026395711813674e-20
3.808818416102342449e-20
3.787789731055925674e-20
3.766881626302297989e-20
3.746093326513410280e-20
3.725480873639226450e-20
3.704986249793158685e-20
3.684608699611486701e-20
3.664347473195648655e-20
3.644257759912238562e-20
3.624282453220780965e-20
3.604420822501835499e-20
3.584672142401802135e-20
3.565035692790362347e-20
3.545565619007325577e-20
3.526205927731114478e-20
3.507010355393367340e-20
3.487869119623422440e-20
3.468890197401312649e-20
3.450018466971482152e-20
3.431253249553907312e-20
3.412647271430006700e-20
3.394092858462263309e-20
3.375695944087485361e-20
3.357455260752616990e-20
3.339264376070915951e-20
3.321228021605805111e-20
3.303292768104246460e-20
3.285457980202347364e-20
3.267723027042174452e-20
3.250138875836622751e-20
3.232652919057992164e-20
3.215264541941702202e-20
3.197973134066548249e-20
3.180828904530609817e-20
3.163780051687048932e-20
3.146825980665930180e-20
3.129966100784279619e-20
3.113199825513045444e-20
3.096576435193289173e-20
3.080045113143285326e-20
3.063605287750511139e-20
3.047305693380856451e-20
3.031046977280732276e-20
3.014927000270533380e-20
2.998895907186104519e-20
2.983001715177239105e-20
2.967146564060583425e-20
2.951426865068643552e-20
2.935793516329270111e-20
2.920245986172345530e-20
2.904831412912179988e-20
2.889453762128571689e-20
2.874207669851544451e-20
2.859044955187565571e-20
2.844012068210333612e-20
2.829014404931127627e-20
2.814145210941940743e-20
2.799357027016973891e-20
2.784649358480122982e-20
2.770021714063709280e-20
2.755519533504082255e-20
2.741096065700750900e-20
2.726750831797184042e-20
2.712483356224037366e-20
2.698338421066588312e-20
2.684224882092418828e-20
2.670232617379762931e-20
2.656360669694818718e-20
2.642518902591526120e-20
2.628751784345519294e-20
2.615103131436184688e-20
2.601527904687143347e-20
2.588025661410746302e-20
2.574639746087170543e-20
2.561281994065644027e-20
2.548039381740551322e-20
2.534867696345854429e-20
2.521766512176854533e-20
2.508778399546638809e-20
2.495816796169875568e-20
2.482967116554883046e-20
2.470185955373823912e-20
2.457515276359669849e-20
2.444869773323126337e-20
2.432333636777546444e-20
2.419822178976549739e-20
2.407460749894186395e-20
2.395123209328707958e-20
2.382851081613759996e-20
2.370685293046019757e-20
2.358583845937583719e-20
2.346546358958297231e-20
2.334572453328001285e-20
2.322661752797415558e-20
2.310854462666925739e-20
2.299109342285988931e-20
2.287426024831002905e-20
2.275804145920448209e-20
2.264283345775759757e-20
2.252783117876701034e-20
2.241382968077188392e-20
2.230042541298845735e-20
2.218761486981365368e-20
2.207578752330096987e-20
2.196415261053455617e-20
2.185349122159814266e-20
2.174340700673078339e-20
2.163389659301650141e-20
2.152495662977782519e-20
2.141696846678535197e-20
2.130954140279943977e-20
2.120267217084137779e-20
2.109635752539487413e-20
2.099059424224795792e-20
2.088537911833622073e-20
2.078108559063092864e-20
2.067733123359484052e-20
2.057411292408122069e-20
2.047142755935441426e-20
2.036927205694029567e-20
2.026801341807993335e-20
2.016727594892107053e-20
2.006705664383995818e-20
1.996735251676988948e-20
1.986816060105853351e-20
1.976984159949838065e-20
1.967166401752843813e-20
1.957435099127730996e-20
1.947753599660098404e-20
1.938121617813151143e-20
1.928574607404782788e-20
1.919040687689639055e-20
1.909590930846215113e-20
1.900189322738027677e-20
1.890835588519288697e-20
1.881529455114237543e-20
1.872305653459948663e-20
1.863093788773970949e-20
1.853963478067785232e-20
1.844879454514728929e-20
1.835841455240199708e-20
1.826849219053873937e-20
1.817936772252673607e-20
1.809035167730012474e-20
1.800212604295709369e-20
1.791434543065504569e-20
1.782700732584656027e-20
1.774044625737481111e-20
1.765398453666730614e-20
1.756829261022152657e-20
1.748303101421996416e-20
1.739819732768302909e-20
1.731378914499728700e-20
1.722980407580609923e-20
1.714656881581077592e-20
1.706342174563681938e-20
1.698101755395949946e-20
1.689902485360738069e-20
1.681744134294571440e-20
1.673626473486331000e-20
1.665581519385408241e-20
1.657576584573409792e-20
1.649579419698577542e-20
1.641653963771826026e-20
1.633767861766920183e-20
1.625952598461871544e-20
1.618144442447826975e-20
1.610406479113503468e-20
1.602706791395657597e-20
1.595013887512086504e-20
1.587421395761397389e-20
1.579835267626457583e-20
1.572286574652432678e-20
1.564805972799672605e-20
1.557331427766919883e-20
1.549924358616618640e-20
1.542553700823202957e-20
1.535249706765143580e-20
1.527951170107326903e-20
1.520688447556451818e-20
1.513491492187027331e-20
1.506329758294828167e-20
1.499203052797777199e-20
1.492111183807910883e-20
1.485053960623100459e-20
1.478031193718834259e-20
1.471072249773815545e-20
1.464147191155580521e-20
1.457255833033995621e-20
1.450397991716324026e-20
1.443573484639374796e-20
1.436782130361719398e-20
1.430052723385734378e-20
1.423327039518970720e-20
1.416662755769992428e-20
1.410030721446927474e-20
1.403430761763713620e-20
1.396862703002948634e-20
1.390326372508561529e-20
1.383849914481346924e-20
1.377376434149642307e-20
1.370962301749303383e-20
1.364579034124027049e-20
1.358226464938474974e-20
1.351904428868532035e-20
1.345640527369570027e-20
1.339378975200355288e-20
1.333175051945700061e-20
1.327000831579494069e-20
1.320856154820944196e-20
1.314740863352828969e-20
1.308654799814964532e-20
1.302597807797717881e-20
1.296596784848106064e-20
1.290597382933893465e-20
1.284653467710992727e-20
1.278737834550345124e-20
1.272850332747468029e-20
1.266990812503769604e-20
1.261159124920444656e-20
1.255381570009309110e-20
1.249605019577403638e-20
1.243882139064165260e-20
1.238186336112559901e-20
1.232517467245849630e-20
1.226875389844904397e-20
1.221259962142455983e-20
1.215696903056645150e-20
1.210134270143069175e-20
1.204623561809632850e-20
1.199138780786537781e-20
1.193679790460709026e-20
1.188246455031092162e-20
1.182838639503242765e-20
1.177456209683954431e-20
1.172124239690921556e-20
1.166792101800105225e-20
1.161509999768416527e-20
1.156252595988572889e-20
1.151019761137243216e-20
1.145811366654957843e-20
1.140627284741051921e-20
1.135467388348643247e-20
1.130356126810190703e-20
1.125244145723589736e-20
1.120180394559728505e-20
1.115140174520323413e-20
1.110123363161105369e-20
1.105129838756512533e-20
1.100159480294962010e-20
1.095236206371597009e-20
1.090311744118556881e-20
1.085433977549711208e-20
1.080578750449110566e-20
1.075722207416979331e-20
1.070911784333785373e-20
1.066147143024434559e-20
1.061380914250782292e-20
1.056636648543190157e-20
1.051937602787459407e-20
1.047236851189929364e-20
1.042580949815482380e-20
1.037946418042599969e-20
1.033333146049693613e-20
1.028741024651807037e-20
1.024169945296478166e-20
1.019619800059632535e-20
1.015113276783802674e-20
1.010604607877070180e-20
1.006139207479603050e-20
1.001694175814269351e-20
9.972694088494789876e-21
9.928648031529861484e-21
9.884802558880189377e-21
9.841156648094366941e-21
9.797931659622722525e-21
9.754681143921742285e-21
9.711848170612353237e-21
9.668989040748035876e-21
9.626544106852072980e-21
9.584291378828827305e-21
9.542229882320436911e-21
9.500358648540204496e-21
9.458893686221903719e-21
9.417399429614124029e-21
9.376308211446957116e-21
9.335187132961050405e-21
9.294465891674540146e-21
9.253927912523019871e-21
9.213572272185822326e-21
9.173398052589343982e-21
9.133404340873627146e-21
9.093590229359157221e-21
9.054165260039302717e-21
9.014707007283087940e-21
8.975634833492842400e-21
8.936737414099367469e-21
8.898013874032944719e-21
8.859463343166437445e-21
8.821084956283977755e-21
8.782877853049909443e-21
8.744841177977918945e-21
8.707178858830755446e-21
8.669479875135903706e-21
8.632152329555451937e-21
8.594787682011863378e-21
8.557791582910958439e-21
8.520959666811646940e-21
8.484291118163773876e-21
8.447785125986254423e-21
8.411440883838394132e-21
8.375456891544923370e-21
8.339433150995013876e-21
8.303766880017309274e-21
8.268060477997892373e-21
8.232708791838422115e-21
8.197512938682383060e-21
8.162472149650328458e-21
8.127585660141525237e-21
8.092852709807254286e-21
8.058466549471121915e-21
8.024037835914194192e-21
7.989760407880093012e-21
7.955825802928104930e-21
7.922039858412316368e-21
7.888210703980587025e-21
7.854720464006225832e-21
7.821376707314116774e-21
7.788178716894098295e-21
7.755314666504619036e-21
7.722405514982793704e-21
7.689640004415448310e-21
7.657204651187016662e-21
7.624723770125856615e-21
7.592570554837940240e-21
7.560557103862285658e-21
7.528497716376408882e-21
7.496762301968351392e-21
7.465164621077456163e-21
7.433887399135163252e-21
7.402562644169132986e-21
7.371373629094390111e-21
7.340501481542670843e-21
7.309581443704645643e-21
7.278975907535241365e-21
7.248502446055245304e-21
7.217980753392630988e-21
7.187770055617586652e-21
7.157689527295872125e-21
7.127738540888273182e-21
7.098094053364855071e-21
7.068399764818395078e-21
7.038833157835196006e-21
7.009569654193640058e-21
6.980256060231289532e-21
6.951243332519186652e-21
6.922354836698629576e-21
6.893415975987818690e-21
6.864774665199110106e-21
6.836255808155870434e-21
6.807858819141256164e-21
6.779755112023416719e-21
6.751599617792901129e-21
6.723564255111408253e-21
6.695818962350116177e-21
6.668021654857079626e-21
6.640512300875296785e-21
6.613119830108653614e-21
6.585843686831900312e-21
6.558515246051965886e-21
6.531470585099736832e-21
6.504707709277887027e-21
6.477891378035909659e-21
6.451188639997886621e-21
6.424598957050980033e-21
6.398286996305951995e-21
6.371921348338083109e-21
6.345831419334349930e-21
6.319851485265164954e-21
6.293817704160797172e-21
6.268056671651992874e-21
6.242404083976254916e-21
6.216859430470386198e-21
6.191422203182719934e-21
6.166252908239283070e-21
6.141028562880071003e-21
6.115910137615573659e-21
6.091056779162605473e-21
6.066148252331564796e-21
6.041502903712724223e-21
6.016960604680089599e-21
5.992520873155577233e-21
5.968025832504495058e-21
5.943790244543998407e-21
5.919655791487479322e-21
5.895778069273120606e-21
5.871844032604833466e-21
5.848009723859940478e-21
5.824429431204968632e-21
5.800792751672168697e-21
5.777408298797556188e-21
5.753967415677102590e-21
5.730776985495216101e-21
5.707682676580809803e-21
5.684684043270979455e-21
5.661628904751404672e-21
5.638972032449544779e-21
5.616257775207397829e-21
5.593637434081693555e-21
5.571110574923673557e-21
5.548676765847150648e-21
5.526484788425089834e-21
5.504235376917751634e-21
5.482226115544137109e-21
5.460307374453671562e-21
5.438331180982283279e-21
5.416592643379210846e-21
5.394943381701942191e-21
5.373382985933181766e-21
5.351911048178788221e-21
5.330527162655445441e-21
5.309230925678423116e-21
5.288166650406409818e-21
5.267044107484166008e-21
5.246151931413319411e-21
5.225201498208903887e-21
5.204479850691215057e-21
5.183699959155113658e-21
5.163147285690288776e-21
5.142678325257995453e-21
5.122292696553719632e-21
5.101990020231156093e-21
5.081769918890937238e-21
5.061632017069429603e-21
5.041575941227610858e-21
5.021601319740011507e-21
5.001847017017367199e-21
4.982033815497933128e-21
4.962439438646313281e-21
4.942786198493676517e-21
4.923350301571035750e-21
4.903992918856384843e-21
4.884576730827486214e-21
4.865375687968741130e-21
4.846252099376981451e-21
4.827205615754122520e-21
4.808235889577927020e-21
4.789342575091893089e-21
4.770660069866389014e-21
4.751918182358468904e-21
4.733251681008202528e-21
4.714793873875523853e-21
4.696276767729010117e-21
4.677966960933077158e-21
4.659730476618133209e-21
4.641434781963194483e-21
4.623344316787169879e-21
4.605326192816480194e-21
4.587380086657371789e-21
4.569505676545873128e-21
4.551702642338591693e-21
4.533970665503565065e-21
4.516309429111166924e-21
4.498847995445517079e-21
4.481326947490720993e-21
4.463875699883095758e-21
4.446622279062816904e-21
4.429309357334187638e-21
4.412192959080936083e-21
4.395144444732590335e-21
4.378163513286760082e-21
4.361123239327805570e-21
4.344276915488399786e-21
4.327497279406377305e-21
4.310784036052213289e-21
4.294136891867627866e-21
4.277680497962026957e-21
4.261164344103953716e-21
4.244713418595991925e-21
4.228451380663323596e-21
4.212129720142486560e-21
4.195995718424483949e-21
4.179802187636225580e-21
4.163795096889054866e-21
4.147728571813364499e-21
4.131847277930452772e-21
4.116028306460886756e-21
4.100271384069341624e-21
4.084576238771800225e-21
4.068942599928069050e-21
4.053370198234337814e-21
4.037858765715780431e-21
4.022527778754327317e-21
4.007137169996338687e-21
3.991806735431041333e-21
3.976655010643794303e-21
3.961443824715617626e-21
3.946410203356828179e-21
3.931317229535744698e-21
3.916400684273205469e-21
3.901542140587845236e-21
3.886741346424592888e-21
3.871998050963060156e-21
3.857312004610767757e-21
3.842682958996409153e-21
3.828110666963151174e-21
3.813594882561983540e-21
3.799135361045097724e-21
3.784731858859319984e-21
3.770498644486124267e-21
3.756206156260153222e-21
3.741968964782292419e-21
3.727900448607222394e-21
3.713886160898792838e-21
3.699812841415983850e-21
3.685906604820447977e-21
3.672053898222154589e-21
3.658254491373027381e-21
3.644396298651328434e-21
3.630703095174730736e-21
3.617062506436266583e-21
3.603474306620378409e-21
3.590048972482992714e-21
3.576564591008278216e-21
3.563131928464868957e-21
3.549750763367122193e-21
3.536530436636386917e-21
3.523251323503503334e-21
3.510132047432408795e-21
3.496954116710953870e-21
3.483935029569989680e-21
3.470965576777781470e-21
3.457937668388220966e-21
3.445067128314421431e-21
3.432245590422171297e-21
3.419472846305268710e-21
3.406748688556430742e-21
3.394072910761928617e-21
3.381445307496253421e-21
3.368865674316813015e-21
3.356333807758664321e-21
3.343954919707928440e-21
3.331517710452349725e-21
3.319127664097135580e-21
3.306889189699831130e-21
3.294592604409219857e-21
3.282446662690671447e-21
3.270346561648787027e-21
3.258188561657309648e-21
3.246179826450663137e-21
3.234216353921161394e-21
3.222297953509133464e-21
3.210424435559050877e-21
3.198595611314715828e-21
3.186811292914487730e-21
3.175071293386528204e-21
3.163375426644080661e-21
3.151723507480772847e-21
3.140115351565955108e-21
3.128651469060119217e-21
3.117130035692682396e-21
3.105651818592980802e-21
3.094316569598503535e-21
3.083023671896664562e-21
3.071673519259355276e-21
3.060465045045590849e-21
3.049298393446562032e-21
3.038074709713828242e-21
3.026991429334553611e-21
3.015949450317699564e-21
3.004948600801145590e-21
2.993988709728634055e-21
2.983069606845534287e-21
2.972191122694628855e-21
2.961353088611935574e-21
2.950555336722541179e-21
2.939894175313862463e-21
2.929176246133605973e-21
2.918498100968336523e-21
2.907955329124733567e-21
2.897356019533286892e-21
2.886891279655753648e-21
2.876465195180295846e-21
2.865982803831167508e-21
2.855633788384966051e-21
2.845322951337225900e-21
2.834956038353293565e-21
2.824721320771612171e-21
2.814524311207024867e-21
2.804364854560480433e-21
2.794242796451727964e-21
2.784157983215584251e-21
2.774110261898225610e-21
2.764191955980499687e-21
2.754217733707565934e-21
2.744280149430208511e-21
2.734470844569861343e-21
2.724605859887916830e-21
2.714777065533339816e-21
2.705075427151035410e-21
2.695318345332515998e-21
2.685687677637096872e-21
2.676092166359852195e-21
2.666441448544555581e-21
2.656916042618199540e-21
2.647425364450637612e-21
2.637969272692700507e-21
2.628547626643462881e-21
2.619160286246910198e-21
2.609807112088628913e-21
2.600487965392509446e-21
2.591202708017476990e-21
2.581951202454229846e-21
2.572733311822006342e-21
2.563636716695312190e-21
2.554485433332092766e-21
2.545367358650950064e-21
2.536369533694548612e-21
2.527317261293783965e-21
2.518384547957867073e-21
2.509484087604736016e-21
2.500529420846866656e-21
2.491693286835986244e-21
2.482889016806332762e-21
2.474030780983517782e-21
2.465290062675720803e-21
2.456580824625374534e-21
2.447902940292981963e-21
2.439256283712097130e-21
2.430640729486417046e-21
2.422056152786887911e-21
2.413502429348832390e-21
2.404979435469090438e-21
2.396570899894287481e-21
2.388108793835067024e-21
2.379677050175859192e-21
2.371358793893810401e-21
2.362987210525572651e-21
2.354728473219035494e-21
2.346416570968428098e-21
2.338216878029838634e-21
2.329964182022242640e-21
2.321823063103734302e-21
2.313710957632590746e-21
2.305546091690657085e-21
2.297491863201050147e-21
2.289466302867326051e-21
2.281469296817693819e-21
2.273500731689918018e-21
2.265560494628761266e-21
2.257648473283444409e-21
2.249764555805122123e-21
2.241908630844366417e-21
2.234160504579169247e-21
2.226360041971500280e-21
2.218587241372715490e-21
2.210841993404191752e-21
2.203203347128862360e-21
2.195512689871721172e-21
2.187928042377775117e-21
2.180291546366617909e-21
2.172760472331727272e-21
2.165177711906366482e-21
2.157699789778581353e-21
2.150248194175688469e-21
2.142822821654730387e-21
2.135346086517709073e-21
2.127973035052131284e-21
2.120625898535809556e-21
2.113304575345810554e-21
2.106008964308103243e-21
2.098738964695337291e-21
2.091494476224630514e-21
2.084275399055376242e-21
2.077157664448269823e-21
2.069988933011946780e-21
2.062845316514189101e-21
2.055726716859886381e-21
2.048708353776446601e-21
2.041639318238408673e-21
2.034669972251116516e-21
2.027650115674147564e-21
2.020729405392512753e-21
2.013758345992245755e-21
2.006885893365463167e-21
1.999963252695320789e-21
1.993138682979529265e-21
1.986337828763679409e-21
1.979560598092522468e-21
1.972806899412470658e-21
1.966003414386438433e-21
1.959296677516512461e-21
1.952613199869067538e-21
1.945952891479352410e-21
1.939315662774548586e-21
1.932773802260677382e-21
1.926182297347347804e-21
1.919613606222574940e-21
1.913067640860535624e-21
1.906544313617883970e-21
1.900115077709212343e-21
1.893636599308777781e-21
1.887251707839295228e-21
1.880817734172212350e-21
1.874476846444555112e-21
1.868087036375427703e-21
1.861789814637947512e-21
1.855443829976073583e-21
1.849189939394326001e-21
1.842957508639128082e-21
1.836676553493764943e-21
1.830486957517888970e-21
1.824318575486683075e-21
1.818171326300145346e-21
1.812045129207496503e-21
1.805939903805494710e-21
1.799855570036760544e-21
1.793792048188109481e-21
1.787749258888894550e-21
1.781727123109356495e-21
1.775725562158985239e-21
1.769812651283595602e-21
1.763851849042907561e-21
1.757911388026455122e-21
1.751991190882957446e-21
1.746158711965329026e-21
1.740278657391416631e-21
1.734485859981676068e-21
1.728645644287903066e-21
1.722892227755403649e-21
1.717091549839570289e-21
1.711377216116488247e-21
1.705682236906593243e-21
1.699940230995832607e-21
1.694283892677033694e-21
1.688646689970474297e-21
1.683028550672404719e-21
1.677429402885941351e-21
1.671849175019604929e-21
1.666222387040204379e-21
1.660679933857277968e-21
1.655221299577174515e-21
1.649716041533946321e-21
1.644229349983922649e-21
1.638761155137798883e-21
1.633311387501662735e-21
1.627879977875590798e-21
1.622531090570411393e-21
1.617136045455898068e-21
1.611759152911088558e-21
1.606464144108218466e-21
1.601123209018431957e-21
1.595800223645904572e-21
1.590558489671436423e-21
1.585271059824190531e-21
1.580064463373835519e-21
1.574875266317421832e-21
1.569640603093520593e-21
1.564486151547846001e-21
1.559348905220848168e-21
1.554228800062064142e-21
1.549063533407622967e-21
1.543977658977712419e-21
1.538908734780514916e-21
1.533856697833590265e-21
1.528821485418049933e-21
1.523803035077322127e-21
1.518801284615920810e-21
1.513816172098225450e-21
1.508847635847262825e-21
1.503895614443498244e-21
1.499020908311464050e-21
1.494101597742565744e-21
1.489198619672458535e-21
1.484311913698125594e-21
1.479501741017610827e-21
1.474647264908634019e-21
1.469808881563176209e-21
1.465046451676186511e-21
1.460239942880681836e-21
1.455509004194162251e-21
1.450734135769226896e-21
1.446034456547586934e-21
1.441350254987791471e-21
1.436622346677040019e-21
1.431969060933528566e-21
1.427331082639078729e-21
1.422708355645335418e-21
1.418042217563025299e-21
1.413449955026437127e-21
1.408872776376120219e-21
1.404310626386288831e-21
1.399763450058845398e-21
1.395231192622326722e-21
1.390713799530858823e-21
1.386211216463115918e-21
1.381723389321285796e-21
1.377250264230037080e-21
1.372849116182767192e-21
1.368405108592818465e-21
1.363975643097328361e-21
1.359560666699564774e-21
1.355216953899389887e-21
1.350830673090847604e-21
1.346458724031010704e-21
1.342157509431739186e-21
1.337813944214265590e-21
1.333540763571080925e-21
1.329225376709187804e-21
1.324980026721838751e-21
1.320692614403668690e-21
1.316474893430356701e-21
1.312270851133276447e-21
1.308024961545925532e-21
1.303848249206927863e-21
1.299685067425144443e-21
1.295535367338636459e-21
1.291344105006923974e-21
1.287221342009038703e-21
1.283111914984875556e-21
1.279015775862956803e-21
1.274932876766911382e-21
1.270863170014588675e-21
1.266806608117175290e-21
1.262763143778317101e-21
1.258732729893245252e-21
1.254715319547907415e-21
1.250764680865399204e-21
1.246773021322386507e-21
1.242794226026589092e-21
1.238828248817197304e-21
1.234928395272754055e-21
1.230987801454913034e-21
1.227059888666239283e-21
1.223197618836078436e-21
1.219294817908565147e-21
1.215457342025738398e-21
1.211579473961368109e-21
1.207766614973458570e-21
1.203913502210676756e-21
1.200125084487370259e-21
1.196348765830821682e-21
1.192532400208478449e-21
1.188780262310132697e-21
1.185040094459771531e-21
1.181260085312436155e-21
1.177543840836483171e-21
1.173839438936199047e-21
1.170146837559306877e-21
1.166465994821660430e-21
1.162796869006491268e-21
1.159139418563660384e-21
1.155493602108910955e-21
1.151859378423127697e-21
1.148236706451599211e-21
1.144625545303281655e-21
1.141025854250069752e-21
1.137437592726068923e-21
1.133860720326871368e-21
1.130295196808836853e-21
1.126791119630406983e-21
1.123248067334162461e-21
1.119716244427973357e-21
1.116245430344137458e-21
1.112735841944764318e-21
1.109237364860293576e-21
1.105799463015682798e-21
1.102322986528064879e-21
1.098906798482531668e-21
1.095452168376124748e-21
1.092057541630152359e-21
1.088624604906224359e-21
1.085251388164813260e-21
1.081888768503873245e-21
1.078488036192808196e-21
1.075146602100502229e-21
1.071815653941597604e-21
1.068446789343817880e-21
1.065136804963225263e-21
1.061837196679162163e-21
1.058547928256395871e-21
1.055268963602155694e-21
1.052000266765505900e-21
1.048741801936721483e-21
1.045493533446666184e-21
1.042255425766174841e-21
1.039027443505437995e-21
1.035809551413390065e-21
1.032601714377099223e-21
1.029403897421161966e-21
1.026216065707100324e-21
1.023038184532759439e-21
1.019870219331713049e-21
1.016758904711521327e-21
1.013610570709768059e-21
1.010472050044859647e-21
1.007389785723969248e-21
1.004270692947710218e-21
1.001161312067405220e-21
9.981077967599377844e-22
9.950176428259836329e-22
9.919830959411654374e-22
9.889120364587011619e-22
9.858963270138047867e-22
9.828442305157327151e-22
9.798472285451166015e-22
9.768139645831757511e-22
9.738355411294452357e-22
9.708663118389717043e-22
9.678610073706236397e-22
9.649101652754279339e-22
9.619684226032082749e-22
9.590357480987775304e-22
9.560672459048659242e-22
9.531527071011965941e-22
9.502471431837957070e-22
9.473505233785260346e-22
9.444628170300300089e-22
9.415839936012149501e-22
9.387140226727429958e-22
9.358528739425221589e-22
9.330005172251998308e-22
9.301569224516600459e-22
9.273220596685209343e-22
9.244958990376372523e-22
9.216784108356027256e-22
9.188695654532565295e-22
9.161129225336285712e-22
9.133211850499371666e-22
9.105380024679308451e-22
9.077633456298331583e-22
9.050404185277286910e-22
9.022826376945657361e-22
8.995332960270527463e-22
8.968353331578372013e-22
8.941026960092039003e-22
8.914212054479192988e-22
8.887051597335103628e-22
8.860400297220693254e-22
8.833404632189136215e-22
8.806915828517608429e-22
8.780083841912182889e-22
8.753756434080513123e-22
8.727087020685321462e-22
8.700919916470937966e-22
8.674832129230107411e-22
8.648404094957801314e-22
8.622474990727335694e-22
8.596624401042247876e-22
8.570852061176741296e-22
8.545157707409717231e-22
8.519126016069654978e-22
8.493587687963300236e-22
8.468126558650609296e-22
8.442742368393215345e-22
8.417434858436283928e-22
8.392203771004323492e-22
8.367048849297051405e-22
8.341969837485243992e-22
8.316966480706642990e-22
8.292038525061842264e-22
8.267185717610235636e-22
8.242407806365944039e-22
8.217704540293796263e-22
8.193479966155491083e-22
8.168924427630484530e-22
8.144442788881149640e-22
8.120034802628961930e-22
8.096101277724016675e-22
8.071839053018425484e-22
8.047649746564103906e-22
8.023931760034635630e-22
7.999886760955289991e-22
7.975913954117091505e-22
7.952409352056918137e-22
7.928579414735359917e-22
7.905215620555059127e-22
7.881527604460457990e-22
7.858303681344618728e-22
7.834756645270788477e-22
7.811671663410346633e-22
7.788264673175357840e-22
7.765317709708968228e-22
7.742439022726128873e-22
7.719239977052399702e-22
7.696497939005939949e-22
7.673823499447348669e-22
7.651216434703378350e-22
7.628291196318969837e-22
7.605818979567709117e-22
7.583413469692632299e-22
7.561074446337347605e-22
7.538801689964630478e-22
7.516213467540675552e-22
7.494073346378435159e-22
7.471998836593477525e-22
7.449989721896881817e-22
7.428045786801993632e-22
7.406166816621073429e-22
7.384352597461996680e-22
7.362602916224941798e-22
7.340917560599101575e-22
7.319671091016363958e-22
7.298113012895575716e-22
7.276618629980242055e-22
7.255187733077678662e-22
7.233820113768023875e-22
7.212515564401061084e-22
7.191644237771551776e-22
7.170464479347635252e-22
7.149347174294854640e-22
7.128660295894028610e-22
7.107666560820456499e-22
7.086734669327870439e-22
7.066230431197654375e-22
7.045420902152077607e-22
7.025037190749799135e-22
7.004349227682713199e-22
6.983722107307026110e-22
6.963518068775605638e-22
6.943373057069143940e-22
6.922925859841253649e-22
6.902899032592560413e-22
6.882571046750080477e-22
6.862661634613853775e-22
6.842810292794811011e-22
6.822659325997367855e-22
6.802924257518766950e-22
