9.487500000000001141e-03 2.442734933958654888e-04 1.530024697537656271e-04 1.404414656084044448e-04
1.846249999999999974e-02 2.904615797041937156e-04 1.659652027117946302e-04 1.539170012943117142e-04
2.743750000000000355e-02 3.254700840126183809e-04 1.866901971373200755e-04 1.596357200656454414e-04
3.641250000000000042e-02 3.630651013679937322e-04 2.068227934956997629e-04 1.679770856362447669e-04
4.538749999999999729e-02 4.118417536125402404e-04 2.331233218738611255e-04 1.848852247746549462e-04
5.436249999999999416e-02 4.860273265071114821e-04 2.689955036646547509e-04 1.940026012365857493e-04
6.333750000000000491e-02 6.008630426953625280e-04 3.127800477921876578e-04 2.384571911012562902e-04
7.231250000000000178e-02 7.214138455027759326e-04 3.607153594930790816e-04 2.544663026172773869e-04
8.128750000000001252e-02 8.152271155620322398e-04 4.031341795218223003e-04 2.756017802968763674e-04
9.026249999999999551e-02 9.494507585816522582e-04 4.666239525452772416e-04 3.116246714612427100e-04
9.923750000000000626e-02 1.084214852700855249e-03 5.192941788782604083e-04 3.182770270427287898e-04
1.082125000000000170e-01 1.241193166731815014e-03 5.486533424214535713e-04 3.388855169534294234e-04
1.171875000000000000e-01 1.431586631390180907e-03 5.870461476049843638e-04 3.545433414597187597e-04
1.261625000000000107e-01 1.708139156455722738e-03 6.533789083330568057e-04 3.910293681679038102e-04
1.351375000000000215e-01 2.028200582039154688e-03 6.929335679266363434e-04 4.546565991146294403e-04
1.441125000000000045e-01 2.417242715516431262e-03 7.762979362828947589e-04 5.118301340946052221e-04
1.530875000000000152e-01 2.727044237677878763e-03 8.165479785557854886e-04 5.458801604286168951e-04
1.620624999999999982e-01 3.103904156034352317e-03 8.981627511337580408e-04 6.181585939316544542e-04
1.710375000000000090e-01 3.534085043776602313e-03 9.689531301583518066e-04 6.794496519962209486e-04
1.800125000000000197e-01 4.015740694049662642e-03 1.013695483329448734e-03 7.159443765415058085e-04
1.889875000000000027e-01 4.566620858051855664e-03 1.051405576864470953e-03 7.783889560503741509e-04
1.979625000000000135e-01 5.147406283239245629e-03 1.144874778584928235e-03 8.456601086450309373e-04
2.069374999999999964e-01 5.726971355819929915e-03 1.207623086847495674e-03 8.956524091039193974e-04
2.159125000000000072e-01 6.317817765309212581e-03 1.258311296967408585e-03 9.111481713416242365e-04
2.248875000000000179e-01 6.869113879599928960e-03 1.312349359437644343e-03 8.841957434260026708e-04
2.338625000000000287e-01 7.572061840595531272e-03 1.372619033987990860e-03 9.014555645797476527e-04
2.428375000000000117e-01 8.436120999783629226e-03 1.491747490941101439e-03 8.973659425002743434e-04
2.518124999999999947e-01 9.387619897648418962e-03 1.544827780281691609e-03 9.013964042470188351e-04
2.607875000000000609e-01 1.049264954183979845e-02 1.644116724562224392e-03 8.757113066407021338e-04
2.697625000000000162e-01 1.172194084806617125e-02 1.758379284335012368e-03 8.952660451961048102e-04
2.787374999999999714e-01 1.304378082692261853e-02 1.899265354889347968e-03 9.064079010433989886e-04
2.877125000000000377e-01 1.457136166493141864e-02 1.990424470081962691e-03 9.217934939613224360e-04
2.966874999999999929e-01 1.615131766526467852e-02 2.093345170523841069e-03 9.319550494133891153e-04
3.056625000000000592e-01 1.776748767482561400e-02 2.182358664416770861e-03 9.297655685754927174e-04
3.146375000000000144e-01 1.924664132160042521e-02 2.281310026735120129e-03 9.527041470413723147e-04
3.236124999999999696e-01 2.041651719034321549e-02 2.276141736417839224e-03 9.326459888313745963e-04
3.325875000000000359e-01 2.152399452954732728e-02 2.251160112590824998e-03 9.007323054473130673e-04
3.415624999999999911e-01 2.256115914208458445e-02 2.231775873885910762e-03 8.476861842529547462e-04
3.505375000000000574e-01 2.337153017118525147e-02 2.175835098112297028e-03 8.350194754600399330e-04
3.595125000000000126e-01 2.399273693069220795e-02 2.122526074629179586e-03 7.802559300543131758e-04
3.684874999999999678e-01 2.449033235988308174e-02 2.103887244827509859e-03 7.245084983426888477e-04
3.774625000000000341e-01 2.453616882403701974e-02 2.085335064795549361e-03 6.575494905094140131e-04
3.864374999999999893e-01 2.438122211749365817e-02 2.076294861289751121e-03 6.248127617279708272e-04
3.954125000000000556e-01 2.401262746966441666e-02 2.056725252864902761e-03 5.865985633355872949e-04
4.043875000000000108e-01 2.381989501434159454e-02 2.078934996582391861e-03 5.413331280702355849e-04
4.133625000000000216e-01 2.387044938906572253e-02 2.199132727187775617e-03 5.013609675534170087e-04
4.223375000000000323e-01 2.393175752757662270e-02 2.377806663157947496e-03 4.908882630526439916e-04
4.313124999999999876e-01 2.383827469643693200e-02 2.613513184246162632e-03 4.904711633550733110e-04
4.402875000000000538e-01 2.406274481439572496e-02 2.975684200453193682e-03 5.016643863549915920e-04
4.492625000000000091e-01 2.437938460976547470e-02 3.466648333886641984e-03 5.124746192790583313e-04
4.582375000000000198e-01 2.455233861003055726e-02 3.951960770537724793e-03 5.097258068359610417e-04
4.672125000000000306e-01 2.495398127160479082e-02 4.600515863697559986e-03 5.322518224851399693e-04
4.761874999999999858e-01 2.557429877192701415e-02 5.441523328503150223e-03 5.378064476371357400e-04
4.851625000000000520e-01 2.622677987341300379e-02 6.392716941397762372e-03 5.779529089099686226e-04
4.941375000000000073e-01 2.676520668105869180e-02 7.457534128190572778e-03 6.359517455513943266e-04
5.031125000000000735e-01 2.691171925781295216e-02 8.683786976629397775e-03 7.103503262633875095e-04
5.120875000000000288e-01 2.674042498144108687e-02 9.927207027692126762e-03 7.776408189554502364e-04
5.210624999999999840e-01 2.648986100629649801e-02 1.137712601423537459e-02 8.304799954705010222e-04
5.300375000000000503e-01 2.552494072064360325e-02 1.296458458003365601e-02 8.931888686729929673e-04
5.390125000000000055e-01 2.420265595860708260e-02 1.467451438253317315e-02 9.621761768030707984e-04
5.479875000000000718e-01 2.283383290613743427e-02 1.671437962821669190e-02 1.037979309327312751e-03
5.569625000000000270e-01 2.118940443117275224e-02 1.884075304126982958e-02 1.144519040553721497e-03
5.659374999999999822e-01 1.933703315846228843e-02 2.066874261566560220e-02 1.219796698582399598e-03
5.749125000000000485e-01 1.742619341967540855e-02 2.251159410914132727e-02 1.323457892846404988e-03
5.838875000000000037e-01 1.542540771154316329e-02 2.432802492462673646e-02 1.424079098347376870e-03
5.928625000000000700e-01 1.349299423463255071e-02 2.604883007606177345e-02 1.487881937323307872e-03
6.018375000000000252e-01 1.175509292770905712e-02 2.788702969769049980e-02 1.597362817175871199e-03
6.108124999999999805e-01 1.006452422800181018e-02 2.940914811511919844e-02 1.682005234610837357e-03
6.197875000000000467e-01 8.663163444880073519e-03 3.059804821927974636e-02 1.768857056526964297e-03
6.287625000000000020e-01 7.436462847899539229e-03 3.134297801990698629e-02 1.860844835747857808e-03
6.377375000000000682e-01 6.333664392443813691e-03 3.141702796167505918e-02 2.000541928674542860e-03
6.467125000000000234e-01 5.356855567068790139e-03 3.115305121676824676e-02 2.087751086093558167e-03
6.556874999999999787e-01 4.485392375738792015e-03 3.108683397283566394e-02 2.276084403881017872e-03
6.646625000000000449e-01 3.740126676962864972e-03 3.094792944613517643e-02 2.522019597659433572e-03
6.736375000000000002e-01 3.103111422796336547e-03 3.054671992908667560e-02 2.763911954157653467e-03
6.826125000000000664e-01 2.566819433558554207e-03 2.985132171453683259e-02 3.123867800462528082e-03
6.915875000000000217e-01 2.066372127517186828e-03 2.873954862334693328e-02 3.505331171998471006e-03
7.005624999999999769e-01 1.664144871373434342e-03 2.757395068767895877e-02 3.908339662651844244e-03
7.095375000000000432e-01 1.388619710106752921e-03 2.634876813921770838e-02 4.448260764500333586e-03
7.185124999999999984e-01 1.193515078405010810e-03 2.515637396709974327e-02 4.956807796945477199e-03
7.274875000000000647e-01 1.018785254487164981e-03 2.419562888775341966e-02 5.448419072139306166e-03
7.364625000000000199e-01 9.247023943777479176e-04 2.318383442701090619e-02 5.971725395076050644e-03
7.454374999999999751e-01 8.218699286899035445e-04 2.186320061414194146e-02 6.562496802342565778e-03
7.544125000000000414e-01 6.935518507489467008e-04 2.035968225377629559e-02 7.205976741760318320e-03
7.633875000000001076e-01 5.993727100673826389e-04 1.884444668014242583e-02 7.926012409312401322e-03
7.723625000000000629e-01 5.311343970446803916e-04 1.738899228849379724e-02 8.677224836145283962e-03
7.813375000000000181e-01 4.771432599063228858e-04 1.601312369897176652e-02 9.422239385022278604e-03
7.903124999999999734e-01 4.280121007421472303e-04 1.466722942401419393e-02 1.034050182310004146e-02
7.992875000000000396e-01 3.922278392004931516e-04 1.337103326347261444e-02 1.132758160667572504e-02
8.082625000000001059e-01 3.551385369053985182e-04 1.216502678509953986e-02 1.254392335547338533e-02
8.172375000000000611e-01 3.192995287950195927e-04 1.095918383761566514e-02 1.388923870602249908e-02
8.262125000000000163e-01 2.927839164671189559e-04 9.833482782988385226e-03 1.529284679692643166e-02
8.351874999999999716e-01 2.832689529440229393e-04 8.852897995483314034e-03 1.658153590540640057e-02
8.441625000000000378e-01 2.726394022377965948e-04 7.934643553258603765e-03 1.772546007682368474e-02
8.531375000000001041e-01 2.525413573284873356e-04 7.129250587532673725e-03 1.865847654473547571e-02
8.621125000000000593e-01 2.441126015529691633e-04 6.331254228180400491e-03 1.940965414147856338e-02
8.710875000000000146e-01 2.378471135049879486e-04 5.661469558637726926e-03 2.002331924052929563e-02
8.800624999999999698e-01 2.313021368496062343e-04 5.027613529554146414e-03 2.059333731280877863e-02
8.890375000000000361e-01 2.060799338727434217e-04 4.397656042993421110e-03 2.075013973231573661e-02
8.980125000000001023e-01 1.879012178301617882e-04 3.802213211551778299e-03 2.053333717726596452e-02
9.069875000000000576e-01 1.703362006114475557e-04 3.220661404078670360e-03 2.001924920877329664e-02
9.159625000000000128e-01 1.563349726620459558e-04 2.712191787259459960e-03 1.936614043992970421e-02
9.249374999999999680e-01 1.470356492678450311e-04 2.256710295184834788e-03 1.860542983441218837e-02
9.339125000000000343e-01 1.393824738996310593e-04 1.874431856387529438e-03 1.777691459793511938e-02
9.428875000000001005e-01 1.313362883099560593e-04 1.526807087901994311e-03 1.702074800885207406e-02
9.518625000000000558e-01 1.343528534109902223e-04 1.271376035440541837e-03 1.639204430579834990e-02
9.608375000000000110e-01 1.274408832147939843e-04 1.046843579811939338e-03 1.577103427402974309e-02
9.698124999999999662e-01 1.141709301958331605e-04 8.533420440546741776e-04 1.487832999914271911e-02
9.787875000000000325e-01 1.132934357409998155e-04 7.403892195580031145e-04 1.416654929742499139e-02
9.877625000000000988e-01 1.109612234588498638e-04 6.673649369068868596e-04 1.353722781035654986e-02
9.967375000000000540e-01 1.089099573785051104e-04 6.301598377954339752e-04 1.298659464866992741e-02
1.005712500000000009e+00 1.080009471787881568e-04 5.859031834360777739e-04 1.251093151578985471e-02
1.014687499999999964e+00 1.037548744130725986e-04 5.797357515628985634e-04 1.217320306728286901e-02
1.023662499999999920e+00 1.097269761071965893e-04 5.743581398656213283e-04 1.179853116067869009e-02
1.032637499999999875e+00 1.079438541768601363e-04 5.565518697202503180e-04 1.145410812359258512e-02
1.041612499999999830e+00 1.127677869593659448e-04 5.565755729428188562e-04 1.105061926136039797e-02
1.050587500000000007e+00 1.091986741723257877e-04 5.404340234265473872e-04 1.066595673381165801e-02
1.059562499999999963e+00 1.234300705210021533e-04 5.562575904607926702e-04 1.044843590306841416e-02
1.068537499999999918e+00 1.282366006384459862e-04 5.552620876600419288e-04 1.013987614088383317e-02
1.077512499999999873e+00 1.371805853015631413e-04 5.652059078789735446e-04 1.002609610746065492e-02
1.086487500000000050e+00 1.435853704719154895e-04 5.771528038788912348e-04 1.010102216913274890e-02
1.095462500000000006e+00 1.532962325926149315e-04 5.988879546308386670e-04 1.013612984368493161e-02
1.104437499999999961e+00 1.575606650316671077e-04 5.950617252649977170e-04 1.005290957464010163e-02
1.113412499999999916e+00 1.567424862297590090e-04 5.889622809647780850e-04 1.014321693182691775e-02
1.122387499999999871e+00 1.582294256152778770e-04 5.901985420583925326e-04 1.025629530699349000e-02
1.131362499999999827e+00 1.588675454935225401e-04 5.926030286794393889e-04 1.026586908071453613e-02
1.140337500000000004e+00 1.628050335072107294e-04 5.939889345103572735e-04 1.027802609711387684e-02
1.149312499999999959e+00 1.599664562048700703e-04 5.977707321278940807e-04 1.033139119984770836e-02
1.158287499999999914e+00 1.676854717905269115e-04 6.083338651036493796e-04 1.039230494767303357e-02
1.167262499999999870e+00 1.808970052092651070e-04 6.050734572270782732e-04 1.039270600748936485e-02
1.176237500000000047e+00 1.839282866452015034e-04 5.977715889690196930e-04 1.015476163249864373e-02
1.185212500000000002e+00 1.793920918424508871e-04 5.775966507148587231e-04 9.796271316771940768e-03
1.194187499999999957e+00 1.751750025854502076e-04 5.485657240515365990e-04 9.468545193264161705e-03
1.203162499999999913e+00 1.770143099277999188e-04 5.258023661094615589e-04 9.077598246167550844e-03
1.212137499999999868e+00 1.897008167504530532e-04 5.352421178693621750e-04 8.708300432157398824e-03
1.221112499999999823e+00 1.947573601844101217e-04 5.212400157768451794e-04 8.369686823538275214e-03
1.230087500000000000e+00 1.948184881545962036e-04 5.130341728506933882e-04 8.110740444394068382e-03
1.239062499999999956e+00 1.921299982321653338e-04 4.950279021776162391e-04 7.810411542131786254e-03
1.248037499999999911e+00 1.816056204100709669e-04 4.680088806954625842e-04 7.559093090457168033e-03
1.257012499999999866e+00 1.677810668685493381e-04 4.593660986882966901e-04 7.369718448073310155e-03
1.265987500000000043e+00 1.663991192123412421e-04 4.476034131867063430e-04 7.255480635712888496e-03
1.274962499999999999e+00 1.636680672439914410e-04 4.326834559425019652e-04 7.223345993043994197e-03
1.283937499999999954e+00 1.621123658435684478e-04 4.377969760950850835e-04 7.240742602477080909e-03
1.292912499999999909e+00 1.610566975231772632e-04 4.420384157622857767e-04 7.155467628877310894e-03
1.301887499999999864e+00 1.602791360925331454e-04 4.461992447279896517e-04 7.016647981437155492e-03
1.310862499999999820e+00 1.480986809197068943e-04 4.338655804428360151e-04 6.884425060573089519e-03
1.319837499999999997e+00 1.551434330446260388e-04 4.409378643405922329e-04 6.798282217192977255e-03
1.328812499999999952e+00 1.514131511271263385e-04 4.237854297965475635e-04 6.554031658383139766e-03
1.337787499999999907e+00 1.575403107910269059e-04 4.187419415222121718e-04 6.300886436535322981e-03
1.346762499999999863e+00 1.577375726131081046e-04 3.962819019352763661e-04 5.944795349252374531e-03
1.355737500000000040e+00 1.546894140344896179e-04 3.849841119550245685e-04 5.589369919753015351e-03
1.364712499999999995e+00 1.559127203768652229e-04 3.925665512441762909e-04 5.335333472006895637e-03
1.373687499999999950e+00 1.549937733675772788e-04 3.891661621639680522e-04 5.112148085396149740e-03
1.382662499999999905e+00 1.548203901487963925e-04 3.982865703933496059e-04 4.993769989620019077e-03
1.391637499999999861e+00 1.628292684110520337e-04 3.931062779947516218e-04 4.862436440945919897e-03
1.400612499999999816e+00 1.806707126778184691e-04 4.108020931627933857e-04 4.775445414404895506e-03
1.409587499999999993e+00 1.815594990089097966e-04 4.074544233456571063e-04 4.676899273046432673e-03
1.418562499999999948e+00 1.860298077372461386e-04 4.195462954936236269e-04 4.623889074196032949e-03
1.427537499999999904e+00 1.814317119494590950e-04 4.252910182011445349e-04 4.591878100138538712e-03
1.436512499999999859e+00 1.864701772401712923e-04 4.319602114513021104e-04 4.525138040192912964e-03
1.445487500000000036e+00 1.881559330424302002e-04 4.357692680141776590e-04 4.478331603935874726e-03
1.454462499999999991e+00 1.843762872109647123e-04 4.274107527789365460e-04 4.317169627109306365e-03
1.463437499999999947e+00 1.883090542344182826e-04 4.267049668641154352e-04 4.108800124843744843e-03
1.472412499999999902e+00 1.859641891142858330e-04 4.116275738475003013e-04 3.839035522833510617e-03
1.481387499999999857e+00 1.711718748625286042e-04 3.841439161156275702e-04 3.569621127527623696e-03
1.490362500000000034e+00 1.626508220961834963e-04 3.686942138747304029e-04 3.260936327996429365e-03
1.499337499999999990e+00 1.550337071174827364e-04 3.460295294828401986e-04 2.904063152229684284e-03
1.508312499999999945e+00 1.525509665273976350e-04 3.266671626210502469e-04 2.612819934983632783e-03
1.517287499999999900e+00 1.466238853851942463e-04 3.076046789433321154e-04 2.299610206987899152e-03
1.526262500000000077e+00 1.391177375999479604e-04 2.908264690596672436e-04 2.052122738412298295e-03
1.535237500000000033e+00 1.433627216125892771e-04 2.825907780982061363e-04 1.820569672745758370e-03
1.544212499999999988e+00 1.499300209100545270e-04 2.795909434016777121e-04 1.654949927814061000e-03
1.553187499999999943e+00 1.492679687470004166e-04 2.698601009501086999e-04 1.509235961858316349e-03
1.562162499999999898e+00 1.481321382837591288e-04 2.632384582567782300e-04 1.410197114916773549e-03
1.571137499999999854e+00 1.483346725231074275e-04 2.586542261076921743e-04 1.340832580527387581e-03
1.580112500000000031e+00 1.502665238860284721e-04 2.582902082033569483e-04 1.314397914650631844e-03
1.589087499999999986e+00 1.513133683823064907e-04 2.584467406727387027e-04 1.265808850502212271e-03
1.598062499999999941e+00 1.557577814453185759e-04 2.611490709445342265e-04 1.244071637959398222e-03
1.607037499999999897e+00 1.586473954390006235e-04 2.727659876770239969e-04 1.241985055478628122e-03
1.616012500000000074e+00 1.641475507625603540e-04 2.786341904057370645e-04 1.225824571135621143e-03
1.624987500000000029e+00 1.639828178032079280e-04 2.759686908676050113e-04 1.209701536186154596e-03
1.633962499999999984e+00 1.591382740640436965e-04 2.707691406932360013e-04 1.172388453081573464e-03
1.642937499999999940e+00 1.608777893448788731e-04 2.696510679721404323e-04 1.121158430222569946e-03
1.651912499999999895e+00 1.586824808519219428e-04 2.629713323108284046e-04 1.056195405339500470e-03
1.660887499999999850e+00 1.552635159518700079e-04 2.562700016551622381e-04 9.800649974807335366e-04
1.669862500000000027e+00 1.474404290109895051e-04 2.421486256334237023e-04 9.012336381744835093e-04
1.678837499999999983e+00 1.465268547757118131e-04 2.401647975900262646e-04 8.488770188226100804e-04
1.687812499999999938e+00 1.407910240376071109e-04 2.288968985747684654e-04 7.899960861723189041e-04
1.696787499999999893e+00 1.376557770652847134e-04 2.130610367773506811e-04 7.315907410777467562e-04
1.705762500000000070e+00 1.304209243263407703e-04 1.952950386343388443e-04 6.613864421911716182e-04
1.714737500000000026e+00 1.281207124705168691e-04 1.899552491913570089e-04 5.898470004099960447e-04
1.723712499999999981e+00 1.304275916211736989e-04 1.836770936359690787e-04 5.281188740058301127e-04
1.732687499999999936e+00 1.221781019354686057e-04 1.711200809237476306e-04 4.688999655605545231e-04
1.741662499999999891e+00 1.219858324231057247e-04 1.657083434948057393e-04 4.213895492570817521e-04
1.750637499999999847e+00 1.197586752973004879e-04 1.600252081274754863e-04 3.839768398211176621e-04
1.759612500000000024e+00 1.146430430708021263e-04 1.527807952672286277e-04 3.496682968532558171e-04
1.768587499999999979e+00 1.103858033886455207e-04 1.364621709767263027e-04 2.959312601112468145e-04
1.777562499999999934e+00 1.055588343102089807e-04 1.274710996522237421e-04 2.468825916450994749e-04
1.786537499999999890e+00 1.029181843043610180e-04 1.218308378432175792e-04 2.129561761480706970e-04
1.795512500000000067e+00 9.573367423300322256e-05 1.121605145354277435e-04 1.787164837508736022e-04
