# MICE simulation (values from Juan Mena)
8.000000000000000444e-01 4.834382116509139848e+01
8.040404040404041108e-01 4.807399181459207682e+01
8.080808080808081773e-01 4.775469495927852392e+01
8.121212121212121327e-01 4.738448336944512818e+01
8.161616161616161991e-01 4.696207808625302249e+01
8.202020202020202655e-01 4.648625372335335015e+01
8.242424242424243319e-01 4.595600208398690967e+01
8.282828282828282873e-01 4.537043978941794364e+01
8.323232323232323537e-01 4.472892968688715598e+01
8.363636363636364202e-01 4.403105410151592025e+01
8.404040404040404866e-01 4.327659536449312583e+01
8.444444444444444420e-01 4.246564361785878106e+01
8.484848484848485084e-01 4.159852559791145410e+01
8.525252525252525748e-01 4.067589791484793693e+01
8.565656565656566412e-01 3.969872732784664038e+01
8.606060606060605966e-01 3.866834090171172278e+01
8.646464646464646631e-01 3.758642927481648144e+01
8.686868686868687295e-01 3.645501022689784065e+01
8.727272727272727959e-01 3.527649639949204641e+01
8.767676767676767513e-01 3.405363324961173532e+01
8.808080808080808177e-01 3.278957030716438226e+01
8.848484848484848841e-01 3.148779876867859429e+01
8.888888888888889506e-01 3.015210836105607939e+01
8.929292929292929060e-01 2.878669103170078358e+01
8.969696969696969724e-01 2.739600210137558989e+01
9.010101010101010388e-01 2.598482470302051439e+01
9.050505050505051052e-01 2.455822309176108575e+01
9.090909090909091717e-01 2.312142471717406167e+01
9.131313131313131271e-01 2.167990850480069298e+01
9.171717171717171935e-01 2.023931399510097506e+01
9.212121212121212599e-01 1.880540235993888487e+01
9.252525252525252153e-01 1.738411403291910773e+01
9.292929292929292817e-01 1.598143192148545744e+01
9.333333333333333481e-01 1.460336613633771563e+01
9.373737373737374146e-01 1.325594634560183493e+01
9.414141414141414810e-01 1.194514197575328041e+01
9.454545454545454364e-01 1.067689084472177896e+01
9.494949494949495028e-01 9.457062048510458396e+00
9.535353535353535692e-01 8.291369085753936830e+00
9.575757575757575246e-01 7.185342438038547996e+00
9.616161616161615910e-01 6.144300179202107692e+00
9.656565656565656575e-01 5.173320878894939412e+00
9.696969696969697239e-01 4.277227869049169406e+00
9.737373737373737903e-01 3.460532404885831248e+00
9.777777777777777457e-01 2.727391449682342817e+00
9.818181818181818121e-01 2.081571417676974178e+00
9.858585858585858785e-01 1.526414817478792818e+00
9.898989898989898339e-01 1.064807457282886505e+00
9.939393939393939004e-01 6.991524315092675357e-01
9.979797979797979668e-01 4.313492305748312106e-01
1.002020202020202033e+00 2.627754975249413927e-01
1.006060606060606100e+00 1.942634080952033160e-01
1.010101010101010166e+00 2.260826224550827601e-01
1.014141414141414232e+00 3.579367229393730643e-01
1.018181818181818077e+00 5.889682863162012394e-01
1.022222222222222143e+00 9.177642064253187515e-01
1.026262626262626210e+00 1.342362200966315644e+00
1.030303030303030276e+00 1.860269936111869304e+00
1.034343434343434343e+00 2.468498237897719161e+00
1.038383838383838409e+00 3.163584134149076021e+00
1.042424242424242475e+00 3.941637710348108836e+00
1.046464646464646542e+00 4.798382848356634867e+00
1.050505050505050608e+00 5.729184214000027531e+00
1.054545454545454453e+00 6.729103977472077780e+00
1.058585858585858519e+00 7.792958345243632401e+00
1.062626262626262585e+00 8.915347012601449350e+00
1.066666666666666652e+00 1.009073551823175663e+01
1.070707070707070718e+00 1.131350540596633181e+01
1.074747474747474785e+00 1.257797242560960349e+01
1.078787878787878851e+00 1.387846831741974896e+01
1.082828282828282696e+00 1.520937799292900650e+01
1.086868686868686762e+00 1.656515201190005726e+01
1.090909090909090828e+00 1.794038311549578779e+01
1.094949494949494895e+00 1.932986327655602565e+01
1.098989898989898961e+00 2.072856351691360999e+01
1.103030303030303028e+00 2.213167319433279090e+01
1.107070707070707094e+00 2.353467341096803978e+01
1.111111111111111160e+00 2.493329659826812872e+01
1.115151515151515227e+00 2.632351531999113448e+01
1.119191919191919293e+00 2.770162898270516649e+01
1.123232323232323138e+00 2.906424217160211398e+01
1.127272727272727204e+00 3.040821949380418232e+01
1.131313131313131271e+00 3.173075295495151593e+01
1.135353535353535337e+00 3.302937117030068492e+01
1.139393939393939403e+00 3.430183852447799353e+01
1.143434343434343470e+00 3.554617354379998062e+01
1.147474747474747314e+00 3.676071176174575328e+01
1.151515151515151381e+00 3.794404005887941622e+01
1.155555555555555447e+00 3.909495521363996318e+01
1.159595959595959513e+00 4.021252240660809463e+01
1.163636363636363580e+00 4.129604117608135994e+01
1.167676767676767646e+00 4.234495197907975950e+01
1.171717171717171713e+00 4.335886783869950989e+01
1.175757575757575779e+00 4.433761311870201638e+01
1.179797979797979846e+00 4.528115231223447523e+01
1.183838383838383912e+00 4.618956001404656320e+01
1.187878787878787978e+00 4.706306951418789453e+01
1.191919191919191823e+00 4.790203692541570035e+01
1.195959595959595889e+00 4.870686970194834942e+01
1.199999999999999956e+00 4.947805294431628198e+01
