9.487500000000001141e-03 1.882408201951099634e-04
1.846249999999999974e-02 2.152545091915825982e-04
2.743750000000000355e-02 2.383575930415158194e-04
3.641250000000000042e-02 2.629741290860154431e-04
4.538749999999999729e-02 2.964372509466914134e-04
5.436249999999999416e-02 3.419347222106021498e-04
6.333750000000000491e-02 4.156641102436229294e-04
7.231250000000000178e-02 4.863598414380494012e-04
8.128750000000001252e-02 5.452033682405554166e-04
9.026249999999999551e-02 6.317373820434944416e-04
9.923750000000000626e-02 7.077518550890294843e-04
1.082125000000000170e-01 7.885024823362078196e-04
1.171875000000000000e-01 8.851435916684438588e-04
1.261625000000000107e-01 1.032418766786754325e-03
1.351375000000000215e-01 1.195348057184963736e-03
1.441125000000000045e-01 1.400548861998616740e-03
1.530875000000000152e-01 1.552299957650183802e-03
1.620624999999999982e-01 1.755431858202515568e-03
1.710375000000000090e-01 1.974589025343980939e-03
1.800125000000000197e-01 2.200495723539276464e-03
1.889875000000000027e-01 2.459268937394950855e-03
1.979625000000000135e-01 2.750713203998268481e-03
2.069374999999999964e-01 3.027035929288334187e-03
2.159125000000000072e-01 3.295686474816394464e-03
2.248875000000000179e-01 3.538688207115767148e-03
2.338625000000000287e-01 3.858014968760333559e-03
2.428375000000000117e-01 4.259771361453875381e-03
2.518124999999999947e-01 4.677658836125179846e-03
2.607875000000000609e-01 5.168481358962659887e-03
2.697625000000000162e-01 5.727369295201858133e-03
2.787374999999999714e-01 6.332088592139984221e-03
2.877125000000000377e-01 7.007150780606075623e-03
2.966874999999999929e-01 7.706913769106796611e-03
3.056625000000000592e-01 8.414153976638027999e-03
3.146375000000000144e-01 9.073384442516022400e-03
3.236124999999999696e-01 9.557197270473122980e-03
3.325875000000000359e-01 1.000525967216909541e-02
3.415624999999999911e-01 1.042066982304224766e-02
3.505375000000000574e-01 1.073828357171020299e-02
3.595125000000000126e-01 1.096737251647960688e-02
3.684874999999999678e-01 1.115620655241182299e-02
3.774625000000000341e-01 1.115300223038855065e-02
3.864374999999999893e-01 1.107710043815315730e-02
3.954125000000000556e-01 1.090673983086545666e-02
4.043875000000000108e-01 1.082261936549590124e-02
4.133625000000000216e-01 1.087509891643098810e-02
4.223375000000000323e-01 1.095908048485035383e-02
4.313124999999999876e-01 1.100000202247315359e-02
4.402875000000000538e-01 1.122003226679009133e-02
4.492625000000000091e-01 1.152243368275198548e-02
4.582375000000000198e-01 1.175941948710293970e-02
4.672125000000000306e-01 1.215389750502355454e-02
4.761874999999999858e-01 1.270144864303115496e-02
4.851625000000000520e-01 1.330829772757023688e-02
4.941375000000000073e-01 1.391029569853843156e-02
5.031125000000000735e-01 1.440688804705248481e-02
5.120875000000000288e-01 1.477439226374586793e-02
5.210624999999999840e-01 1.517546135811534240e-02
5.300375000000000503e-01 1.532625927894070567e-02
5.390125000000000055e-01 1.537044074291928596e-02
5.479875000000000718e-01 1.550902711045729250e-02
5.569625000000000270e-01 1.556891419102666811e-02
5.659374999999999822e-01 1.543257816569091299e-02
5.749125000000000485e-01 1.528361722999291815e-02
5.838875000000000037e-01 1.508723028769639977e-02
5.928625000000000700e-01 1.487810790339472340e-02
6.018375000000000252e-01 1.480145718506645919e-02
6.108124999999999805e-01 1.463111412049621259e-02
6.197875000000000467e-01 1.446914360160059428e-02
6.287625000000000020e-01 1.423054488525548125e-02
6.377375000000000682e-01 1.382706571997615805e-02
6.467125000000000234e-01 1.334874797966823304e-02
6.556874999999999787e-01 1.300620803030526872e-02
6.646625000000000449e-01 1.270568819729016134e-02
6.736375000000000002e-01 1.236031329393101098e-02
6.826125000000000664e-01 1.198544777077015060e-02
6.915875000000000217e-01 1.148909268260606131e-02
7.005624999999999769e-01 1.102077614874994241e-02
7.095375000000000432e-01 1.061822606368165514e-02
7.185124999999999984e-01 1.025299852296702140e-02
7.274875000000000647e-01 9.971066259837714496e-03
7.364625000000000199e-01 9.713191912682392695e-03
7.454374999999999751e-01 9.362781830118809337e-03
7.544125000000000414e-01 8.952132376490730750e-03
7.633875000000001076e-01 8.570219705850522576e-03
7.723625000000000629e-01 8.227022764259092277e-03
7.813375000000000181e-01 7.915389566514387590e-03
7.903124999999999734e-01 7.657663768468696112e-03
7.992875000000000396e-01 7.438996776451131492e-03
8.082625000000001059e-01 7.305616289618137651e-03
8.172375000000000611e-01 7.203836748825735714e-03
8.262125000000000163e-01 7.147257716681088349e-03
8.351874999999999716e-01 7.119546024126267858e-03
8.441625000000000378e-01 7.077758128849045982e-03
8.531375000000001041e-01 7.019678534262182787e-03
8.621125000000000593e-01 6.925271002709945320e-03
8.710875000000000146e-01 6.842324450200420669e-03
8.800624999999999698e-01 6.760988760362243548e-03
8.890375000000000361e-01 6.573762361063852783e-03
8.980125000000001023e-01 6.311372685361615539e-03
9.069875000000000576e-01 5.982463090709259045e-03
9.159625000000000128e-01 5.646478751391734337e-03
9.249374999999999680e-01 5.304615940285813992e-03
9.339125000000000343e-01 4.972044831508802033e-03
9.428875000000001005e-01 4.668502833306480831e-03
9.518625000000000558e-01 4.431628624053250004e-03
9.608375000000000110e-01 4.202957503111135439e-03
9.698124999999999662e-01 3.916831845463863808e-03
9.787875000000000325e-01 3.706827248351816755e-03
9.877625000000000988e-01 3.529633524635734931e-03
9.967375000000000540e-01 3.383672879423774149e-03
1.005712500000000009e+00 3.253823537480100662e-03
1.014687499999999964e+00 3.168713271920396441e-03
1.023662499999999920e+00 3.079269321033677436e-03
1.032637499999999875e+00 2.989620703445424865e-03
1.041612499999999830e+00 2.894602312419598030e-03
1.050587500000000007e+00 2.795092973597243079e-03
1.059562499999999963e+00 2.754124295524549432e-03
1.068537499999999918e+00 2.681584470415789966e-03
1.077512499999999873e+00 2.661350669556837318e-03
1.086487500000000050e+00 2.686122362406697522e-03
1.095462500000000006e+00 2.706033502627375967e-03
1.104437499999999961e+00 2.686502630027763367e-03
1.113412499999999916e+00 2.705805128777376278e-03
1.122387499999999871e+00 2.734047135958960536e-03
1.131362499999999827e+00 2.737435568303840487e-03
1.140337500000000004e+00 2.742481768605187914e-03
1.149312499999999959e+00 2.755414349197054386e-03
1.158287499999999914e+00 2.776895776871786663e-03
1.167262499999999870e+00 2.781420851391182107e-03
1.176237500000000047e+00 2.722975538149042998e-03
1.185212500000000002e+00 2.627983323585503413e-03
1.194187499999999957e+00 2.537510782346209283e-03
1.203162499999999913e+00 2.436503692781780313e-03
1.212137499999999868e+00 2.356209126481959622e-03
1.221112499999999823e+00 2.272119428416642835e-03
1.230087500000000000e+00 2.207069976627105013e-03
1.239062499999999956e+00 2.127579461900304131e-03
1.248037499999999911e+00 2.053525469103871688e-03
1.257012499999999866e+00 1.999240285891406253e-03
1.265987500000000043e+00 1.967181380178378066e-03
1.274962499999999999e+00 1.953230308065933250e-03
1.283937499999999954e+00 1.958502554071159599e-03
1.292912499999999909e+00 1.938992710544340872e-03
1.301887499999999864e+00 1.906693258210184891e-03
1.310862499999999820e+00 1.865587624439509363e-03
1.319837499999999997e+00 1.850227931690643984e-03
1.328812499999999952e+00 1.784079427598090229e-03
1.337787499999999907e+00 1.724044206514116018e-03
1.346762499999999863e+00 1.630835666119130958e-03
1.355737500000000040e+00 1.540225198804955455e-03
1.364712499999999995e+00 1.482216466182443518e-03
1.373687499999999950e+00 1.426992790322874393e-03
1.382662499999999905e+00 1.401550971901627642e-03
1.391637499999999861e+00 1.371556567669369097e-03
1.400612499999999816e+00 1.364133775094021747e-03
1.409587499999999993e+00 1.339664493147656567e-03
1.418562499999999948e+00 1.332902926988382497e-03
1.427537499999999904e+00 1.325230946089231421e-03
1.436512499999999859e+00 1.313559904370825574e-03
1.445487500000000036e+00 1.304304682910816492e-03
1.454462499999999991e+00 1.261112732338955534e-03
1.463437499999999947e+00 1.212403344983871683e-03
1.472412499999999902e+00 1.141404975835847834e-03
1.481387499999999857e+00 1.061051310143529052e-03
1.490362500000000034e+00 9.779760491874180030e-04
1.499337499999999990e+00 8.812340793220059402e-04
1.508312499999999945e+00 8.035536672934391828e-04
1.517287499999999900e+00 7.192480182519643073e-04
1.526262500000000077e+00 6.508655145186472346e-04
1.535237500000000033e+00 5.941484588218759640e-04
1.544212499999999988e+00 5.560451139329738611e-04
1.553187499999999943e+00 5.174086375898088747e-04
1.562162499999999898e+00 4.908580561477244317e-04
1.571137499999999854e+00 4.726991812553618839e-04
1.580112500000000031e+00 4.670269549638963688e-04
1.589087499999999986e+00 4.558322289019587303e-04
1.598062499999999941e+00 4.533865302947477963e-04
1.607037499999999897e+00 4.580490661418926677e-04
1.616012500000000074e+00 4.584645698410775975e-04
1.624987500000000029e+00 4.536105030049732471e-04
1.633962499999999984e+00 4.408357049234863808e-04
1.642937499999999940e+00 4.288623886899465632e-04
1.651912499999999895e+00 4.100439586097863486e-04
1.660887499999999850e+00 3.880192210116090515e-04
1.669862500000000027e+00 3.609737253070817030e-04
1.678837499999999983e+00 3.473226891874817211e-04
1.687812499999999938e+00 3.269217006403440104e-04
1.696787499999999893e+00 3.061707989972192213e-04
1.705762500000000070e+00 2.802066657631924261e-04
1.714737500000000026e+00 2.602184487046852184e-04
1.723712499999999981e+00 2.442019973388829634e-04
1.732687499999999936e+00 2.222273535188587707e-04
1.741662499999999891e+00 2.088778210746444449e-04
1.750637499999999847e+00 1.970116740388274670e-04
1.759612500000000024e+00 1.841500556401784493e-04
1.768587499999999979e+00 1.638873888943746414e-04
1.777562499999999934e+00 1.470070559381599984e-04
1.786537499999999890e+00 1.358207036569306937e-04
1.795512500000000067e+00 1.212828868475437883e-04
