# ee
5.090650543570518494e-02
7.676172256469726562e-02
7.916036993265151978e-02
6.366112083196640015e-02
4.219222441315650940e-02
2.423023618757724762e-02
1.341511029750108719e-02
8.678945712745189667e-03
7.151543162763118744e-03
6.484252866357564926e-03
5.673004779964685440e-03
4.856749903410673141e-03
4.338166210800409317e-03
4.176857881247997284e-03
4.332742188125848770e-03
4.610070493072271347e-03
4.837840329855680466e-03
5.099708214402198792e-03
5.526434164494276047e-03
6.182535085827112198e-03
7.101451046764850616e-03
8.258554153144359589e-03
9.616979397833347321e-03
1.114897709339857101e-02
1.283679157495498657e-02
1.469353679567575455e-02
1.672995649278163910e-02
1.891645602881908417e-02
2.122552879154682159e-02
2.367833815515041351e-02
2.631075680255889893e-02
2.916880883276462555e-02
3.228626400232315063e-02
3.563772514462471008e-02
3.919698670506477356e-02
4.299386218190193176e-02
4.706228151917457581e-02
5.139671266078948975e-02
5.598177388310432434e-02
6.080584973096847534e-02
6.587245315313339233e-02
7.118886709213256836e-02
7.676238566637039185e-02
8.260031044483184814e-02
8.870970457792282104e-02
9.509673714637756348e-02
1.017673835158348083e-01
1.087276041507720947e-01
1.159833595156669617e-01
1.235386505722999573e-01
1.313894838094711304e-01
1.395299732685089111e-01
1.479541659355163574e-01
1.566561460494995117e-01
1.656315624713897705e-01
1.748825311660766602e-01
1.844127029180526733e-01
1.942257881164550781e-01
2.043254673480987549e-01
2.147133797407150269e-01
2.253828346729278564e-01
2.363251596689224243e-01
2.475315481424331665e-01
2.589933574199676514e-01
2.707024514675140381e-01
2.826535105705261230e-01
2.948418557643890381e-01
3.072627484798431396e-01
3.199115693569183350e-01
3.327828645706176758e-01
3.458683192729949951e-01
3.591589331626892090e-01
3.726456761360168457e-01
3.863194882869720459e-01
4.001711606979370117e-01
4.141904711723327637e-01
4.283670186996459961e-01
4.426904320716857910e-01
4.571502506732940674e-01
4.717358648777008057e-01
4.864355623722076416e-01
5.012372136116027832e-01
5.161290764808654785e-01
5.310989022254943848e-01
5.461347699165344238e-01
5.612239241600036621e-01
5.763537287712097168e-01
5.915113091468811035e-01
6.066840887069702148e-01
6.218588948249816895e-01
6.370219588279724121e-01
6.521592736244201660e-01
6.672567129135131836e-01
6.823002696037292480e-01
6.972758173942565918e-01
7.121694087982177734e-01
7.269668579101562500e-01
7.416542172431945801e-01
7.562173604965209961e-01
7.706422209739685059e-01
7.849147319793701172e-01
7.990210056304931641e-01
8.129467368125915527e-01
8.266779780387878418e-01
8.402006626129150391e-01
8.535007834434509277e-01
8.665641546249389648e-01
8.793769478797912598e-01
8.919247984886169434e-01
9.041945338249206543e-01
9.161753058433532715e-01
9.278571009635925293e-01
9.392297267913818359e-01
9.502832293510437012e-01
9.610074758529663086e-01
9.713922739028930664e-01
9.814276695251464844e-01
9.911034703254699707e-01
1.000409722328186035e+00
1.009336233139038086e+00
1.017873048782348633e+00
1.026009917259216309e+00
1.033736824989318848e+00
1.041043758392333984e+00
1.047920465469360352e+00
1.054356932640075684e+00
1.060343146324157715e+00
1.065868973731994629e+00
1.070924401283264160e+00
1.075500965118408203e+00
1.079597592353820801e+00
1.083214759826660156e+00
1.086353063583374023e+00
1.089013218879699707e+00
1.091195702552795410e+00
1.092901110649108887e+00
1.094130158424377441e+00
1.094883084297180176e+00
1.095160841941833496e+00
1.094963788986206055e+00
1.094292640686035156e+00
1.093147873878479004e+00
1.091530203819274902e+00
1.089439988136291504e+00
1.086878061294555664e+00
1.083844780921936035e+00
1.080340981483459473e+00
1.076366901397705078e+00
1.071923494338989258e+00
1.067013740539550781e+00
1.061651229858398438e+00
1.055852055549621582e+00
1.049632787704467773e+00
1.043009042739868164e+00
1.035997390747070312e+00
1.028613924980163574e+00
1.020874738693237305e+00
1.012796163558959961e+00
1.004394173622131348e+00
9.956852197647094727e-01
9.866852164268493652e-01
9.774105548858642578e-01
9.678773283958435059e-01
9.581015706062316895e-01
9.480997323989868164e-01
9.378878474235534668e-01
9.274820685386657715e-01
9.168986082077026367e-01
9.061537384986877441e-01
8.952635526657104492e-01
8.842441439628601074e-01
8.731118440628051758e-01
8.618827462196350098e-01
8.505731225013732910e-01
8.392019271850585938e-01
8.277996778488159180e-01
8.163996934890747070e-01
8.050353527069091797e-01
7.937399148941040039e-01
7.825468778610229492e-01
7.714894413948059082e-01
7.606009840965270996e-01
7.499148845672607422e-01
7.394644618034362793e-01
7.292830348014831543e-01
7.194040417671203613e-01
7.098607420921325684e-01
7.006865143775939941e-01
6.919146776199340820e-01
6.835785508155822754e-01
6.757115125656127930e-01
6.683469414710998535e-01
6.615181565284729004e-01
6.552584171295166016e-01
6.496011614799499512e-01
6.445797681808471680e-01
6.402274370193481445e-01
6.365776062011718750e-01
6.336636543273925781e-01
6.315183639526367188e-01
6.301725506782531738e-01
6.296564936637878418e-01
6.300006508827209473e-01
6.312351822853088379e-01
6.333904266357421875e-01
6.364967226982116699e-01
6.405843496322631836e-01
6.456837058067321777e-01
6.518250107765197754e-01
6.590385437011718750e-01
6.673547625541687012e-01
6.768038868904113770e-01
6.874162554740905762e-01
6.992220878601074219e-01
7.122517824172973633e-01
7.265356779098510742e-01
7.421040534973144531e-01
7.589872479438781738e-01
7.772154808044433594e-01
7.968190908432006836e-01
8.178284764289855957e-01
8.402739167213439941e-01
8.641856312751770020e-01
8.895939588546752930e-01
9.165292978286743164e-01
9.450219273567199707e-01
9.751022458076477051e-01
1.006800293922424316e+00
1.040146589279174805e+00
1.075171470642089844e+00
1.111905217170715332e+00
1.150378108024597168e+00
1.190620303153991699e+00
1.232662439346313477e+00
1.276534557342529297e+00
1.322267055511474609e+00
1.369890451431274414e+00
1.419434547424316406e+00
1.470930218696594238e+00
1.524407386779785156e+00
1.579896569252014160e+00
1.637428164482116699e+00
1.697031974792480469e+00
1.758738994598388672e+00
1.822579145431518555e+00
1.888582587242126465e+00
1.956780076026916504e+00
2.027201652526855469e+00
2.099877595901489258e+00
2.174829721450805664e+00
2.252045392990112305e+00
2.331503152847290039e+00
2.413181781768798828e+00
2.497060060501098633e+00
2.583116292953491211e+00
2.671329736709594727e+00
2.761678695678710938e+00
2.854141950607299805e+00
2.948698282241821289e+00
3.045326471328735352e+00
3.144004821777343750e+00
3.244712591171264648e+00
3.347428083419799805e+00
3.452129840850830078e+00
3.558797359466552734e+00
3.667408466339111328e+00
3.777942180633544922e+00
3.890377044677734375e+00
4.004692554473876953e+00
4.120865821838378906e+00
4.238877296447753906e+00
4.358705043792724609e+00
4.480326652526855469e+00
4.603722572326660156e+00
4.728870391845703125e+00
4.855749130249023438e+00
4.984337329864501953e+00
5.114614009857177734e+00
5.246557712554931641e+00
5.380147457122802734e+00
5.515360832214355469e+00
5.652177810668945312e+00
5.790576457977294922e+00
5.930535316467285156e+00
6.072033882141113281e+00
6.215050220489501953e+00
6.359562873840332031e+00
6.505550384521484375e+00
6.652992725372314453e+00
6.801867485046386719e+00
6.952153682708740234e+00
7.103829383850097656e+00
7.256874561309814453e+00
7.411267280578613281e+00
7.566985130310058594e+00
7.724008560180664062e+00
7.882316112518310547e+00
8.041884422302246094e+00
8.202694892883300781e+00
8.364716529846191406e+00
8.527888298034667969e+00
8.692140579223632812e+00
8.857402801513671875e+00
9.023605346679687500e+00
9.190678596496582031e+00
9.358552932739257812e+00
9.527158737182617188e+00
9.696426391601562500e+00
9.866285324096679688e+00
1.003666687011718750e+01
1.020750045776367188e+01
1.037871646881103516e+01
1.055024528503417969e+01
1.072201728820800781e+01
1.089396190643310547e+01
1.106601047515869141e+01
1.123809242248535156e+01
1.141013908386230469e+01
1.158207893371582031e+01
1.175384426116943359e+01
1.192536354064941406e+01
1.209656715393066406e+01
1.226738739013671875e+01
1.243775177001953125e+01
1.260759162902832031e+01
1.277683830261230469e+01
1.294541931152343750e+01
1.311326789855957031e+01
1.328031349182128906e+01
1.344648551940917969e+01
1.361171436309814453e+01
1.377592945098876953e+01
1.393906402587890625e+01
1.410104465484619141e+01
1.426180362701416016e+01
1.442127132415771484e+01
1.457937812805175781e+01
1.473605251312255859e+01
1.489122676849365234e+01
1.504482841491699219e+01
1.519679069519042969e+01
1.534704208374023438e+01
1.549551391601562500e+01
1.564213657379150391e+01
1.578683853149414062e+01
1.592955017089843750e+01
1.607020187377929688e+01
1.620872879028320312e+01
1.634505462646484375e+01
1.647911643981933594e+01
1.661087608337402344e+01
1.674029541015625000e+01
1.686734008789062500e+01
1.699197196960449219e+01
1.711415672302246094e+01
1.723386001586914062e+01
1.735104560852050781e+01
1.746567726135253906e+01
1.757772064208984375e+01
1.768713760375976562e+01
1.779389381408691406e+01
1.789795494079589844e+01
1.799928283691406250e+01
1.809784317016601562e+01
1.819359970092773438e+01
1.828651809692382812e+01
1.837656211853027344e+01
1.846369552612304688e+01
1.854788398742675781e+01
1.862909126281738281e+01
1.870727920532226562e+01
1.878241539001464844e+01
1.885446166992187500e+01
1.892338562011718750e+01
1.898914718627929688e+01
1.905171585083007812e+01
1.911105155944824219e+01
1.916712379455566406e+01
1.921989059448242188e+01
1.926931953430175781e+01
1.931537437438964844e+01
1.935802078247070312e+01
1.939722251892089844e+01
1.943294143676757812e+01
1.946514701843261719e+01
1.949379730224609375e+01
1.951886177062988281e+01
1.954030227661132812e+01
1.955808258056640625e+01
1.957217216491699219e+01
1.958252716064453125e+01
1.958911895751953125e+01
1.959190750122070312e+01
1.959085845947265625e+01
1.958593750000000000e+01
1.957710647583007812e+01
1.956433296203613281e+01
1.954757881164550781e+01
1.952680969238281250e+01
1.950200271606445312e+01
1.947320175170898438e+01
1.944046020507812500e+01
1.940383338928222656e+01
1.936337852478027344e+01
1.931915092468261719e+01
1.927120399475097656e+01
1.921959495544433594e+01
1.916438102722167969e+01
1.910561180114746094e+01
1.904335021972656250e+01
1.897764778137207031e+01
1.890856170654296875e+01
1.883614540100097656e+01
1.876045608520507812e+01
1.868154907226562500e+01
1.859947776794433594e+01
1.851430320739746094e+01
1.842607498168945312e+01
1.833485221862792969e+01
1.824069023132324219e+01
1.814364242553710938e+01
1.804376411437988281e+01
1.794111442565917969e+01
1.783574676513671875e+01
1.772771644592285156e+01
1.761707878112792969e+01
1.750389289855957031e+01
1.738820648193359375e+01
1.727008438110351562e+01
1.714957618713378906e+01
1.702673912048339844e+01
1.690162849426269531e+01
1.677430152893066406e+01
1.664480972290039062e+01
1.651321411132812500e+01
1.637956428527832031e+01
1.624392127990722656e+01
1.610633659362792969e+01
1.596686744689941406e+01
1.582557010650634766e+01
1.568250083923339844e+01
1.553771209716796875e+01
1.539126110076904297e+01
1.524320507049560547e+01
1.509359645843505859e+01
1.494249248504638672e+01
1.478994750976562500e+01
1.463601875305175781e+01
1.448076248168945312e+01
1.432423973083496094e+01
1.416654205322265625e+01
1.400776672363281250e+01
1.384801578521728516e+01
1.368738555908203125e+01
1.352597332000732422e+01
1.336388206481933594e+01
1.320120620727539062e+01
1.303804683685302734e+01
1.287450122833251953e+01
1.271066856384277344e+01
1.254664802551269531e+01
1.238253593444824219e+01
1.221843338012695312e+01
1.205443859100341797e+01
1.189064884185791016e+01
1.172716426849365234e+01
1.156408214569091797e+01
1.140150165557861328e+01
1.123952198028564453e+01
1.107824134826660156e+01
1.091775894165039062e+01
1.075817203521728516e+01
1.059957885742187500e+01
1.044208049774169922e+01
1.028577327728271484e+01
1.013075828552246094e+01
9.977130889892578125e+00
9.824991226196289062e+00
9.674439430236816406e+00
9.525571823120117188e+00
9.378488540649414062e+00
9.233286857604980469e+00
9.090065956115722656e+00
8.948925018310546875e+00
8.809962272644042969e+00
8.673275947570800781e+00
8.538966178894042969e+00
8.407129287719726562e+00
8.277864456176757812e+00
8.151271820068359375e+00
8.027448654174804688e+00
7.906494617462158203e+00
7.788506507873535156e+00
7.673584938049316406e+00
7.561827182769775391e+00
7.453333377838134766e+00
7.348199844360351562e+00
7.246527194976806641e+00
7.148412704467773438e+00
7.053944110870361328e+00
6.963163852691650391e+00
6.876102924346923828e+00
6.792789936065673828e+00
6.713256835937500000e+00
6.637534141540527344e+00
6.565651893615722656e+00
6.497641563415527344e+00
6.433533191680908203e+00
6.373357295989990234e+00
6.317144393920898438e+00
6.264925003051757812e+00
6.216730117797851562e+00
6.172590255737304688e+00
6.132535934448242188e+00
6.096597194671630859e+00
6.064805507659912109e+00
6.037190437316894531e+00
6.013783454895019531e+00
5.994614601135253906e+00
5.979714870452880859e+00
5.969114780426025391e+00
5.962844371795654297e+00
5.960934638977050781e+00
5.963416576385498047e+00
5.970319747924804688e+00
5.981675624847412109e+00
5.997514247894287109e+00
6.017866611480712891e+00
6.042762756347656250e+00
6.072233676910400391e+00
6.106309890747070312e+00
6.145021915435791016e+00
6.188400745391845703e+00
6.236475944519042969e+00
6.289278507232666016e+00
6.346840381622314453e+00
6.409189701080322266e+00
6.476359367370605469e+00
6.548377990722656250e+00
6.625277519226074219e+00
6.707087993621826172e+00
6.793840408325195312e+00
6.885564804077148438e+00
6.982291698455810547e+00
7.084052562713623047e+00
7.190876007080078125e+00
7.302794933319091797e+00
7.419838905334472656e+00
7.542038917541503906e+00
7.669404983520507812e+00
7.801875114440917969e+00
7.939364910125732422e+00
8.081790924072265625e+00
8.229068756103515625e+00
8.381117820739746094e+00
8.537854194641113281e+00
8.699192047119140625e+00
8.865051269531250000e+00
9.035347938537597656e+00
9.209997177124023438e+00
9.388916969299316406e+00
9.572023391723632812e+00
9.759233474731445312e+00
9.950465202331542969e+00
1.014563274383544922e+01
1.034465503692626953e+01
1.054744815826416016e+01
1.075392818450927734e+01
1.096401309967041016e+01
1.117761802673339844e+01
1.139466190338134766e+01
1.161505889892578125e+01
1.183872795104980469e+01
1.206558418273925781e+01
1.229554462432861328e+01
1.252852821350097656e+01
1.276444721221923828e+01
1.300322341918945312e+01
1.324477005004882812e+01
1.348900508880615234e+01
1.373584365844726562e+01
1.398520565032958984e+01
1.423700714111328125e+01
1.449116230010986328e+01
1.474759006500244141e+01
1.500620555877685547e+01
1.526692581176757812e+01
1.552966976165771484e+01
1.579435157775878906e+01
1.606089019775390625e+01
1.632920074462890625e+01
1.659920120239257812e+01
1.687080574035644531e+01
1.714393234252929688e+01
1.741849899291992188e+01
1.769442367553710938e+01
1.797161674499511719e+01
1.825000381469726562e+01
1.852949333190917969e+01
1.881000328063964844e+01
1.909141921997070312e+01
1.937362861633300781e+01
1.965651321411132812e+01
1.993995857238769531e+01
2.022385025024414062e+01
2.050806999206542969e+01
2.079250717163085938e+01
2.107704162597656250e+01
2.136155700683593750e+01
2.164594459533691406e+01
2.193008232116699219e+01
2.221385765075683594e+01
2.249715232849121094e+01
2.277985572814941406e+01
2.306184768676757812e+01
2.334301567077636719e+01
2.362324142456054688e+01
2.390241241455078125e+01
2.418041229248046875e+01
2.445712280273437500e+01
2.473243141174316406e+01
2.500622177124023438e+01
2.527837944030761719e+01
2.554878807067871094e+01
2.581733131408691406e+01
2.608389472961425781e+01
2.634836196899414062e+01
2.661061668395996094e+01
2.687054824829101562e+01
2.712803649902343750e+01
2.738296318054199219e+01
2.763522148132324219e+01
2.788468933105468750e+01
2.813125038146972656e+01
2.837479591369628906e+01
2.861520385742187500e+01
2.885236167907714844e+01
2.908615493774414062e+01
2.931646347045898438e+01
2.954317474365234375e+01
2.976617431640625000e+01
2.998534584045410156e+01
3.020057296752929688e+01
3.041174125671386719e+01
3.061873435974121094e+01
3.082143783569335938e+01
3.101973533630371094e+01
3.121351051330566406e+01
3.140264892578125000e+01
3.158705329895019531e+01
3.176667976379394531e+01
3.194150161743164062e+01
3.211149978637695312e+01
3.227665328979492188e+01
3.243692779541015625e+01
3.259230422973632812e+01
3.274275970458984375e+01
3.288826751708984375e+01
3.302880477905273438e+01
3.316434478759765625e+01
3.329486846923828125e+01
3.342034530639648438e+01
3.354075622558593750e+01
3.365607452392578125e+01
3.376627349853515625e+01
3.387133026123046875e+01
3.397122192382812500e+01
3.406592559814453125e+01
3.415541458129882812e+01
3.423966598510742188e+01
3.431865310668945312e+01
3.439235305786132812e+01
3.446074295043945312e+01
3.452379608154296875e+01
3.458148956298828125e+01
3.463379669189453125e+01
3.468069839477539062e+01
3.472216415405273438e+01
3.475817108154296875e+01
3.478870010375976562e+01
3.481372070312500000e+01
3.483321380615234375e+01
3.484714889526367188e+01
3.485550689697265625e+01
3.485826110839843750e+01
3.485538864135742188e+01
3.484686279296875000e+01
3.483266448974609375e+01
3.481275939941406250e+01
3.478713607788085938e+01
3.475576019287109375e+01
3.471861267089843750e+01
3.467566680908203125e+01
3.462689590454101562e+01
3.457228469848632812e+01
3.451179504394531250e+01
3.444541931152343750e+01
3.437311553955078125e+01
3.429487609863281250e+01
3.421068572998046875e+01
3.412062072753906250e+01
3.402478790283203125e+01
3.392327880859375000e+01
3.381619262695312500e+01
3.370362091064453125e+01
3.358567428588867188e+01
3.346243286132812500e+01
3.333400726318359375e+01
3.320049285888671875e+01
3.306198120117187500e+01
3.291857528686523438e+01
3.277037048339843750e+01
3.261746215820312500e+01
3.245995330810546875e+01
3.229793930053710938e+01
3.213151550292968750e+01
3.196077728271484375e+01
3.178582763671875000e+01
3.160676002502441406e+01
3.142367744445800781e+01
3.123666954040527344e+01
3.104583930969238281e+01
3.085128402709960938e+01
3.065309524536132812e+01
3.045137786865234375e+01
3.024622344970703125e+01
3.003773498535156250e+01
2.982600593566894531e+01
2.961113357543945312e+01
2.939321899414062500e+01
2.917235565185546875e+01
2.894864463806152344e+01
2.872217559814453125e+01
2.849305725097656250e+01
2.826138114929199219e+01
2.802724456787109375e+01
2.779074478149414062e+01
2.755198287963867188e+01
2.731104850769042969e+01
2.706804847717285156e+01
2.682307243347167969e+01
2.657622337341308594e+01
2.632759475708007812e+01
2.607728767395019531e+01
2.582539558410644531e+01
2.557201957702636719e+01
2.531725502014160156e+01
2.506120109558105469e+01
2.480395317077636719e+01
2.454561233520507812e+01
2.428629684448242188e+01
2.402613067626953125e+01
2.376523017883300781e+01
2.350372123718261719e+01
2.324172401428222656e+01
2.297935676574707031e+01
2.271674346923828125e+01
2.245400428771972656e+01
2.219125938415527344e+01
2.192863273620605469e+01
2.166624641418457031e+01
2.140421867370605469e+01
2.114267158508300781e+01
2.088172531127929688e+01
2.062150573730468750e+01
2.036212921142578125e+01
2.010371971130371094e+01
1.984639549255371094e+01
1.959028053283691406e+01
1.933549690246582031e+01
1.908216476440429688e+01
1.883040428161621094e+01
1.858033752441406250e+01
1.833208656311035156e+01
1.808576965332031250e+01
1.784151268005371094e+01
1.759943389892578125e+01
1.735965538024902344e+01
1.712229919433593750e+01
1.688748359680175781e+01
1.665533447265625000e+01
1.642597007751464844e+01
1.619951057434082031e+01
1.597607994079589844e+01
1.575579833984375000e+01
1.553878784179687500e+01
1.532516860961914062e+01
1.511506271362304688e+01
1.490859031677246094e+01
1.470587444305419922e+01
1.450703430175781250e+01
1.431219291687011719e+01
1.412147235870361328e+01
1.393499088287353516e+01
1.375287151336669922e+01
1.357523441314697266e+01
1.340220355987548828e+01
1.323389816284179688e+01
1.307043933868408203e+01
1.291193294525146484e+01
1.275841903686523438e+01
1.260992145538330078e+01
1.246646308898925781e+01
1.232806777954101562e+01
1.219476032257080078e+01
1.206656455993652344e+01
1.194350433349609375e+01
1.182560253143310547e+01
1.171288299560546875e+01
1.160536956787109375e+01
1.150308704376220703e+01
1.140605926513671875e+01
1.131430816650390625e+01
1.122785949707031250e+01
1.114673614501953125e+01
1.107096195220947266e+01
1.100056076049804688e+01
1.093555831909179688e+01
1.087597465515136719e+01
1.082183551788330078e+01
1.077316665649414062e+01
1.072998809814453125e+01
1.069232654571533203e+01
1.066020488739013672e+01
1.063364696502685547e+01
1.061267662048339844e+01
1.059731674194335938e+01
1.058759212493896484e+01
1.058352756500244141e+01
1.058514404296875000e+01
1.059246826171875000e+01
1.060552215576171875e+01
1.062433052062988281e+01
1.064891624450683594e+01
1.067930507659912109e+01
1.071551799774169922e+01
1.075758075714111328e+01
1.080551719665527344e+01
1.085935115814208984e+01
1.091910457611083984e+01
1.098480319976806641e+01
1.105647087097167969e+01
1.113413047790527344e+01
1.121780490875244141e+01
1.130752086639404297e+01
1.140329933166503906e+01
1.150516605377197266e+01
1.161314392089843750e+01
1.172725677490234375e+01
1.184750747680664062e+01
1.197381687164306641e+01
1.210608291625976562e+01
1.224420452117919922e+01
1.238808059692382812e+01
1.253761100769042969e+01
1.269269371032714844e+01
1.285322856903076172e+01
1.301911354064941406e+01
1.319024848937988281e+01
1.336653137207031250e+01
1.354786205291748047e+01
1.373414039611816406e+01
1.392526245117187500e+01
1.412113094329833984e+01
1.432164192199707031e+01
1.452669429779052734e+01
1.473618888854980469e+01
1.495002365112304688e+01
1.516809940338134766e+01
1.539031124114990234e+01
1.561656093597412109e+01
1.584674549102783203e+01
1.608076667785644531e+01
1.631852149963378906e+01
1.655990982055664062e+01
1.680483055114746094e+01
1.705318069458007812e+01
1.730486106872558594e+01
1.755977058410644531e+01
1.781781005859375000e+01
1.807887458801269531e+01
1.834286499023437500e+01
1.860968017578125000e+01
1.887921905517578125e+01
1.915138053894042969e+01
1.942606353759765625e+01
1.970316696166992188e+01
1.998258972167968750e+01
2.026423263549804688e+01
2.054799270629882812e+01
2.083376884460449219e+01
2.112145996093750000e+01
2.141096687316894531e+01
2.170218467712402344e+01
2.199501800537109375e+01
2.228936195373535156e+01
2.258511352539062500e+01
2.288217735290527344e+01
2.318044853210449219e+01
2.347982215881347656e+01
2.378018188476562500e+01
2.408140182495117188e+01
2.438335990905761719e+01
2.468593406677246094e+01
2.498900222778320312e+01
2.529244041442871094e+01
2.559612655639648438e+01
2.589993476867675781e+01
2.620374679565429688e+01
2.650743675231933594e+01
2.681088447570800781e+01
2.711396217346191406e+01
2.741655349731445312e+01
2.771852874755859375e+01
2.801977348327636719e+01
2.832015800476074219e+01
2.861955833435058594e+01
2.891786003112792969e+01
2.921493148803710938e+01
2.951065444946289062e+01
2.980490684509277344e+01
3.009756088256835938e+01
3.038850021362304688e+01
3.067759513854980469e+01
3.096472549438476562e+01
3.124977302551269531e+01
3.153261184692382812e+01
3.181311607360839844e+01
3.209116744995117188e+01
3.236663818359375000e+01
3.263940811157226562e+01
3.290935897827148438e+01
3.317636108398437500e+01
3.344029235839843750e+01
3.370103454589843750e+01
3.395845794677734375e+01
3.421244812011718750e+01
3.446287536621093750e+01
3.470961761474609375e+01
3.495255661010742188e+01
3.519156646728515625e+01
3.542652130126953125e+01
3.565730667114257812e+01
3.588379287719726562e+01
3.610585784912109375e+01
3.632337951660156250e+01
3.653623199462890625e+01
3.674429702758789062e+01
3.694745635986328125e+01
3.714559173583984375e+01
3.733867263793945312e+01
3.752667617797851562e+01
3.770957946777343750e+01
3.788735580444335938e+01
3.805999374389648438e+01
3.822746276855468750e+01
3.838973999023437500e+01
3.854681396484375000e+01
3.869865036010742188e+01
3.884523391723632812e+01
3.898654174804687500e+01
3.912255096435546875e+01
3.925324249267578125e+01
3.937858963012695312e+01
3.949857330322265625e+01
3.961317062377929688e+01
3.972235870361328125e+01
3.982611846923828125e+01
3.992442703247070312e+01
4.001726150512695312e+01
4.010459518432617188e+01
4.018641281127929688e+01
4.026269531250000000e+01
4.033341217041015625e+01
4.039854812622070312e+01
4.045807266235351562e+01
4.051197433471679688e+01
4.056022644042968750e+01
4.060280609130859375e+01
4.063969039916992188e+01
4.067086029052734375e+01
4.069629287719726562e+01
4.071596527099609375e+01
4.072985458374023438e+01
4.073794555664062500e+01
4.074020767211914062e+01
4.073662185668945312e+01
4.072716522216796875e+01
4.071182250976562500e+01
4.069056320190429688e+01
4.066336441040039062e+01
4.063021087646484375e+01
4.059108352661132812e+01
4.054594802856445312e+01
4.049479293823242188e+01
4.043759155273437500e+01
4.037432479858398438e+01
4.030496597290039062e+01
4.022949600219726562e+01
4.014791107177734375e+01
4.006028366088867188e+01
3.996669387817382812e+01
3.986722564697265625e+01
3.976196670532226562e+01
3.965100860595703125e+01
3.953443527221679688e+01
3.941232681274414062e+01
3.928477859497070312e+01
3.915187072753906250e+01
3.901369094848632812e+01
3.887031936645507812e+01
3.872185134887695312e+01
3.856837081909179688e+01
3.840995788574218750e+01
3.824670791625976562e+01
3.807869720458984375e+01
3.790601730346679688e+01
3.772875213623046875e+01
3.754699325561523438e+01
3.736081695556640625e+01
3.717031860351562500e+01
3.697558212280273438e+01
3.677669143676757812e+01
3.657373046875000000e+01
3.636678314208984375e+01
3.615594863891601562e+01
3.594129943847656250e+01
3.572293090820312500e+01
3.550092315673828125e+01
3.527536392211914062e+01
3.504634094238281250e+01
3.481393814086914062e+01
3.457823944091796875e+01
3.433933639526367188e+01
3.409730911254882812e+01
3.385224914550781250e+01
3.360424041748046875e+01
3.335336685180664062e+01
3.309972000122070312e+01
3.284338378906250000e+01
3.258443832397460938e+01
3.232297515869140625e+01
3.205908203125000000e+01
3.179284095764160156e+01
3.152433586120605469e+01
3.125366020202636719e+01
3.098089790344238281e+01
3.070612907409667969e+01
3.042944717407226562e+01
3.015093612670898438e+01
2.987071418762207031e+01
2.958889007568359375e+01
2.930558013916015625e+01
2.902089691162109375e+01
2.873495864868164062e+01
2.844787788391113281e+01
2.815976905822753906e+01
2.787074851989746094e+01
2.758092880249023438e+01
2.729042816162109375e+01
2.699935913085937500e+01
2.670783424377441406e+01
2.641597366333007812e+01
2.612388610839843750e+01
2.583168792724609375e+01
2.553949546813964844e+01
2.524742507934570312e+01
2.495558738708496094e+01
2.466409873962402344e+01
2.437307548522949219e+01
2.408262825012207031e+01
2.379287719726562500e+01
2.350393295288085938e+01
2.321590995788574219e+01
2.292892456054687500e+01
2.264309310913085938e+01
2.235852813720703125e+01
2.207534217834472656e+01
2.179365539550781250e+01
2.151357841491699219e+01
2.123522758483886719e+01
2.095871543884277344e+01
2.068415832519531250e+01
2.041167259216308594e+01
2.014136886596679688e+01
1.987336540222167969e+01
1.960777664184570312e+01
1.934471702575683594e+01
1.908429718017578125e+01
1.882663726806640625e+01
1.857184982299804688e+01
1.832005119323730469e+01
1.807135200500488281e+01
1.782587051391601562e+01
1.758372116088867188e+01
1.734501647949218750e+01
1.710987281799316406e+01
1.687840652465820312e+01
1.665072822570800781e+01
1.642694091796875000e+01
1.620709037780761719e+01
1.599120426177978516e+01
1.577931499481201172e+01
1.557145404815673828e+01
1.536764812469482422e+01
1.516793155670166016e+01
1.497233295440673828e+01
1.478088378906250000e+01
1.459361267089843750e+01
1.441055202484130859e+01
1.423173236846923828e+01
1.405718326568603516e+01
1.388693618774414062e+01
1.372102069854736328e+01
1.355946731567382812e+01
1.340230655670166016e+01
1.324956893920898438e+01
1.310128688812255859e+01
1.295748805999755859e+01
1.281820392608642578e+01
1.268346500396728516e+01
1.255330371856689453e+01
1.242774677276611328e+01
1.230682754516601562e+01
1.219057559967041016e+01
1.207902240753173828e+01
1.197219657897949219e+01
1.187013053894042969e+01
1.177285385131835938e+01
1.168039703369140625e+01
1.159278964996337891e+01
1.151006412506103516e+01
1.143225002288818359e+01
1.135937690734863281e+01
1.129147720336914062e+01
1.122858047485351562e+01
1.117071723937988281e+01
1.111791706085205078e+01
1.107021236419677734e+01
1.102763175964355469e+01
1.099020671844482422e+01
1.095796775817871094e+01
1.093094539642333984e+01
1.090917015075683594e+01
1.089267253875732422e+01
1.088148212432861328e+01
1.087563037872314453e+01
1.087514781951904297e+01
1.088006401062011719e+01
1.089039421081542969e+01
1.090608310699462891e+01
1.092706012725830078e+01
1.095325469970703125e+01
1.098459625244140625e+01
1.102101325988769531e+01
1.106243610382080078e+01
1.110879135131835938e+01
1.116001129150390625e+01
1.121602249145507812e+01
1.127675628662109375e+01
1.134214115142822266e+01
1.141210556030273438e+01
1.148657894134521484e+01
1.156549072265625000e+01
1.164876937866210938e+01
1.173634529113769531e+01
1.182814693450927734e+01
1.192410278320312500e+01
1.202414417266845703e+01
1.212819766998291016e+01
1.223619461059570312e+01
1.234806156158447266e+01
1.246373081207275391e+01
1.258312988281250000e+01
1.270618724822998047e+01
1.283283329010009766e+01
1.296299648284912109e+01
1.309660625457763672e+01
1.323359298706054688e+01
1.337388324737548828e+01
1.351740932464599609e+01
1.366409683227539062e+01
1.381387710571289062e+01
1.396667957305908203e+01
1.412243270874023438e+01
1.428106594085693359e+01
1.444250869750976562e+01
1.460668849945068359e+01
1.477353572845458984e+01
1.494298076629638672e+01
1.511495113372802734e+01
1.528937625885009766e+01
1.546618461608886719e+01
1.564530944824218750e+01
1.582667255401611328e+01
1.601021003723144531e+01
1.619584655761718750e+01
1.638351440429687500e+01
1.657314109802246094e+01
1.676465225219726562e+01
1.695795249938964844e+01
1.715295028686523438e+01
1.734954452514648438e+01
1.754763984680175781e+01
1.774713897705078125e+01
1.794794464111328125e+01
1.814996147155761719e+01
1.835309219360351562e+01
1.855723762512207031e+01
1.876230430603027344e+01
1.896819496154785156e+01
1.917481040954589844e+01
1.938205718994140625e+01
1.958983421325683594e+01
1.979804992675781250e+01
2.000660133361816406e+01
2.021539497375488281e+01
2.042433357238769531e+01
2.063332366943359375e+01
2.084226226806640625e+01
2.105105590820312500e+01
2.125960922241210938e+01
2.146782112121582031e+01
2.167559814453125000e+01
2.188284111022949219e+01
2.208945465087890625e+01
2.229534339904785156e+01
2.250041007995605469e+01
2.270455360412597656e+01
2.290768051147460938e+01
2.310969543457031250e+01
2.331049919128417969e+01
2.350999450683593750e+01
2.370808792114257812e+01
2.390467643737792969e+01
2.409966850280761719e+01
2.429296684265136719e+01
2.448447418212890625e+01
2.467409133911132812e+01
2.486172294616699219e+01
2.504727363586425781e+01
2.523064422607421875e+01
2.541173934936523438e+01
2.559046173095703125e+01
2.576671409606933594e+01
2.594040107727050781e+01
2.611142349243164062e+01
2.627968788146972656e+01
2.644509315490722656e+01
2.660755729675292969e+01
2.676703643798828125e+01
2.692349624633789062e+01
2.707690811157226562e+01
2.722723770141601562e+01
2.737445449829101562e+01
2.751852989196777344e+01
2.765942764282226562e+01
2.779711532592773438e+01
2.793156433105468750e+01
2.806274223327636719e+01
2.819061660766601562e+01
2.831515502929687500e+01
2.843632698059082031e+01
2.855410194396972656e+01
2.866844367980957031e+01
2.877932548522949219e+01
2.888671302795410156e+01
2.899057197570800781e+01
2.909087562561035156e+01
2.918758583068847656e+01
2.928067779541015625e+01
2.937011909484863281e+01
2.945587158203125000e+01
2.953791046142578125e+01
2.961619949340820312e+01
2.969070816040039062e+01
2.976140594482421875e+01
2.982825851440429688e+01
2.989123535156250000e+01
2.995030593872070312e+01
3.000543594360351562e+01
3.005659675598144531e+01
3.010375595092773438e+01
3.014687538146972656e+01
3.018593597412109375e+01
3.022089195251464844e+01
3.025172042846679688e+01
3.027838897705078125e+01
3.030086135864257812e+01
3.031911087036132812e+01
3.033310127258300781e+01
3.034280395507812500e+01
3.034818649291992188e+01
3.034921455383300781e+01
3.034585952758789062e+01
3.033808898925781250e+01
3.032587242126464844e+01
3.030917549133300781e+01
3.028796577453613281e+01
3.026222610473632812e+01
3.023200035095214844e+01
3.019733810424804688e+01
3.015829467773437500e+01
3.011492538452148438e+01
3.006728172302246094e+01
3.001542091369628906e+01
2.995939064025878906e+01
2.989925384521484375e+01
2.983505821228027344e+01
2.976685905456542969e+01
2.969471168518066406e+01
2.961866760253906250e+01
2.953878211975097656e+01
2.945511054992675781e+01
2.936770820617675781e+01
2.927662467956542969e+01
2.918191528320312500e+01
2.908363342285156250e+01
2.898183822631835938e+01
2.887657737731933594e+01
2.876790618896484375e+01
2.865588188171386719e+01
2.854055595397949219e+01
2.842198562622070312e+01
2.830021858215332031e+01
2.817531204223632812e+01
2.804732131958007812e+01
2.791630172729492188e+01
2.778230476379394531e+01
2.764538002014160156e+01
2.750559043884277344e+01
2.736298179626464844e+01
2.721761512756347656e+01
2.706954002380371094e+01
2.691881370544433594e+01
2.676548767089843750e+01
2.660961341857910156e+01
2.645125007629394531e+01
2.629044914245605469e+01
2.612726593017578125e+01
2.596175384521484375e+01
2.579396438598632812e+01
2.562395668029785156e+01
2.545177841186523438e+01
2.527748870849609375e+01
2.510113906860351562e+01
2.492278480529785156e+01
2.474247932434082031e+01
2.456027603149414062e+01
2.437623596191406250e+01
2.419042968750000000e+01
2.400294303894042969e+01
2.381385040283203125e+01
2.362323570251464844e+01
2.343117904663085938e+01
2.323775863647460938e+01
2.304305648803710938e+01
2.284715080261230469e+01
2.265012359619140625e+01
2.245205307006835938e+01
2.225301933288574219e+01
2.205310058593750000e+01
2.185238456726074219e+01
2.165094184875488281e+01
2.144885826110839844e+01
2.124621391296386719e+01
2.104308509826660156e+01
2.083955574035644531e+01
2.063570404052734375e+01
2.043160820007324219e+01
2.022735214233398438e+01
2.002301216125488281e+01
1.981867218017578125e+01
1.961441040039062500e+01
1.941030693054199219e+01
1.920643997192382812e+01
1.900289344787597656e+01
1.879974365234375000e+01
1.859707260131835938e+01
1.839496040344238281e+01
1.819348716735839844e+01
1.799273300170898438e+01
1.779277610778808594e+01
1.759369850158691406e+01
1.739558029174804688e+01
1.719849777221679688e+01
1.700253677368164062e+01
1.680777549743652344e+01
1.661429214477539062e+01
1.642216873168945312e+01
1.623148345947265625e+01
1.604231643676757812e+01
1.585475063323974609e+01
1.566886234283447266e+01
1.548473548889160156e+01
1.530244636535644531e+01
1.512207698822021484e+01
1.494370746612548828e+01
1.476741790771484375e+01
1.459327793121337891e+01
1.442133045196533203e+01
1.425160408020019531e+01
1.408413219451904297e+01
1.391894435882568359e+01
1.375607299804687500e+01
1.359554862976074219e+01
1.343740177154541016e+01
1.328166484832763672e+01
1.312836933135986328e+01
1.297754573822021484e+01
1.282922554016113281e+01
1.268343830108642578e+01
1.254021835327148438e+01
1.239959526062011719e+01
1.226160049438476562e+01
1.212626552581787109e+01
1.199362087249755859e+01
1.186369800567626953e+01
1.173652935028076172e+01
1.161214447021484375e+01
1.149057579040527344e+01
1.137185382843017578e+01
1.125601005554199219e+01
1.114307594299316406e+01
1.103308200836181641e+01
1.092606067657470703e+01
1.082204246520996094e+01
1.072105884552001953e+01
1.062314033508300781e+01
1.052831935882568359e+01
1.043662643432617188e+01
1.034809398651123047e+01
1.026275062561035156e+01
1.018062973022460938e+01
1.010176181793212891e+01
1.002617835998535156e+01
9.953911781311035156e+00
9.884990692138671875e+00
9.819449424743652344e+00
9.757315635681152344e+00
9.698623657226562500e+00
9.643403053283691406e+00
9.591685295104980469e+00
9.543501853942871094e+00
9.498885154724121094e+00
9.457864761352539062e+00
9.420472145080566406e+00
9.386739730834960938e+00
9.356697082519531250e+00
9.330365180969238281e+00
9.307716369628906250e+00
9.288712501525878906e+00
9.273314476013183594e+00
9.261485099792480469e+00
9.253184318542480469e+00
9.248374938964843750e+00
9.247016906738281250e+00
9.249073028564453125e+00
9.254505157470703125e+00
9.263273239135742188e+00
9.275339126586914062e+00
9.290665626525878906e+00
9.309212684631347656e+00
9.330942153930664062e+00
9.355816841125488281e+00
9.383796691894531250e+00
9.414843559265136719e+00
9.448919296264648438e+00
9.485984802246093750e+00
9.526001930236816406e+00
9.568931579589843750e+00
9.614736557006835938e+00
9.663377761840820312e+00
9.714816093444824219e+00
9.769013404846191406e+00
9.825931549072265625e+00
9.885531425476074219e+00
9.947774887084960938e+00
1.001262283325195312e+01
1.008003807067871094e+01
1.014998054504394531e+01
1.022241306304931641e+01
1.029729652404785156e+01
1.037459182739257812e+01
1.045426177978515625e+01
1.053626632690429688e+01
1.062056827545166016e+01
1.070712757110595703e+01
1.079590702056884766e+01
1.088686847686767578e+01
1.097997283935546875e+01
1.107518196105957031e+01
1.117245578765869141e+01
1.127175617218017578e+01
1.137304687500000000e+01
1.147628784179687500e+01
1.158143997192382812e+01
1.168846511840820312e+01
1.179732513427734375e+01
1.190797710418701172e+01
1.202035999298095703e+01
1.213441085815429688e+01
1.225006294250488281e+01
1.236725425720214844e+01
1.248591709136962891e+01
1.260598850250244141e+01
1.272740364074707031e+01
1.285009765625000000e+01
1.297400665283203125e+01
1.309906578063964844e+01
1.322520828247070312e+01
1.335237216949462891e+01
1.348049259185791016e+01
1.360950374603271484e+01
1.373934078216552734e+01
1.386993980407714844e+01
1.400123691558837891e+01
1.413316535949707031e+01
1.426566314697265625e+01
1.439866352081298828e+01
1.453210353851318359e+01
1.466591644287109375e+01
1.480003833770751953e+01
1.493440628051757812e+01
1.506895351409912109e+01
1.520361518859863281e+01
1.533833026885986328e+01
1.547302818298339844e+01
1.560764980316162109e+01
1.574212741851806641e+01
1.587639808654785156e+01
1.601039505004882812e+01
1.614405632019042969e+01
1.627731704711914062e+01
1.641010856628417969e+01
1.654236984252929688e+01
1.667403602600097656e+01
1.680504035949707031e+01
1.693532180786132812e+01
1.706481361389160156e+01
1.719345092773437500e+01
1.732116699218750000e+01
1.744790267944335938e+01
1.757358741760253906e+01
1.769816207885742188e+01
1.782155799865722656e+01
1.794371032714843750e+01
1.806455802917480469e+01
1.818403434753417969e+01
1.830207824707031250e+01
1.841865539550781250e+01
1.853373908996582031e+01
1.864729118347167969e+01
1.875928306579589844e+01
1.886968803405761719e+01
1.897847175598144531e+01
1.908560371398925781e+01
1.919105529785156250e+01
1.929479217529296875e+01
1.939678764343261719e+01
1.949700736999511719e+01
1.959542083740234375e+01
1.969200134277343750e+01
1.978671646118164062e+01
1.987953186035156250e+01
1.997042083740234375e+01
2.005935287475585938e+01
2.014629364013671875e+01
2.023121452331542969e+01
2.031408500671386719e+01
2.039487457275390625e+01
2.047355079650878906e+01
2.055008316040039062e+01
2.062444496154785156e+01
2.069659996032714844e+01
2.076651954650878906e+01
2.083417701721191406e+01
2.089953422546386719e+01
2.096256446838378906e+01
2.102323913574218750e+01
2.108152198791503906e+01
2.113738822937011719e+01
2.119080162048339844e+01
2.124173545837402344e+01
2.129015731811523438e+01
2.133603668212890625e+01
2.137934303283691406e+01
2.142004585266113281e+01
2.145811462402343750e+01
2.149351692199707031e+01
2.152622222900390625e+01
2.155620193481445312e+01
2.158342552185058594e+01
2.160785675048828125e+01
2.162947273254394531e+01
2.164823913574218750e+01
2.166412162780761719e+01
2.167709541320800781e+01
2.168712615966796875e+01
2.169419479370117188e+01
2.169831466674804688e+01
2.169951057434082031e+01
2.169780921936035156e+01
2.169323158264160156e+01
2.168580627441406250e+01
2.167555427551269531e+01
2.166250228881835938e+01
2.164667320251464844e+01
2.162809562683105469e+01
2.160678863525390625e+01
2.158278083801269531e+01
2.155609703063964844e+01
2.152676010131835938e+01
2.149479484558105469e+01
2.146022415161132812e+01
2.142307853698730469e+01
2.138337516784667969e+01
2.134114265441894531e+01
2.129640579223632812e+01
2.124918746948242188e+01
2.119951438903808594e+01
2.114740943908691406e+01
2.109289741516113281e+01
2.103600502014160156e+01
2.097675323486328125e+01
2.091517066955566406e+01
2.085127830505371094e+01
2.078510284423828125e+01
2.071666717529296875e+01
2.064599800109863281e+01
2.057312011718750000e+01
2.049805641174316406e+01
2.042083168029785156e+01
2.034147071838378906e+01
2.026000022888183594e+01
2.017644119262695312e+01
2.009082031250000000e+01
2.000316238403320312e+01
1.991349220275878906e+01
1.982183265686035156e+01
1.972820854187011719e+01
1.963264656066894531e+01
1.953517150878906250e+01
1.943580436706542969e+01
1.933457183837890625e+01
1.923150062561035156e+01
1.912661361694335938e+01
1.901993370056152344e+01
1.891148757934570312e+01
1.880130195617675781e+01
1.868942642211914062e+01
1.857590675354003906e+01
1.846079635620117188e+01
1.834414482116699219e+01
1.822599983215332031e+01
1.810641288757324219e+01
1.798543548583984375e+01
1.786311531066894531e+01
1.773950195312500000e+01
1.761464881896972656e+01
1.748860359191894531e+01
1.736141586303710938e+01
1.723313713073730469e+01
1.710381698608398438e+01
1.697350311279296875e+01
1.684224891662597656e+01
1.671010398864746094e+01
1.657711601257324219e+01
1.644333839416503906e+01
1.630881881713867188e+01
1.617360687255859375e+01
1.603775405883789062e+01
1.590131092071533203e+01
1.576432704925537109e+01
1.562685108184814453e+01
1.548893260955810547e+01
1.535062408447265625e+01
1.521197509765625000e+01
1.507303524017333984e+01
1.493385219573974609e+01
1.479448032379150391e+01
1.465496730804443359e+01
1.451536178588867188e+01
1.437571620941162109e+01
1.423608016967773438e+01
1.409650230407714844e+01
1.395703601837158203e+01
1.381772708892822266e+01
1.367862796783447266e+01
1.353978824615478516e+01
1.340125846862792969e+01
1.326308727264404297e+01
1.312532520294189453e+01
1.298802375793457031e+01
1.285123157501220703e+01
1.271499919891357422e+01
1.257937526702880859e+01
1.244441127777099609e+01
1.231015872955322266e+01
1.217666053771972656e+01
1.204395198822021484e+01
1.191205978393554688e+01
1.178101348876953125e+01
1.165084075927734375e+01
1.152157306671142578e+01
1.139323520660400391e+01
1.126585865020751953e+01
1.113947010040283203e+01
1.101410007476806641e+01
1.088977622985839844e+01
1.076652622222900391e+01
1.064438152313232422e+01
1.052336883544921875e+01
1.040351676940917969e+01
1.028485393524169922e+01
1.016740989685058594e+01
1.005121231079101562e+01
9.936290740966796875e+00
9.822672843933105469e+00
9.710388183593750000e+00
9.599464416503906250e+00
9.489931106567382812e+00
9.381816864013671875e+00
9.275150299072265625e+00
9.169959068298339844e+00
9.066272735595703125e+00
8.964120864868164062e+00
8.863530158996582031e+00
8.764531135559082031e+00
8.667150497436523438e+00
8.571417808532714844e+00
8.477362632751464844e+00
8.385011672973632812e+00
8.294396400451660156e+00
8.205543518066406250e+00
8.118480682373046875e+00
8.033238410949707031e+00
7.949845790863037109e+00
7.868329524993896484e+00
7.788719177246093750e+00
7.711043357849121094e+00
7.635331153869628906e+00
7.561611175537109375e+00
7.489911079406738281e+00
7.420260906219482422e+00
7.352688312530517578e+00
7.287221908569335938e+00
7.223891258239746094e+00
7.162724018096923828e+00
7.103742599487304688e+00
7.046941280364990234e+00
6.992305278778076172e+00
6.939824104309082031e+00
6.889483451843261719e+00
6.841269969940185547e+00
6.795172214508056641e+00
6.751176357269287109e+00
6.709269046783447266e+00
6.669438362121582031e+00
6.631670951843261719e+00
6.595953464508056641e+00
6.562273502349853516e+00
6.530617237091064453e+00
6.500973224639892578e+00
6.473327159881591797e+00
6.447667121887207031e+00
6.423979759216308594e+00
6.402251720428466797e+00
6.382470607757568359e+00
6.364623546600341797e+00
6.348697185516357422e+00
6.334678649902343750e+00
6.322556018829345703e+00
6.312314510345458984e+00
6.303942680358886719e+00
6.297427177429199219e+00
6.292754650115966797e+00
6.289912223815917969e+00
6.288887977600097656e+00
6.289668083190917969e+00
6.292239189147949219e+00
6.296589374542236328e+00
6.302705287933349609e+00
6.310574054718017578e+00
6.320182800292968750e+00
6.331517696380615234e+00
6.344567298889160156e+00
6.359317779541015625e+00
6.375756740570068359e+00
6.393870353698730469e+00
6.413646221160888672e+00
6.435071468353271484e+00
6.458133220672607422e+00
6.482818126678466797e+00
6.509114265441894531e+00
6.537007331848144531e+00
6.566485404968261719e+00
6.597534656524658203e+00
6.630143642425537109e+00
6.664294242858886719e+00
6.699954509735107422e+00
6.737088680267333984e+00
6.775660991668701172e+00
6.815635681152343750e+00
6.856976032257080078e+00
6.899647235870361328e+00
6.943612575531005859e+00
6.988836288452148438e+00
7.035282135009765625e+00
7.082913875579833984e+00
7.131697177886962891e+00
7.181594848632812500e+00
7.232571601867675781e+00
7.284590721130371094e+00
7.337616443634033203e+00
7.391613483428955078e+00
7.446544647216796875e+00
7.502375125885009766e+00
7.559069156646728516e+00
7.616590023040771484e+00
7.674901962280273438e+00
7.733969211578369141e+00
7.793756484985351562e+00
7.854226112365722656e+00
7.915343284606933594e+00
7.977072238922119141e+00
8.039377212524414062e+00
8.102221488952636719e+00
8.165569305419921875e+00
8.229385375976562500e+00
8.293631553649902344e+00
8.358275413513183594e+00
8.423278808593750000e+00
8.488605499267578125e+00
8.554221153259277344e+00
8.620088577270507812e+00
8.686172485351562500e+00
8.752436637878417969e+00
8.818844795227050781e+00
8.885361671447753906e+00
8.951951026916503906e+00
9.018576622009277344e+00
9.085202217102050781e+00
9.151793479919433594e+00
9.218313217163085938e+00
9.284725189208984375e+00
9.350995063781738281e+00
9.417085647583007812e+00
9.482959747314453125e+00
9.548586845397949219e+00
9.613937377929687500e+00
9.678988456726074219e+00
9.743715286254882812e+00
9.808094024658203125e+00
9.872099876403808594e+00
9.935707092285156250e+00
9.998894691467285156e+00
1.006163501739501953e+01
1.012390518188476562e+01
1.018568038940429688e+01
1.024693679809570312e+01
1.030764961242675781e+01
1.036779499053955078e+01
1.042734718322753906e+01
1.048628330230712891e+01
1.054457759857177734e+01
1.060220718383789062e+01
1.065914726257324219e+01
1.071537208557128906e+01
1.077085876464843750e+01
1.082558345794677734e+01
1.087951946258544922e+01
1.093264389038085938e+01
1.098493289947509766e+01
1.103636074066162109e+01
1.108690452575683594e+01
1.113653850555419922e+01
1.118523883819580078e+01
1.123298072814941406e+01
1.127974128723144531e+01
1.132549381256103516e+01
1.137021636962890625e+01
1.141388320922851562e+01
1.145646953582763672e+01
1.149795150756835938e+01
1.153830623626708984e+01
1.157750606536865234e+01
1.161553001403808594e+01
1.165235042572021484e+01
1.168794631958007812e+01
1.172229003906250000e+01
1.175535964965820312e+01
1.178713035583496094e+01
1.181757640838623047e+01
1.184667491912841797e+01
1.187440109252929688e+01
1.190073013305664062e+01
1.192563819885253906e+01
1.194910049438476562e+01
1.197109794616699219e+01
1.199162960052490234e+01
1.201070308685302734e+01
1.202832412719726562e+01
1.204449558258056641e+01
1.205922412872314453e+01
1.207251644134521484e+01
1.208437633514404297e+01
1.209481048583984375e+01
1.210382270812988281e+01
1.211141967773437500e+01
1.211760807037353516e+01
1.212239074707031250e+01
1.212577533721923828e+01
1.212776470184326172e+01
1.212836742401123047e+01
1.212758731842041016e+01
1.212543010711669922e+01
1.212190151214599609e+01
1.211700630187988281e+01
1.211075019836425781e+01
1.210313796997070312e+01
1.209417724609375000e+01
1.208387088775634766e+01
1.207222652435302734e+01
1.205924797058105469e+01
1.204494190216064453e+01
1.202931308746337891e+01
1.201236724853515625e+01
1.199411010742187500e+01
1.197454643249511719e+01
1.195368099212646484e+01
1.193152236938476562e+01
1.190807247161865234e+01
1.188333797454833984e+01
1.185732555389404297e+01
1.183003997802734375e+01
1.180148601531982422e+01
1.177166938781738281e+01
1.174059581756591797e+01
1.170827007293701172e+01
1.167469882965087891e+01
1.163988685607910156e+01
1.160383987426757812e+01
1.156656360626220703e+01
1.152806282043457031e+01
1.148834228515625000e+01
1.144740867614746094e+01
1.140526866912841797e+01
1.136192417144775391e+01
1.131738758087158203e+01
1.127167892456054688e+01
1.122482204437255859e+01
1.117684364318847656e+01
1.112776851654052734e+01
1.107762050628662109e+01
1.102642536163330078e+01
1.097420883178710938e+01
1.092099475860595703e+01
1.086680698394775391e+01
1.081167316436767578e+01
1.075561618804931641e+01
1.069866275787353516e+01
1.064083576202392578e+01
1.058216190338134766e+01
1.052266502380371094e+01
1.046237087249755859e+01
1.040130329132080078e+01
1.033948802947998047e+01
1.027695083618164062e+01
1.021371555328369141e+01
1.014980697631835938e+01
1.008525085449218750e+01
1.002007198333740234e+01
9.954295158386230469e+00
9.887945175170898438e+00
9.821046829223632812e+00
9.753624916076660156e+00
9.685706138610839844e+00
9.617312431335449219e+00
9.548471450805664062e+00
9.479207038879394531e+00
9.409544944763183594e+00
9.339509010314941406e+00
9.269124031066894531e+00
9.198416709899902344e+00
9.127410888671875000e+00
9.056130409240722656e+00
8.984601974487304688e+00
8.912850379943847656e+00
8.840898513793945312e+00
8.768774986267089844e+00
8.696501731872558594e+00
8.624104499816894531e+00
8.551608085632324219e+00
8.479038238525390625e+00
8.406419754028320312e+00
8.333777427673339844e+00
8.261135101318359375e+00
8.188520431518554688e+00
8.115954399108886719e+00
8.043458938598632812e+00
7.971053600311279297e+00
7.898758411407470703e+00
7.826592445373535156e+00
7.754575252532958984e+00
7.682726860046386719e+00
7.611067295074462891e+00
7.539615154266357422e+00
7.468391418457031250e+00
7.397414207458496094e+00
7.326703548431396484e+00
7.256279945373535156e+00
7.186161994934082031e+00
7.116369724273681641e+00
7.046923637390136719e+00
6.977841854095458984e+00
6.909144878387451172e+00
6.840851783752441406e+00
6.772983074188232422e+00
6.705557346343994141e+00
6.638595104217529297e+00
6.572115421295166016e+00
6.506138324737548828e+00
6.440683364868164062e+00
6.375769615173339844e+00
6.311417579650878906e+00
6.247646331787109375e+00
6.184475898742675781e+00
6.121925354003906250e+00
6.060014247894287109e+00
5.998763084411621094e+00
5.938190937042236328e+00
5.878317356109619141e+00
5.819162368774414062e+00
5.760745048522949219e+00
5.703085899353027344e+00
5.646203517913818359e+00
5.590117931365966797e+00
5.534848690032958984e+00
5.480415821075439453e+00
5.426838397979736328e+00
5.374136924743652344e+00
5.322329998016357422e+00
5.271438121795654297e+00
5.221479892730712891e+00
5.172476291656494141e+00
5.124445915222167969e+00
5.077408313751220703e+00
5.031383991241455078e+00
4.986388683319091797e+00
4.942424774169921875e+00
4.899490356445312500e+00
4.857585430145263672e+00
4.816708564758300781e+00
4.776858329772949219e+00
4.738033771514892578e+00
4.700233459472656250e+00
4.663456916809082031e+00
4.627702713012695312e+00
4.592969894409179688e+00
4.559257030487060547e+00
4.526562690734863281e+00
4.494886875152587891e+00
4.464227199554443359e+00
4.434583187103271484e+00
4.405953884124755859e+00
4.378337860107421875e+00
4.351733684539794922e+00
4.326140880584716797e+00
4.301558017730712891e+00
4.277984142303466797e+00
4.255417823791503906e+00
4.233858108520507812e+00
4.213303565979003906e+00
4.193753719329833984e+00
4.175206661224365234e+00
4.157662391662597656e+00
4.141119003295898438e+00
4.125575065612792969e+00
4.111030101776123047e+00
4.097482681274414062e+00
4.084931373596191406e+00
4.073376178741455078e+00
4.062814712524414062e+00
4.053246498107910156e+00
4.044670581817626953e+00
4.037085056304931641e+00
4.030488967895507812e+00
4.024882316589355469e+00
4.020262718200683594e+00
4.016629695892333984e+00
4.013981819152832031e+00
4.012318134307861328e+00
4.011637210845947266e+00
4.011938095092773438e+00
4.013220787048339844e+00
4.015481948852539062e+00
4.018722057342529297e+00
4.022939682006835938e+00
4.028130531311035156e+00
4.034281253814697266e+00
4.041374206542968750e+00
4.049392700195312500e+00
4.058320045471191406e+00
4.068140029907226562e+00
4.078834533691406250e+00
4.090387344360351562e+00
4.102781295776367188e+00
4.115999698638916016e+00
4.130026340484619141e+00
4.144843101501464844e+00
4.160433769226074219e+00
4.176782131195068359e+00
4.193870067596435547e+00
4.211681365966796875e+00
4.230198860168457031e+00
4.249406337738037109e+00
4.269286155700683594e+00
4.289822101593017578e+00
4.310997009277343750e+00
4.332794189453125000e+00
4.355195999145507812e+00
4.378186702728271484e+00
4.401748657226562500e+00
4.425865650177001953e+00
4.450520038604736328e+00
4.475695610046386719e+00
4.501374721527099609e+00
4.527541637420654297e+00
4.554178237915039062e+00
4.581268787384033203e+00
4.608795642852783203e+00
4.636742115020751953e+00
4.665091991424560547e+00
4.693827629089355469e+00
4.722932338714599609e+00
4.752389430999755859e+00
4.782181262969970703e+00
4.812292575836181641e+00
4.842705249786376953e+00
4.873402118682861328e+00
4.904367446899414062e+00
4.935584068298339844e+00
4.967034816741943359e+00
4.998702526092529297e+00
5.030570983886718750e+00
5.062623023986816406e+00
5.094841957092285156e+00
5.127210617065429688e+00
5.159712314605712891e+00
5.192331790924072266e+00
5.225052833557128906e+00
5.257860660552978516e+00
5.290739059448242188e+00
5.323672771453857422e+00
5.356646060943603516e+00
5.389643669128417969e+00
5.422649860382080078e+00
5.455648899078369141e+00
5.488625526428222656e+00
5.521564006805419922e+00
5.554449081420898438e+00
5.587265014648437500e+00
5.619996547698974609e+00
5.652627468109130859e+00
5.685142517089843750e+00
5.717525959014892578e+00
5.749763011932373047e+00
5.781836986541748047e+00
5.813733577728271484e+00
5.845436573028564453e+00
5.876930236816406250e+00
5.908198833465576172e+00
5.939228057861328125e+00
5.970000743865966797e+00
6.000502586364746094e+00
6.030716896057128906e+00
6.060629367828369141e+00
6.090223789215087891e+00
6.119484424591064453e+00
6.148396015167236328e+00
6.176943302154541016e+00
6.205110073089599609e+00
6.232881069183349609e+00
6.260240554809570312e+00
6.287173748016357422e+00
6.313664436340332031e+00
6.339696884155273438e+00
6.365256309509277344e+00
6.390326023101806641e+00
6.414891242980957031e+00
6.438936710357666016e+00
6.462446212768554688e+00
6.485404491424560547e+00
6.507796287536621094e+00
6.529604911804199219e+00
6.550816059112548828e+00
6.571413993835449219e+00
6.591382503509521484e+00
6.610708713531494141e+00
6.629388809204101562e+00
6.647420883178710938e+00
6.664803028106689453e+00
6.681533813476562500e+00
6.697611331939697266e+00
6.713034152984619141e+00
6.727800369262695312e+00
6.741907596588134766e+00
6.755354881286621094e+00
6.768140792846679688e+00
6.780262947082519531e+00
6.791719913482666016e+00
6.802509307861328125e+00
6.812630653381347656e+00
6.822081089019775391e+00
6.830859184265136719e+00
6.838963508605957031e+00
6.846392631530761719e+00
6.853144168853759766e+00
6.859216690063476562e+00
6.864607334136962891e+00
6.869316577911376953e+00
6.873341083526611328e+00
6.876679897308349609e+00
6.879331111907958984e+00
6.881292343139648438e+00
6.882562637329101562e+00
6.883140563964843750e+00
6.883022785186767578e+00
6.882209300994873047e+00
6.880697727203369141e+00
6.878486156463623047e+00
6.875572681427001953e+00
6.871956825256347656e+00
6.867635250091552734e+00
6.862607479095458984e+00
6.856871128082275391e+00
6.850424289703369141e+00
6.843265533447265625e+00
6.835393428802490234e+00
6.826806545257568359e+00
6.817501544952392578e+00
6.807477951049804688e+00
6.796734333038330078e+00
6.785268783569335938e+00
6.773078918457031250e+00
6.760162830352783203e+00
6.746519565582275391e+00
6.732146739959716797e+00
6.717046260833740234e+00
6.701224327087402344e+00
6.684693813323974609e+00
6.667464256286621094e+00
6.649547100067138672e+00
6.630952358245849609e+00
6.611690998077392578e+00
6.591774463653564453e+00
6.571212291717529297e+00
6.550016403198242188e+00
6.528195858001708984e+00
6.505763530731201172e+00
6.482728481292724609e+00
6.459101676940917969e+00
6.434894561767578125e+00
6.410117626190185547e+00
6.384781360626220703e+00
6.358896732330322266e+00
6.332474231719970703e+00
6.305524349212646484e+00
6.278059005737304688e+00
6.250087261199951172e+00
6.221621036529541016e+00
6.192669868469238281e+00
6.163246154785156250e+00
6.133359432220458984e+00
6.103020668029785156e+00
6.072240829467773438e+00
6.041030406951904297e+00
6.009400367736816406e+00
5.977361202239990234e+00
5.944923400878906250e+00
5.912097930908203125e+00
5.878896236419677734e+00
5.845328330993652344e+00
5.811404705047607422e+00
5.777135848999023438e+00
5.742534160614013672e+00
5.707608699798583984e+00
5.672370433807373047e+00
5.636830806732177734e+00
5.600999832153320312e+00
5.564888954162597656e+00
5.528508186340332031e+00
5.491868495941162109e+00
5.454980850219726562e+00
5.417855739593505859e+00
5.380503654479980469e+00
5.342935562133789062e+00
5.305162906646728516e+00
5.267195224761962891e+00
5.229044914245605469e+00
5.190723896026611328e+00
5.152243137359619141e+00
5.113614559173583984e+00
5.074850559234619141e+00
5.035962104797363281e+00
4.996960639953613281e+00
4.957858085632324219e+00
4.918666839599609375e+00
4.879398345947265625e+00
4.840063095092773438e+00
4.800674915313720703e+00
4.761243343353271484e+00
4.721781730651855469e+00
4.682300567626953125e+00
4.642812728881835938e+00
4.603329181671142578e+00
4.563861370086669922e+00
4.524421691894531250e+00
4.485021591186523438e+00
4.445672512054443359e+00
4.406386375427246094e+00
4.367175102233886719e+00
4.328049659729003906e+00
4.289022445678710938e+00
4.250105381011962891e+00
4.211309432983398438e+00
4.172646522521972656e+00
4.134128570556640625e+00
4.095767021179199219e+00
4.057573795318603516e+00
4.019560337066650391e+00
3.981738567352294922e+00
3.944120407104492188e+00
3.906717061996459961e+00
3.869540691375732422e+00
3.832602500915527344e+00
3.795914173126220703e+00
3.759488105773925781e+00
3.723335504531860352e+00
3.687468290328979492e+00
3.651897907257080078e+00
3.616636037826538086e+00
3.581694364547729492e+00
3.547085046768188477e+00
3.512819528579711914e+00
3.478909254074096680e+00
3.445366144180297852e+00
3.412201881408691406e+00
3.379427194595336914e+00
3.347046136856079102e+00
3.315062284469604492e+00
3.283479213714599609e+00
3.252300262451171875e+00
3.221528768539428711e+00
3.191168308258056641e+00
3.161221981048583984e+00
3.131693363189697266e+00
3.102585554122924805e+00
3.073902368545532227e+00
3.045646905899047852e+00
3.017822742462158203e+00
2.990433216094970703e+00
2.963481426239013672e+00
2.936971187591552734e+00
2.910905599594116211e+00
2.885288000106811523e+00
2.860121965408325195e+00
2.835411071777343750e+00
2.811158180236816406e+00
2.787366867065429688e+00
2.764040946960449219e+00
2.741183280944824219e+00
2.718797445297241211e+00
2.696887016296386719e+00
2.675455093383789062e+00
2.654504776000976562e+00
2.634040355682373047e+00
2.614064455032348633e+00
2.594580650329589844e+00
2.575592517852783203e+00
2.557103157043457031e+00
2.539116144180297852e+00
2.521634817123413086e+00
2.504662752151489258e+00
2.488203048706054688e+00
2.472259044647216797e+00
2.456834554672241211e+00
2.441932439804077148e+00
2.427556514739990234e+00
2.413709878921508789e+00
2.400395870208740234e+00
2.387618303298950195e+00
2.375380039215087891e+00
2.363684892654418945e+00
2.352535963058471680e+00
2.341936826705932617e+00
2.331890821456909180e+00
2.322401285171508789e+00
2.313469886779785156e+00
2.305090904235839844e+00
2.297256946563720703e+00
2.289960384368896484e+00
2.283194303512573242e+00
2.276950597763061523e+00
2.271222352981567383e+00
2.266002178192138672e+00
2.261282444000244141e+00
2.257055521011352539e+00
2.253314495086669922e+00
2.250051498413085938e+00
2.247259378433227539e+00
2.244930505752563477e+00
2.243057489395141602e+00
2.241632938385009766e+00
2.240649461746215820e+00
2.240099906921386719e+00
2.239976167678833008e+00
2.240271329879760742e+00
2.240977764129638672e+00
2.242088317871093750e+00
2.243595123291015625e+00
2.245491504669189453e+00
2.247769117355346680e+00
2.250421047210693359e+00
2.253439903259277344e+00
2.256817817687988281e+00
2.260547876358032227e+00
2.264622449874877930e+00
2.269034147262573242e+00
2.273775577545166016e+00
2.278839111328125000e+00
2.284217596054077148e+00
2.289903640747070312e+00
2.295889139175415039e+00
2.302167654037475586e+00
2.308731079101562500e+00
2.315572261810302734e+00
2.322683572769165039e+00
2.330057859420776367e+00
2.337687492370605469e+00
2.345565080642700195e+00
2.353683233261108398e+00
2.362034559249877930e+00
2.370611667633056641e+00
2.379407167434692383e+00
2.388413190841674805e+00
2.397623062133789062e+00
2.407028436660766602e+00
2.416623353958129883e+00
2.426403045654296875e+00
2.436363697052001953e+00
2.446501731872558594e+00
2.456813097000122070e+00
2.467294216156005859e+00
2.477941274642944336e+00
2.488750696182250977e+00
2.499718189239501953e+00
2.510840654373168945e+00
2.522113561630249023e+00
2.533534049987792969e+00
2.545097589492797852e+00
2.556800603866577148e+00
2.568639755249023438e+00
2.580610513687133789e+00
2.592709779739379883e+00
2.604933500289916992e+00
2.617277860641479492e+00
2.629739046096801758e+00
2.642313241958618164e+00
2.654997110366821289e+00
2.667786598205566406e+00
2.680677652359008789e+00
2.693666934967041016e+00
2.706750392913818359e+00
2.719924688339233398e+00
2.733185529708862305e+00
2.746529102325439453e+00
2.759952306747436523e+00
2.773450613021850586e+00
2.787020683288574219e+00
2.800658702850341797e+00
2.814360857009887695e+00
2.828123331069946289e+00
2.841942310333251953e+00
2.855813980102539062e+00
2.869735002517700195e+00
2.883701086044311523e+00
2.897708654403686523e+00
2.911754131317138672e+00
2.925833225250244141e+00
2.939942598342895508e+00
2.954078674316406250e+00
2.968236923217773438e+00
2.982414484024047852e+00
2.996606588363647461e+00
3.010810375213623047e+00
3.025021553039550781e+00
3.039236783981323242e+00
