# te
3.368566751480102539e+00
4.042785644531250000e+00
4.015691280364990234e+00
3.604769468307495117e+00
3.039974689483642578e+00
2.459582805633544922e+00
1.943592309951782227e+00
1.533458948135375977e+00
1.240095376968383789e+00
1.059619545936584473e+00
9.764887690544128418e-01
9.649229049682617188e-01
9.985598921775817871e-01
1.056968212127685547e+00
1.123015403747558594e+00
1.186836004257202148e+00
1.242304921150207520e+00
1.290992498397827148e+00
1.336223959922790527e+00
1.380648016929626465e+00
1.426720023155212402e+00
1.476799130439758301e+00
1.532573342323303223e+00
1.593145489692687988e+00
1.656411051750183105e+00
1.718023896217346191e+00
1.773616075515747070e+00
1.820978879928588867e+00
1.858220100402832031e+00
1.882559299468994141e+00
1.892486929893493652e+00
1.892464995384216309e+00
1.887115240097045898e+00
1.875725150108337402e+00
1.856341004371643066e+00
1.827375411987304688e+00
1.787854433059692383e+00
1.738892555236816406e+00
1.682126164436340332e+00
1.618558287620544434e+00
1.546660900115966797e+00
1.464272141456604004e+00
1.369230985641479492e+00
1.259375810623168945e+00
1.133191227912902832e+00
9.917459487915039062e-01
8.367543220520019531e-01
6.699311137199401855e-01
4.929908812046051025e-01
3.071169257164001465e-01
1.113678142428398132e-01
-9.572915732860565186e-02
-3.156466484069824219e-01
-5.498573780059814453e-01
-7.994849085807800293e-01
-1.064256668090820312e+00
-1.343550801277160645e+00
-1.636745572090148926e+00
-1.943219304084777832e+00
-2.262436389923095703e+00
-2.594207763671875000e+00
-2.938428878784179688e+00
-3.294996976852416992e+00
-3.663808584213256836e+00
-4.044761180877685547e+00
-4.437757968902587891e+00
-4.842703819274902344e+00
-5.259502887725830078e+00
-5.688059806823730469e+00
-6.128320693969726562e+00
-6.580402851104736328e+00
-7.044463634490966797e+00
-7.520662307739257812e+00
-8.009157180786132812e+00
-8.509948730468750000e+00
-9.022409439086914062e+00
-9.545754432678222656e+00
-1.007919788360595703e+01
-1.062195491790771484e+01
-1.117332649230957031e+01
-1.173295688629150391e+01
-1.230057621002197266e+01
-1.287591552734375000e+01
-1.345870590209960938e+01
-1.404867553710937500e+01
-1.464555168151855469e+01
-1.524906158447265625e+01
-1.585893058776855469e+01
-1.647488594055175781e+01
-1.709661293029785156e+01
-1.772365951538085938e+01
-1.835552787780761719e+01
-1.899172592163085938e+01
-1.963176155090332031e+01
-2.027513885498046875e+01
-2.092136383056640625e+01
-2.156994247436523438e+01
-2.222038269042968750e+01
-2.287218856811523438e+01
-2.352486801147460938e+01
-2.417792510986328125e+01
-2.483086776733398438e+01
-2.548320388793945312e+01
-2.613443374633789062e+01
-2.678406906127929688e+01
-2.743161392211914062e+01
-2.807657432556152344e+01
-2.871845817565917969e+01
-2.935676956176757812e+01
-2.999100303649902344e+01
-3.062060737609863281e+01
-3.124501609802246094e+01
-3.186366653442382812e+01
-3.247599792480468750e+01
-3.308143997192382812e+01
-3.367942428588867188e+01
-3.426939773559570312e+01
-3.485079193115234375e+01
-3.542303848266601562e+01
-3.598557662963867188e+01
-3.653784561157226562e+01
-3.707927322387695312e+01
-3.760929489135742188e+01
-3.812735366821289062e+01
-3.863288497924804688e+01
-3.912531661987304688e+01
-3.960408782958984375e+01
-4.006863784790039062e+01
-4.051839828491210938e+01
-4.095283126831054688e+01
-4.137149810791015625e+01
-4.177398681640625000e+01
-4.215988159179687500e+01
-4.252877044677734375e+01
-4.288024139404296875e+01
-4.321387863159179688e+01
-4.352927017211914062e+01
-4.382600021362304688e+01
-4.410366058349609375e+01
-4.436182785034179688e+01
-4.460010147094726562e+01
-4.481806182861328125e+01
-4.501529693603515625e+01
-4.519138336181640625e+01
-4.534592437744140625e+01
-4.547849655151367188e+01
-4.558868789672851562e+01
-4.567609024047851562e+01
-4.574028396606445312e+01
-4.578089904785156250e+01
-4.579774475097656250e+01
-4.579067611694335938e+01
-4.575954055786132812e+01
-4.570419692993164062e+01
-4.562448883056640625e+01
-4.552027511596679688e+01
-4.539139938354492188e+01
-4.523771667480468750e+01
-4.505908584594726562e+01
-4.485535049438476562e+01
-4.462636184692382812e+01
-4.437198257446289062e+01
-4.409205245971679688e+01
-4.378642654418945312e+01
-4.345495605468750000e+01
-4.309749984741210938e+01
-4.271390151977539062e+01
-4.230401611328125000e+01
-4.186769866943359375e+01
-4.140479278564453125e+01
-4.091515731811523438e+01
-4.039863967895507812e+01
-3.985509490966796875e+01
-3.928437423706054688e+01
-3.868637847900390625e+01
-3.806121826171875000e+01
-3.740904235839843750e+01
-3.673001861572265625e+01
-3.602429199218750000e+01
-3.529203033447265625e+01
-3.453338623046875000e+01
-3.374851608276367188e+01
-3.293757629394531250e+01
-3.210072326660156250e+01
-3.123811912536621094e+01
-3.034991645812988281e+01
-2.943627357482910156e+01
-2.849734687805175781e+01
-2.753329086303710938e+01
-2.654426765441894531e+01
-2.553043174743652344e+01
-2.449193954467773438e+01
-2.342894935607910156e+01
-2.234161758422851562e+01
-2.123010063171386719e+01
-2.009455680847167969e+01
-1.893514251708984375e+01
-1.775201416015625000e+01
-1.654533004760742188e+01
-1.531532764434814453e+01
-1.406258010864257812e+01
-1.278773880004882812e+01
-1.149145984649658203e+01
-1.017439460754394531e+01
-8.837196350097656250e+00
-7.480521202087402344e+00
-6.105019569396972656e+00
-4.711347103118896484e+00
-3.300156116485595703e+00
-1.872100710868835449e+00
-4.278339743614196777e-01
1.031990408897399902e+00
2.506718873977661133e+00
3.995698213577270508e+00
5.498274326324462891e+00
7.013794422149658203e+00
8.541604995727539062e+00
1.008105087280273438e+01
1.163148117065429688e+01
1.319224166870117188e+01
1.476267719268798828e+01
1.634213638305664062e+01
1.792996406555175781e+01
1.952550697326660156e+01
2.112811279296875000e+01
2.273712730407714844e+01
2.435189819335937500e+01
2.597176933288574219e+01
2.759608840942382812e+01
2.922420310974121094e+01
3.085545921325683594e+01
3.248920059204101562e+01
3.412477874755859375e+01
3.576153945922851562e+01
3.739882278442382812e+01
3.903598022460937500e+01
4.067236328125000000e+01
4.230730819702148438e+01
4.394016647338867188e+01
4.557028579711914062e+01
4.719701385498046875e+01
4.881969451904296875e+01
5.043767166137695312e+01
5.205029296875000000e+01
5.365690994262695312e+01
5.525686264038085938e+01
5.684950256347656250e+01
5.843417358398437500e+01
6.001022720336914062e+01
6.157701492309570312e+01
6.313394165039062500e+01
6.468041992187500000e+01
6.621588134765625000e+01
6.773971557617187500e+01
6.925136566162109375e+01
7.075022888183593750e+01
7.223572540283203125e+01
7.370726776123046875e+01
7.516428375244140625e+01
7.660617828369140625e+01
7.803236389160156250e+01
7.944226837158203125e+01
8.083529663085937500e+01
8.221086883544921875e+01
8.356839752197265625e+01
8.490731048583984375e+01
8.622699737548828125e+01
8.752690887451171875e+01
8.880642700195312500e+01
9.006497955322265625e+01
9.130200195312500000e+01
9.251687622070312500e+01
9.370904541015625000e+01
9.487790679931640625e+01
9.602288818359375000e+01
9.714339447021484375e+01
9.823884582519531250e+01
9.930867004394531250e+01
1.003522567749023438e+02
1.013690490722656250e+02
1.023584442138671875e+02
1.033198699951171875e+02
1.042527236938476562e+02
1.051564407348632812e+02
1.060304260253906250e+02
1.068740997314453125e+02
1.076868743896484375e+02
1.084681701660156250e+02
1.092173919677734375e+02
1.099339675903320312e+02
1.106173019409179688e+02
1.112668228149414062e+02
1.118819427490234375e+02
1.124620666503906250e+02
1.130066299438476562e+02
1.135150222778320312e+02
1.139866790771484375e+02
1.144210128784179688e+02
1.148174285888671875e+02
1.151754760742187500e+02
1.154952316284179688e+02
1.157768783569335938e+02
1.160205917358398438e+02
1.162265853881835938e+02
1.163950347900390625e+02
1.165261459350585938e+02
1.166201095581054688e+02
1.166771087646484375e+02
1.166973342895507812e+02
1.166810073852539062e+02
1.166282653808593750e+02
1.165393447875976562e+02
1.164144210815429688e+02
1.162537002563476562e+02
1.160573425292968750e+02
1.158255615234375000e+02
1.155585556030273438e+02
1.152565078735351562e+02
1.149196014404296875e+02
1.145480499267578125e+02
1.141420288085937500e+02
1.137017211914062500e+02
1.132273483276367188e+02
1.127190780639648438e+02
1.121771011352539062e+02
1.116016311645507812e+02
1.109928283691406250e+02
1.103509140014648438e+02
1.096760787963867188e+02
1.089684829711914062e+02
1.082283477783203125e+02
1.074558563232421875e+02
1.066511993408203125e+02
1.058145751953125000e+02
1.049461669921875000e+02
1.040461654663085938e+02
1.031147766113281250e+02
1.021521759033203125e+02
1.011585693359375000e+02
1.001341323852539062e+02
9.907907867431640625e+01
9.799356842041015625e+01
9.687783050537109375e+01
9.573203277587890625e+01
9.455637359619140625e+01
9.335104370117187500e+01
9.211622619628906250e+01
9.085213470458984375e+01
8.955894470214843750e+01
8.823695373535156250e+01
8.688683319091796875e+01
8.550937652587890625e+01
8.410536193847656250e+01
8.267556762695312500e+01
8.122077941894531250e+01
7.974177551269531250e+01
7.823933410644531250e+01
7.671424102783203125e+01
7.516727447509765625e+01
7.359922027587890625e+01
7.201084899902343750e+01
7.040296173095703125e+01
6.877631378173828125e+01
6.713170623779296875e+01
6.546990966796875000e+01
6.379171752929687500e+01
6.209789657592773438e+01
6.038924026489257812e+01
5.866651916503906250e+01
5.693052291870117188e+01
5.518202590942382812e+01
5.342180633544921875e+01
5.165066146850585938e+01
4.986935806274414062e+01
4.807868194580078125e+01
4.627941513061523438e+01
4.447233581542968750e+01
4.265822982788085938e+01
4.083787155151367188e+01
3.901205062866210938e+01
3.718154144287109375e+01
3.534712982177734375e+01
3.350959396362304688e+01
3.166971397399902344e+01
2.982827377319335938e+01
2.798605728149414062e+01
2.614383697509765625e+01
2.430240249633789062e+01
2.246253013610839844e+01
2.062500572204589844e+01
1.879060363769531250e+01
1.696010971069335938e+01
1.513430595397949219e+01
1.331397151947021484e+01
1.149988746643066406e+01
9.692834854125976562e+00
7.893597126007080078e+00
6.102953433990478516e+00
4.321684360504150391e+00
2.550530433654785156e+00
7.900580167770385742e-01
-9.592079520225524902e-01
-2.696742534637451172e+00
-4.422020912170410156e+00
-6.134518623352050781e+00
-7.833710193634033203e+00
-9.519071578979492188e+00
-1.119007778167724609e+01
-1.284620285034179688e+01
-1.448692417144775391e+01
-1.611171531677246094e+01
-1.772005081176757812e+01
-1.931140708923339844e+01
-2.088525962829589844e+01
-2.244108390808105469e+01
-2.397835350036621094e+01
-2.549654388427734375e+01
-2.699513053894042969e+01
-2.847359085083007812e+01
-2.993139457702636719e+01
-3.136802482604980469e+01
-3.278295135498046875e+01
-3.417564773559570312e+01
-3.554559326171875000e+01
-3.689226150512695312e+01
-3.821512603759765625e+01
-3.951366424560546875e+01
-4.078735351562500000e+01
-4.203566360473632812e+01
-4.325807571411132812e+01
-4.445405578613281250e+01
-4.562309265136718750e+01
-4.676464843750000000e+01
-4.787820434570312500e+01
-4.896323394775390625e+01
-5.001921463012695312e+01
-5.104562377929687500e+01
-5.204193115234375000e+01
-5.300761032104492188e+01
-5.394214248657226562e+01
-5.484500503540039062e+01
-5.571566390991210938e+01
-5.655359649658203125e+01
-5.735828781127929688e+01
-5.812919616699218750e+01
-5.886581420898437500e+01
-5.956760787963867188e+01
-6.023404693603515625e+01
-6.086462020874023438e+01
-6.145892715454101562e+01
-6.201711654663085938e+01
-6.253945541381835938e+01
-6.302623748779296875e+01
-6.347772216796875000e+01
-6.389419555664062500e+01
-6.427592468261718750e+01
-6.462319946289062500e+01
-6.493629455566406250e+01
-6.521547698974609375e+01
-6.546103668212890625e+01
-6.567324066162109375e+01
-6.585236358642578125e+01
-6.599869537353515625e+01
-6.611249542236328125e+01
-6.619406127929687500e+01
-6.624365234375000000e+01
-6.626154327392578125e+01
-6.624802398681640625e+01
-6.620337677001953125e+01
-6.612786102294921875e+01
-6.602175140380859375e+01
-6.588534545898437500e+01
-6.571890258789062500e+01
-6.552270507812500000e+01
-6.529702758789062500e+01
-6.504215240478515625e+01
-6.475835418701171875e+01
-6.444590759277343750e+01
-6.410508728027343750e+01
-6.373617553710937500e+01
-6.333944702148437500e+01
-6.291517639160156250e+01
-6.246364593505859375e+01
-6.198512268066406250e+01
-6.147988891601562500e+01
-6.094823074340820312e+01
-6.039040756225585938e+01
-5.980670928955078125e+01
-5.919740676879882812e+01
-5.856277465820312500e+01
-5.790310287475585938e+01
-5.721864700317382812e+01
-5.650970458984375000e+01
-5.577653503417968750e+01
-5.501943206787109375e+01
-5.423865509033203125e+01
-5.343449401855468750e+01
-5.260722351074218750e+01
-5.175711059570312500e+01
-5.088452529907226562e+01
-4.999013137817382812e+01
-4.907468795776367188e+01
-4.813894653320312500e+01
-4.718365859985351562e+01
-4.620957183837890625e+01
-4.521745300292968750e+01
-4.420804595947265625e+01
-4.318210220336914062e+01
-4.214037704467773438e+01
-4.108362960815429688e+01
-4.001260757446289062e+01
-3.892806243896484375e+01
-3.783074951171875000e+01
-3.672142028808593750e+01
-3.560083007812500000e+01
-3.446973419189453125e+01
-3.332888031005859375e+01
-3.217901992797851562e+01
-3.102091407775878906e+01
-2.985531234741210938e+01
-2.868296623229980469e+01
-2.750463104248046875e+01
-2.632105636596679688e+01
-2.513299942016601562e+01
-2.394121170043945312e+01
-2.274644470214843750e+01
-2.154945564270019531e+01
-2.035099220275878906e+01
-1.915181159973144531e+01
-1.795266532897949219e+01
-1.675430679321289062e+01
-1.555748844146728516e+01
-1.436296367645263672e+01
-1.317148780822753906e+01
-1.198380947113037109e+01
-1.080068588256835938e+01
-9.622867584228515625e+00
-8.451108932495117188e+00
-7.286163330078125000e+00
-6.128782272338867188e+00
-4.979720115661621094e+00
-3.839729547500610352e+00
-2.709563493728637695e+00
-1.589975714683532715e+00
-4.817186594009399414e-01
6.144542694091796875e-01
1.697790145874023438e+00
2.767535686492919922e+00
3.822937965393066406e+00
4.863303184509277344e+00
5.888175964355468750e+00
6.897159576416015625e+00
7.889857769012451172e+00
8.865874290466308594e+00
9.824812889099121094e+00
1.076627731323242188e+01
1.168987178802490234e+01
1.259519767761230469e+01
1.348186206817626953e+01
1.434946537017822266e+01
1.519761466979980469e+01
1.602591133117675781e+01
1.683395957946777344e+01
1.762136268615722656e+01
1.838772392272949219e+01
1.913265037536621094e+01
1.985574150085449219e+01
2.055660247802734375e+01
2.123483657836914062e+01
2.189004898071289062e+01
2.252184295654296875e+01
2.312982177734375000e+01
2.371359062194824219e+01
2.427274894714355469e+01
2.480690383911132812e+01
2.531565856933593750e+01
2.579861640930175781e+01
2.625538063049316406e+01
2.668555641174316406e+01
2.708874702453613281e+01
2.746455574035644531e+01
2.781258392333984375e+01
2.813244056701660156e+01
2.842372703552246094e+01
2.868604278564453125e+01
2.891899871826171875e+01
2.912219047546386719e+01
2.929522895812988281e+01
2.943771553039550781e+01
2.954924964904785156e+01
2.962944412231445312e+01
2.967789459228515625e+01
2.969420814514160156e+01
2.967798614501953125e+01
2.962883567810058594e+01
2.954636001586914062e+01
2.943015861511230469e+01
2.927983665466308594e+01
2.909500312805175781e+01
2.887538528442382812e+01
2.862123489379882812e+01
2.833292961120605469e+01
2.801084899902343750e+01
2.765537261962890625e+01
2.726688003540039062e+01
2.684574699401855469e+01
2.639235496520996094e+01
2.590708160400390625e+01
2.539030456542968750e+01
2.484240531921386719e+01
2.426376152038574219e+01
2.365475463867187500e+01
2.301575660705566406e+01
2.234715461730957031e+01
2.164932060241699219e+01
2.092263603210449219e+01
2.016748046875000000e+01
1.938423538208007812e+01
1.857327270507812500e+01
1.773497581481933594e+01
1.686972427368164062e+01
1.597789382934570312e+01
1.505986499786376953e+01
1.411601734161376953e+01
1.314672946929931641e+01
1.215237903594970703e+01
1.113334655761718750e+01
1.009000873565673828e+01
9.022745132446289062e+00
7.931936264038085938e+00
6.817958354949951172e+00
5.681192874908447266e+00
4.522016525268554688e+00
3.340809583663940430e+00
2.137949943542480469e+00
9.138168096542358398e-01
-3.312109410762786865e-01
-1.596754431724548340e+00
-2.882435083389282227e+00
-4.187873363494873047e+00
-5.512691020965576172e+00
-6.856509685516357422e+00
-8.218950271606445312e+00
-9.599632263183593750e+00
-1.099817848205566406e+01
-1.241421031951904297e+01
-1.384734821319580078e+01
-1.529721450805664062e+01
-1.676342773437500000e+01
-1.824554824829101562e+01
-1.974289512634277344e+01
-2.125471687316894531e+01
-2.278026771545410156e+01
-2.431880187988281250e+01
-2.586957168579101562e+01
-2.743183326721191406e+01
-2.900483131408691406e+01
-3.058783149719238281e+01
-3.218007659912109375e+01
-3.378082656860351562e+01
-3.538933563232421875e+01
-3.700484848022460938e+01
-3.862662887573242188e+01
-4.025392150878906250e+01
-4.188598251342773438e+01
-4.352206802368164062e+01
-4.516142654418945312e+01
-4.680331420898437500e+01
-4.844698715209960938e+01
-5.009169006347656250e+01
-5.173668670654296875e+01
-5.338122558593750000e+01
-5.502455520629882812e+01
-5.666593551635742188e+01
-5.830462265014648438e+01
-5.993985748291015625e+01
-6.157090377807617188e+01
-6.319701004028320312e+01
-6.481743621826171875e+01
-6.643141937255859375e+01
-6.803823089599609375e+01
-6.963712310791015625e+01
-7.122734069824218750e+01
-7.280813598632812500e+01
-7.437876129150390625e+01
-7.593848419189453125e+01
-7.748654174804687500e+01
-7.902219390869140625e+01
-8.054470062255859375e+01
-8.205330657958984375e+01
-8.354726409912109375e+01
-8.502583312988281250e+01
-8.648825836181640625e+01
-8.793379974365234375e+01
-8.936170959472656250e+01
-9.077124023437500000e+01
-9.216163635253906250e+01
-9.353217315673828125e+01
-9.488208007812500000e+01
-9.621069335937500000e+01
-9.751758575439453125e+01
-9.880242156982421875e+01
-1.000648269653320312e+02
-1.013044815063476562e+02
-1.025210037231445312e+02
-1.037140731811523438e+02
-1.048833160400390625e+02
-1.060284042358398438e+02
-1.071489639282226562e+02
-1.082446594238281250e+02
-1.093151397705078125e+02
-1.103600540161132812e+02
-1.113790512084960938e+02
-1.123717803955078125e+02
-1.133378906250000000e+02
-1.142770309448242188e+02
-1.151888580322265625e+02
-1.160730209350585938e+02
-1.169291687011718750e+02
-1.177569427490234375e+02
-1.185559997558593750e+02
-1.193259887695312500e+02
-1.200665664672851562e+02
-1.207773742675781250e+02
-1.214580612182617188e+02
-1.221082839965820312e+02
-1.227276763916015625e+02
-1.233159179687500000e+02
-1.238726348876953125e+02
-1.243974761962890625e+02
-1.248901138305664062e+02
-1.253501663208007812e+02
-1.257773132324218750e+02
-1.261711883544921875e+02
-1.265314483642578125e+02
-1.268577270507812500e+02
-1.271496963500976562e+02
-1.274069976806640625e+02
-1.276292877197265625e+02
-1.278161926269531250e+02
-1.279673919677734375e+02
-1.280825195312500000e+02
-1.281612243652343750e+02
-1.282031707763671875e+02
-1.282079772949218750e+02
-1.281753387451171875e+02
-1.281048583984375000e+02
-1.279962158203125000e+02
-1.278490676879882812e+02
-1.276631546020507812e+02
-1.274387741088867188e+02
-1.271763000488281250e+02
-1.268761215209960938e+02
-1.265386505126953125e+02
-1.261642608642578125e+02
-1.257533416748046875e+02
-1.253062820434570312e+02
-1.248234786987304688e+02
-1.243053207397460938e+02
-1.237521972656250000e+02
-1.231644973754882812e+02
-1.225426177978515625e+02
-1.218869476318359375e+02
-1.211978607177734375e+02
-1.204757766723632812e+02
-1.197210693359375000e+02
-1.189341278076171875e+02
-1.181153488159179688e+02
-1.172651214599609375e+02
-1.163838195800781250e+02
-1.154718627929687500e+02
-1.145296173095703125e+02
-1.135574874877929688e+02
-1.125558624267578125e+02
-1.115251312255859375e+02
-1.104656829833984375e+02
-1.093779067993164062e+02
-1.082621917724609375e+02
-1.071189346313476562e+02
-1.059485168457031250e+02
-1.047513351440429688e+02
-1.035277938842773438e+02
-1.022782592773437500e+02
-1.010031280517578125e+02
-9.970279693603515625e+01
-9.837764739990234375e+01
-9.702809143066406250e+01
-9.565449523925781250e+01
-9.425726318359375000e+01
-9.283676910400390625e+01
-9.139343261718750000e+01
-8.992761230468750000e+01
-8.843972015380859375e+01
-8.693013763427734375e+01
-8.539925384521484375e+01
-8.384747314453125000e+01
-8.227516937255859375e+01
-8.068273925781250000e+01
-7.907057952880859375e+01
-7.743912506103515625e+01
-7.578905487060546875e+01
-7.412110900878906250e+01
-7.243601226806640625e+01
-7.073450469970703125e+01
-6.901731872558593750e+01
-6.728517150878906250e+01
-6.553881072998046875e+01
-6.377896118164062500e+01
-6.200635910034179688e+01
-6.022173690795898438e+01
-5.842582702636718750e+01
-5.661936187744140625e+01
-5.480306625366210938e+01
-5.297768402099609375e+01
-5.114394378662109375e+01
-4.930257415771484375e+01
-4.745431518554687500e+01
-4.559989166259765625e+01
-4.374003601074218750e+01
-4.187548828125000000e+01
-4.000697326660156250e+01
-3.813522720336914062e+01
-3.626098251342773438e+01
-3.438496780395507812e+01
-3.250792312622070312e+01
-3.063057136535644531e+01
-2.875365257263183594e+01
-2.687789535522460938e+01
-2.500403404235839844e+01
-2.313279914855957031e+01
-2.126492500305175781e+01
-1.940114212036132812e+01
-1.754218482971191406e+01
-1.568878364562988281e+01
-1.384167194366455078e+01
-1.200158214569091797e+01
-1.016924762725830078e+01
-8.345398902893066406e+00
-6.530769824981689453e+00
-4.726092338562011719e+00
-2.932098627090454102e+00
-1.149521470069885254e+00
6.209068298339843750e-01
2.378453731536865234e+00
4.122387409210205078e+00
5.851974010467529297e+00
7.566483020782470703e+00
9.265180587768554688e+00
1.094733428955078125e+01
1.261227321624755859e+01
1.425956439971923828e+01
1.588883399963378906e+01
1.749971389770507812e+01
1.909182739257812500e+01
2.066480636596679688e+01
2.221827507019042969e+01
2.375186538696289062e+01
2.526520347595214844e+01
2.675791549682617188e+01
2.822963142395019531e+01
2.967997932434082031e+01
3.110858535766601562e+01
3.251507949829101562e+01
3.389908981323242188e+01
3.526023864746093750e+01
3.659816360473632812e+01
3.791248321533203125e+01
3.920283508300781250e+01
4.046883773803710938e+01
4.171012496948242188e+01
4.292632293701171875e+01
4.411705780029296875e+01
4.528195571899414062e+01
4.642065048217773438e+01
4.753277206420898438e+01
4.861793899536132812e+01
4.967578506469726562e+01
5.070594024658203125e+01
5.170802307128906250e+01
5.268167495727539062e+01
5.362651062011718750e+01
5.454216384887695312e+01
5.542826843261718750e+01
5.628444290161132812e+01
5.711031723022460938e+01
5.790552520751953125e+01
5.866968536376953125e+01
5.940243530273437500e+01
6.010339736938476562e+01
6.077219772338867188e+01
6.140847396850585938e+01
6.201183700561523438e+01
6.258193206787109375e+01
6.311838150024414062e+01
6.362080383300781250e+01
6.408883666992187500e+01
6.452210998535156250e+01
6.492024993896484375e+01
6.528288269042968750e+01
6.560974121093750000e+01
6.590100860595703125e+01
6.615699768066406250e+01
6.637799072265625000e+01
6.656427001953125000e+01
6.671615600585937500e+01
6.683392333984375000e+01
6.691786956787109375e+01
6.696829986572265625e+01
6.698550415039062500e+01
6.696977233886718750e+01
6.692138671875000000e+01
6.684067535400390625e+01
6.672790527343750000e+01
6.658338165283203125e+01
6.640739440917968750e+01
6.620024871826171875e+01
6.596222686767578125e+01
6.569361877441406250e+01
6.539473724365234375e+01
6.506587219238281250e+01
6.470730590820312500e+01
6.431934356689453125e+01
6.390227508544921875e+01
6.345639801025390625e+01
6.298200607299804688e+01
6.247939682006835938e+01
6.194886016845703125e+01
6.139068984985351562e+01
6.080518341064453125e+01
6.019263458251953125e+01
5.955334472656250000e+01
5.888759231567382812e+01
5.819568634033203125e+01
5.747791290283203125e+01
5.673458099365234375e+01
5.596596527099609375e+01
5.517237091064453125e+01
5.435408782958984375e+01
5.351141738891601562e+01
5.264465332031250000e+01
5.175408172607421875e+01
5.084000778198242188e+01
4.990272140502929688e+01
4.894251632690429688e+01
4.795968627929687500e+01
4.695452880859375000e+01
4.592733764648437500e+01
4.487840270996093750e+01
4.380802536010742188e+01
4.271655273437500000e+01
4.160454559326171875e+01
4.047261047363281250e+01
3.932137298583984375e+01
3.815143966674804688e+01
3.696343231201171875e+01
3.575795364379882812e+01
3.453562545776367188e+01
3.329706192016601562e+01
3.204287719726562500e+01
3.077368354797363281e+01
2.949009704589843750e+01
2.819272994995117188e+01
2.688220024108886719e+01
2.555911827087402344e+01
2.422409820556640625e+01
2.287775611877441406e+01
2.152070808410644531e+01
2.015356636047363281e+01
1.877694320678710938e+01
1.739145660400390625e+01
1.599771690368652344e+01
1.459634208679199219e+01
1.318794536590576172e+01
1.177313899993896484e+01
1.035253906250000000e+01
8.926759719848632812e+00
7.496413707733154297e+00
6.062118053436279297e+00
4.624484539031982422e+00
3.184128761291503906e+00
1.741664528846740723e+00
2.977059781551361084e-01
-1.147132515907287598e+00
-2.592236518859863281e+00
-4.036992073059082031e+00
-5.480784893035888672e+00
-6.923000812530517578e+00
-8.363024711608886719e+00
-9.800243377685546875e+00
-1.123404216766357422e+01
-1.266380691528320312e+01
-1.408892250061035156e+01
-1.550877666473388672e+01
-1.692275428771972656e+01
-1.833023834228515625e+01
-1.973061752319335938e+01
-2.112327957153320312e+01
-2.250760650634765625e+01
-2.388298416137695312e+01
-2.524884414672851562e+01
-2.660479164123535156e+01
-2.795048141479492188e+01
-2.928556060791015625e+01
-3.060967826843261719e+01
-3.192248725891113281e+01
-3.322364044189453125e+01
-3.451279067993164062e+01
-3.578957748413085938e+01
-3.705366516113281250e+01
-3.830469512939453125e+01
-3.954232788085937500e+01
-4.076620101928710938e+01
-4.197597885131835938e+01
-4.317130279541015625e+01
-4.435182571411132812e+01
-4.551720428466796875e+01
-4.666707992553710938e+01
-4.780110931396484375e+01
-4.891894531250000000e+01
-5.002023315429687500e+01
-5.110462570190429688e+01
-5.217177200317382812e+01
-5.322133255004882812e+01
-5.425294494628906250e+01
-5.526626586914062500e+01
-5.626094818115234375e+01
-5.723664093017578125e+01
-5.819299697875976562e+01
-5.912966537475585938e+01
-6.004629135131835938e+01
-6.094253158569335938e+01
-6.181803512573242188e+01
-6.267245864868164062e+01
-6.350544738769531250e+01
-6.431665802001953125e+01
-6.510572814941406250e+01
-6.587231445312500000e+01
-6.661608123779296875e+01
-6.733666229248046875e+01
-6.803371429443359375e+01
-6.870688629150390625e+01
-6.935583496093750000e+01
-6.998020935058593750e+01
-7.057965087890625000e+01
-7.115383148193359375e+01
-7.170237731933593750e+01
-7.222494506835937500e+01
-7.272119903564453125e+01
-7.319078063964843750e+01
-7.363343048095703125e+01
-7.404925537109375000e+01
-7.443843078613281250e+01
-7.480116271972656250e+01
-7.513761901855468750e+01
-7.544801330566406250e+01
-7.573252105712890625e+01
-7.599133300781250000e+01
-7.622463989257812500e+01
-7.643263244628906250e+01
-7.661550140380859375e+01
-7.677342987060546875e+01
-7.690661621093750000e+01
-7.701523590087890625e+01
-7.709950256347656250e+01
-7.715957641601562500e+01
-7.719566345214843750e+01
-7.720795440673828125e+01
-7.719664001464843750e+01
-7.716189575195312500e+01
-7.710391998291015625e+01
-7.702291107177734375e+01
-7.691903686523437500e+01
-7.679251098632812500e+01
-7.664350128173828125e+01
-7.647221374511718750e+01
-7.627883148193359375e+01
-7.606354522705078125e+01
-7.582654571533203125e+01
-7.556800842285156250e+01
-7.528813934326171875e+01
-7.498712158203125000e+01
-7.466514587402343750e+01
-7.432240295410156250e+01
-7.395908355712890625e+01
-7.357537078857421875e+01
-7.317146301269531250e+01
-7.274753570556640625e+01
-7.230379486083984375e+01
-7.184041595458984375e+01
-7.135759735107421875e+01
-7.085552978515625000e+01
-7.033438873291015625e+01
-6.979438018798828125e+01
-6.923567962646484375e+01
-6.865849304199218750e+01
-6.806299591064453125e+01
-6.744937896728515625e+01
-6.681784057617187500e+01
-6.616857147216796875e+01
-6.550178527832031250e+01
-6.481793975830078125e+01
-6.411748504638671875e+01
-6.340090942382812500e+01
-6.266868209838867188e+01
-6.192127227783203125e+01
-6.115916824340820312e+01
-6.038283538818359375e+01
-5.959274291992187500e+01
-5.878937530517578125e+01
-5.797320175170898438e+01
-5.714470291137695312e+01
-5.630434036254882812e+01
-5.545259857177734375e+01
-5.458994674682617188e+01
-5.371686553955078125e+01
-5.283382034301757812e+01
-5.194129562377929688e+01
-5.103975677490234375e+01
-5.012968063354492188e+01
-4.921154022216796875e+01
-4.828581619262695312e+01
-4.735298156738281250e+01
-4.641350555419921875e+01
-4.546786117553710938e+01
-4.451652526855468750e+01
-4.355997848510742188e+01
-4.259869003295898438e+01
-4.163313293457031250e+01
-4.066377639770507812e+01
-3.969110870361328125e+01
-3.871559143066406250e+01
-3.773770523071289062e+01
-3.675792312622070312e+01
-3.577672195434570312e+01
-3.479457092285156250e+01
-3.381194686889648438e+01
-3.282932281494140625e+01
-3.184717559814453125e+01
-3.086597824096679688e+01
-2.988620567321777344e+01
-2.890833091735839844e+01
-2.793282699584960938e+01
-2.696017265319824219e+01
-2.599083900451660156e+01
-2.502529907226562500e+01
-2.406403160095214844e+01
-2.310750579833984375e+01
-2.215620040893554688e+01
-2.121058654785156250e+01
-2.027111053466796875e+01
-1.933808135986328125e+01
-1.841178321838378906e+01
-1.749250221252441406e+01
-1.658051300048828125e+01
-1.567610359191894531e+01
-1.477955436706542969e+01
-1.389114665985107422e+01
-1.301116466522216797e+01
-1.213988876342773438e+01
-1.127760219573974609e+01
-1.042458629608154297e+01
-9.581124305725097656e+00
-8.747497558593750000e+00
-7.923988342285156250e+00
-7.110879421234130859e+00
-6.308451652526855469e+00
-5.516988277435302734e+00
-4.736771106719970703e+00
-3.968083143234252930e+00
-3.211205244064331055e+00
-2.466420650482177734e+00
-1.734010815620422363e+00
-1.014258384704589844e+00
-3.074453175067901611e-01
3.861460983753204346e-01
1.066233754158020020e+00
1.732535362243652344e+00
2.384768962860107422e+00
3.022652149200439453e+00
3.645902633666992188e+00
4.254239082336425781e+00
4.847378253936767578e+00
5.425038337707519531e+00
5.986937046051025391e+00
6.532792568206787109e+00
7.062322616577148438e+00
7.575244903564453125e+00
8.071277618408203125e+00
8.550137519836425781e+00
9.011543273925781250e+00
9.455212593078613281e+00
9.880863189697265625e+00
1.028821372985839844e+01
1.067698097229003906e+01
1.104688167572021484e+01
1.139763736724853516e+01
1.172896194458007812e+01
1.204057502746582031e+01
1.233219432830810547e+01
1.260360717773437500e+01
1.285487842559814453e+01
1.308614444732666016e+01
1.329753875732421875e+01
1.348919677734375000e+01
1.366125392913818359e+01
1.381384372711181641e+01
1.394710350036621094e+01
1.406116676330566406e+01
1.415616798400878906e+01
1.423224353790283203e+01
1.428952598571777344e+01
1.432815361022949219e+01
1.434825897216796875e+01
1.434997749328613281e+01
1.433344554901123047e+01
1.429879570007324219e+01
1.424616432189941406e+01
1.417568683624267578e+01
1.408749675750732422e+01
1.398173141479492188e+01
1.385852146148681641e+01
1.371800804138183594e+01
1.356031990051269531e+01
1.338559627532958984e+01
1.319396972656250000e+01
1.298557758331298828e+01
1.276055240631103516e+01
1.251902961730957031e+01
1.226114463806152344e+01
1.198703384399414062e+01
1.169682979583740234e+01
1.139066886901855469e+01
1.106868457794189453e+01
1.073101425170898438e+01
1.037779140472412109e+01
1.000915050506591797e+01
9.625226974487304688e+00
9.226157188415527344e+00
8.812073707580566406e+00
8.383113861083984375e+00
7.939410686492919922e+00
7.481099605560302734e+00
7.008316040039062500e+00
6.521194934844970703e+00
6.019871234893798828e+00
5.504479408264160156e+00
4.975154876708984375e+00
4.432032585144042969e+00
3.875247240066528320e+00
3.304973125457763672e+00
2.721540689468383789e+00
2.125319242477416992e+00
1.516678214073181152e+00
8.959872722625732422e-01
2.636158764362335205e-01
-3.800665438175201416e-01
-1.034690499305725098e+00
-1.699886560440063477e+00
-2.375284910202026367e+00
-3.060516595840454102e+00
-3.755211591720581055e+00
-4.459001064300537109e+00
-5.171514511108398438e+00
-5.892383575439453125e+00
-6.621238231658935547e+00
-7.357708454132080078e+00
-8.101426124572753906e+00
-8.852019309997558594e+00
-9.609121322631835938e+00
-1.037236213684082031e+01
-1.114137077331542969e+01
-1.191577911376953125e+01
-1.269521713256835938e+01
-1.347931385040283203e+01
-1.426770305633544922e+01
-1.506001377105712891e+01
-1.585587406158447266e+01
-1.665491867065429688e+01
-1.745677375793457031e+01
-1.826107406616210938e+01
-1.906744956970214844e+01
-1.987552642822265625e+01
-2.068494033813476562e+01
-2.149531745910644531e+01
-2.230629158020019531e+01
-2.311749267578125000e+01
-2.392854881286621094e+01
-2.473909378051757812e+01
-2.554875564575195312e+01
-2.635716629028320312e+01
-2.716395568847656250e+01
-2.796875381469726562e+01
-2.877119445800781250e+01
-2.957090377807617188e+01
-3.036751365661621094e+01
-3.116065597534179688e+01
-3.194995880126953125e+01
-3.273505783081054688e+01
-3.351557540893554688e+01
-3.429116821289062500e+01
-3.506158065795898438e+01
-3.582657623291015625e+01
-3.658591461181640625e+01
-3.733936309814453125e+01
-3.808668518066406250e+01
-3.882764434814453125e+01
-3.956200790405273438e+01
-4.028953170776367188e+01
-4.100998687744140625e+01
-4.172313690185546875e+01
-4.242874145507812500e+01
-4.312656784057617188e+01
-4.381637954711914062e+01
-4.449793624877929688e+01
-4.517100906372070312e+01
-4.583536148071289062e+01
-4.649075317382812500e+01
-4.713695144653320312e+01
-4.777371597290039062e+01
-4.840081405639648438e+01
-4.901800918579101562e+01
-4.962506103515625000e+01
-5.022174453735351562e+01
-5.080781173706054688e+01
-5.138303375244140625e+01
-5.194717025756835938e+01
-5.249998855590820312e+01
-5.304125213623046875e+01
-5.357072448730468750e+01
-5.408816909790039062e+01
-5.459334945678710938e+01
-5.508602523803710938e+01
-5.556597518920898438e+01
-5.603294754028320312e+01
-5.648671340942382812e+01
-5.692703247070312500e+01
-5.735367965698242188e+01
-5.776640701293945312e+01
-5.816498184204101562e+01
-5.854916763305664062e+01
-5.891873168945312500e+01
-5.927342987060546875e+01
-5.961304092407226562e+01
-5.993731307983398438e+01
-6.024601745605468750e+01
-6.053892517089843750e+01
-6.081578063964843750e+01
-6.107637023925781250e+01
-6.132044601440429688e+01
-6.154782485961914062e+01
-6.175854492187500000e+01
-6.195270156860351562e+01
-6.213037109375000000e+01
-6.229165649414062500e+01
-6.243664550781250000e+01
-6.256541824340820312e+01
-6.267807388305664062e+01
-6.277469635009765625e+01
-6.285538101196289062e+01
-6.292020797729492188e+01
-6.296928405761718750e+01
-6.300267791748046875e+01
-6.302050018310546875e+01
-6.302281951904296875e+01
-6.300974273681640625e+01
-6.298135757446289062e+01
-6.293774032592773438e+01
-6.287899780273437500e+01
-6.280520248413085938e+01
-6.271646118164062500e+01
-6.261285018920898438e+01
-6.249446868896484375e+01
-6.236140060424804688e+01
-6.221373748779296875e+01
-6.205156707763671875e+01
-6.187498092651367188e+01
-6.168407440185546875e+01
-6.147892761230468750e+01
-6.125963592529296875e+01
-6.102628326416015625e+01
-6.077896499633789062e+01
-6.051776885986328125e+01
-6.024278640747070312e+01
-5.995410919189453125e+01
-5.965182495117187500e+01
-5.933601379394531250e+01
-5.900678253173828125e+01
-5.866420745849609375e+01
-5.830838394165039062e+01
-5.793939590454101562e+01
-5.755734634399414062e+01
-5.716231155395507812e+01
-5.675438690185546875e+01
-5.633366012573242188e+01
-5.590023040771484375e+01
-5.545417022705078125e+01
-5.499557876586914062e+01
-5.452455139160156250e+01
-5.404116439819335938e+01
-5.354555130004882812e+01
-5.303796386718750000e+01
-5.251869201660156250e+01
-5.198802185058593750e+01
-5.144624710083007812e+01
-5.089365386962890625e+01
-5.033052444458007812e+01
-4.975715637207031250e+01
-4.917383193969726562e+01
-4.858084487915039062e+01
-4.797848129272460938e+01
-4.736702728271484375e+01
-4.674678039550781250e+01
-4.611801528930664062e+01
-4.548102951049804688e+01
-4.483611297607421875e+01
-4.418355560302734375e+01
-4.352363204956054688e+01
-4.285664749145507812e+01
-4.218288803100585938e+01
-4.150263214111328125e+01
-4.081617355346679688e+01
-4.012380599975585938e+01
-3.942581176757812500e+01
-3.872248077392578125e+01
-3.801410675048828125e+01
-3.730096817016601562e+01
-3.658336639404296875e+01
-3.586157608032226562e+01
-3.513589859008789062e+01
-3.440661621093750000e+01
-3.367401885986328125e+01
-3.293839263916015625e+01
-3.220002746582031250e+01
-3.145921134948730469e+01
-3.071623802185058594e+01
-2.997138786315917969e+01
-2.922495651245117188e+01
-2.847723388671875000e+01
-2.772849655151367188e+01
-2.697904777526855469e+01
-2.622916793823242188e+01
-2.547914505004882812e+01
-2.472927284240722656e+01
-2.397983360290527344e+01
-2.323112297058105469e+01
-2.248342323303222656e+01
-2.173702812194824219e+01
-2.099222183227539062e+01
-2.024929618835449219e+01
-1.950852584838867188e+01
-1.877013015747070312e+01
-1.803431701660156250e+01
-1.730129623413085938e+01
-1.657126998901367188e+01
-1.584445285797119141e+01
-1.512104701995849609e+01
-1.440126228332519531e+01
-1.368530654907226562e+01
-1.297338485717773438e+01
-1.226570606231689453e+01
-1.156247997283935547e+01
-1.086390972137451172e+01
-1.017020606994628906e+01
-9.481574058532714844e+00
-8.798224449157714844e+00
-8.120362281799316406e+00
-7.448194503784179688e+00
-6.781930923461914062e+00
-6.121776580810546875e+00
-5.467940807342529297e+00
-4.820630550384521484e+00
-4.180053234100341797e+00
-3.546416282653808594e+00
-2.919927597045898438e+00
-2.300793886184692383e+00
-1.689223408699035645e+00
-1.085423111915588379e+00
-4.896007776260375977e-01
9.803616255521774292e-02
6.772802472114562988e-01
1.247923970222473145e+00
1.809759974479675293e+00
2.362580299377441406e+00
2.906177997589111328e+00
3.440345287322998047e+00
3.964874744415283203e+00
4.479558944702148438e+00
4.984190464019775391e+00
5.478561401367187500e+00
5.962464809417724609e+00
6.435692787170410156e+00
6.898038387298583984e+00
7.349293231964111328e+00
7.789249897003173828e+00
8.217701911926269531e+00
8.634441375732421875e+00
9.039259910583496094e+00
9.431950569152832031e+00
9.812307357788085938e+00
1.018016147613525391e+01
1.053550910949707031e+01
1.087838649749755859e+01
1.120883083343505859e+01
1.152687931060791016e+01
1.183256626129150391e+01
1.212593078613281250e+01
1.240700721740722656e+01
1.267583179473876953e+01
1.293244361877441406e+01
1.317687702178955078e+01
1.340916919708251953e+01
1.362935543060302734e+01
1.383747386932373047e+01
1.403356075286865234e+01
1.421765232086181641e+01
1.438978481292724609e+01
1.454999446868896484e+01
1.469831943511962891e+01
1.483479309082031250e+01
1.495945358276367188e+01
1.507233905792236328e+01
1.517348289489746094e+01
1.526292419433593750e+01
1.534069824218750000e+01
1.540684223175048828e+01
1.546139144897460938e+01
1.550438213348388672e+01
1.553585243225097656e+01
1.555583763122558594e+01
1.556437683105468750e+01
1.556150245666503906e+01
1.554725265502929688e+01
1.552166461944580078e+01
1.548477554321289062e+01
1.543661785125732422e+01
1.537723255157470703e+01
1.530665493011474609e+01
1.522492027282714844e+01
1.513206577301025391e+01
1.502812767028808594e+01
1.491314411163330078e+01
1.478715038299560547e+01
1.465018081665039062e+01
1.450227451324462891e+01
1.434346771240234375e+01
1.417379665374755859e+01
1.399329662322998047e+01
1.380200672149658203e+01
1.359995937347412109e+01
1.338722419738769531e+01
1.316397571563720703e+01
1.293041992187500000e+01
1.268676376342773438e+01
1.243321228027343750e+01
1.216997241973876953e+01
1.189724922180175781e+01
1.161524868011474609e+01
1.132417774200439453e+01
1.102424049377441406e+01
1.071564388275146484e+01
1.039859294891357422e+01
1.007329559326171875e+01
9.739955902099609375e+00
9.398779869079589844e+00
9.049974441528320312e+00
8.693745613098144531e+00
8.330297470092773438e+00
7.959836959838867188e+00
7.582570075988769531e+00
7.198703289031982422e+00
6.808441638946533203e+00
6.411991119384765625e+00
6.009557723999023438e+00
5.601347923278808594e+00
5.187566757202148438e+00
4.768420219421386719e+00
4.344115257263183594e+00
3.914856433868408203e+00
3.480850458145141602e+00
3.042302608489990234e+00
2.599419355392456055e+00
2.152406692504882812e+00
1.701469898223876953e+00
1.246815204620361328e+00
7.886485457420349121e-01
3.271757960319519043e-01
-1.373971849679946899e-01
-6.048644185066223145e-01
-1.075020194053649902e+00
-1.547658324241638184e+00
-2.022572994232177734e+00
-2.499558687210083008e+00
-2.978409051895141602e+00
-3.458918094635009766e+00
-3.940880537033081055e+00
-4.424089908599853516e+00
-4.908340454101562500e+00
-5.393426418304443359e+00
-5.879141807556152344e+00
-6.365286350250244141e+00
-6.851685047149658203e+00
-7.338166713714599609e+00
-7.824563026428222656e+00
-8.310704231262207031e+00
-8.796419143676757812e+00
-9.281538009643554688e+00
-9.765892028808593750e+00
-1.024931049346923828e+01
-1.073162460327148438e+01
-1.121266269683837891e+01
-1.169225692749023438e+01
-1.217023754119873047e+01
-1.264643192291259766e+01
-1.312067317962646484e+01
-1.359279060363769531e+01
-1.406261348724365234e+01
-1.452997207641601562e+01
-1.499469852447509766e+01
-1.545662021636962891e+01
-1.591557025909423828e+01
-1.637137413024902344e+01
-1.682386779785156250e+01
-1.727287864685058594e+01
-1.771823501586914062e+01
-1.815977096557617188e+01
-1.859731483459472656e+01
-1.903069496154785156e+01
-1.945974349975585938e+01
-1.988429069519042969e+01
-2.030416488647460938e+01
-2.071919822692871094e+01
-2.112922096252441406e+01
-2.153406333923339844e+01
-2.193355369567871094e+01
-2.232752227783203125e+01
-2.271580314636230469e+01
-2.309822082519531250e+01
-2.347460937500000000e+01
-2.384479713439941406e+01
-2.420861434936523438e+01
-2.456589317321777344e+01
-2.491646194458007812e+01
-2.526015090942382812e+01
-2.559679031372070312e+01
-2.592620849609375000e+01
-2.624824142456054688e+01
-2.656271362304687500e+01
-2.686945724487304688e+01
-2.716830062866210938e+01
-2.745910644531250000e+01
-2.774184608459472656e+01
-2.801652145385742188e+01
-2.828313446044921875e+01
-2.854169082641601562e+01
-2.879219055175781250e+01
-2.903463554382324219e+01
-2.926903152465820312e+01
-2.949537658691406250e+01
-2.971367454528808594e+01
-2.992392730712890625e+01
-3.012614059448242188e+01
-3.032031250000000000e+01
-3.050644874572753906e+01
-3.068454933166503906e+01
-3.085461616516113281e+01
-3.101665496826171875e+01
-3.117066764831542969e+01
-3.131665420532226562e+01
-3.145461654663085938e+01
-3.158456039428710938e+01
-3.170648765563964844e+01
-3.182039833068847656e+01
-3.192629432678222656e+01
-3.202418136596679688e+01
-3.211406326293945312e+01
-3.219593811035156250e+01
-3.226980590820312500e+01
-3.233567428588867188e+01
-3.239354705810546875e+01
-3.244342422485351562e+01
-3.248530197143554688e+01
-3.251919174194335938e+01
-3.254509353637695312e+01
-3.256300735473632812e+01
-3.257294082641601562e+01
-3.257489013671875000e+01
-3.256885910034179688e+01
-3.255485153198242188e+01
-3.253287124633789062e+01
-3.250292205810546875e+01
-3.246500015258789062e+01
-3.241910552978515625e+01
-3.236525344848632812e+01
-3.230343627929687500e+01
-3.223366165161132812e+01
-3.215592956542968750e+01
-3.207024002075195312e+01
-3.197659683227539062e+01
-3.187500762939453125e+01
-3.176548957824707031e+01
-3.164816284179687500e+01
-3.152316093444824219e+01
-3.139062309265136719e+01
-3.125068283081054688e+01
-3.110348129272460938e+01
-3.094915008544921875e+01
-3.078783035278320312e+01
-3.061965560913085938e+01
-3.044476509094238281e+01
-3.026329612731933594e+01
-3.007538604736328125e+01
-2.988116836547851562e+01
-2.968077850341796875e+01
-2.947436141967773438e+01
-2.926204490661621094e+01
-2.904397201538085938e+01
-2.882027626037597656e+01
-2.859109497070312500e+01
-2.835656738281250000e+01
-2.811682510375976562e+01
-2.787201118469238281e+01
-2.762225914001464844e+01
-2.736770629882812500e+01
-2.710848999023437500e+01
-2.684474372863769531e+01
-2.657660865783691406e+01
-2.630421829223632812e+01
-2.602771377563476562e+01
-2.574722671508789062e+01
-2.546289825439453125e+01
-2.517486190795898438e+01
-2.488325691223144531e+01
-2.458822059631347656e+01
-2.428988647460937500e+01
-2.398839378356933594e+01
-2.368387794494628906e+01
-2.337647628784179688e+01
-2.306632804870605469e+01
-2.275356674194335938e+01
-2.243833160400390625e+01
-2.212075614929199219e+01
-2.180098152160644531e+01
-2.147914123535156250e+01
-2.115537261962890625e+01
-2.082981491088867188e+01
-2.050260162353515625e+01
-2.017387008666992188e+01
-1.984375953674316406e+01
-1.951240348815917969e+01
-1.917994117736816406e+01
-1.884649848937988281e+01
-1.851220321655273438e+01
-1.817718124389648438e+01
-1.784155845642089844e+01
-1.750546455383300781e+01
-1.716902351379394531e+01
-1.683236312866210938e+01
-1.649561309814453125e+01
-1.615889549255371094e+01
-1.582233810424804688e+01
-1.548607063293457031e+01
-1.515021896362304688e+01
-1.481490802764892578e+01
-1.448026657104492188e+01
-1.414642047882080078e+01
-1.381349563598632812e+01
-1.348162174224853516e+01
-1.315092277526855469e+01
-1.282152652740478516e+01
-1.249356174468994141e+01
-1.216715145111083984e+01
-1.184242439270019531e+01
-1.151950931549072266e+01
-1.119853019714355469e+01
-1.087961483001708984e+01
-1.056289005279541016e+01
-1.024848365783691406e+01
-9.936520576477050781e+00
-9.627127647399902344e+00
-9.320434570312500000e+00
-9.016565322875976562e+00
-8.715647697448730469e+00
-8.417808532714843750e+00
-8.123175621032714844e+00
-7.831872940063476562e+00
-7.544030666351318359e+00
-7.259773254394531250e+00
-6.979229450225830078e+00
-6.702523708343505859e+00
-6.429784774780273438e+00
-6.161138534545898438e+00
-5.896712779998779297e+00
-5.636633396148681641e+00
-5.381027698516845703e+00
-5.130022048950195312e+00
-4.883743762969970703e+00
-4.642319202423095703e+00
-4.405875682830810547e+00
-4.174539566040039062e+00
-3.948418378829956055e+00
-3.727542400360107422e+00
-3.511921882629394531e+00
-3.301567077636718750e+00
-3.096488714218139648e+00
-2.896697044372558594e+00
-2.702202320098876953e+00
-2.513015508651733398e+00
-2.329146862030029297e+00
-2.150606870651245117e+00
-1.977405905723571777e+00
-1.809554457664489746e+00
-1.647063016891479492e+00
-1.489942073822021484e+00
-1.338201999664306641e+00
-1.191853284835815430e+00
-1.050906419754028320e+00
-9.153719544410705566e-01
-7.852601408958435059e-01
-6.605815887451171875e-01
-5.413466691970825195e-01
-4.275659918785095215e-01
-3.192498385906219482e-01
-2.164088040590286255e-01
-1.190532818436622620e-01
-2.719374746084213257e-02
5.915932729840278625e-02
1.399954855442047119e-01
2.153042703866958618e-01
2.850752174854278564e-01
3.492978811264038086e-01
4.079617559909820557e-01
4.610564410686492920e-01
5.085713863372802734e-01
5.504962801933288574e-01
5.868204832077026367e-01
6.175336837768554688e-01
6.426253318786621094e-01
6.620849370956420898e-01
6.759021878242492676e-01
6.840664744377136230e-01
6.865673661231994629e-01
6.833944916725158691e-01
6.745372414588928223e-01
6.599853038787841797e-01
6.397280693054199219e-01
6.137552261352539062e-01
5.820562243461608887e-01
5.446206331253051758e-01
5.014379620552062988e-01
4.525148272514343262e-01
3.979260027408599854e-01
3.377633392810821533e-01
2.721187472343444824e-01
2.010840475559234619e-01
1.247510761022567749e-01
4.321170598268508911e-02
-4.344221949577331543e-02
-1.351188421249389648e-01
-2.317263185977935791e-01
-3.331727683544158936e-01
-4.393663406372070312e-01
-5.502152442932128906e-01
-6.656275987625122070e-01
-7.855114936828613281e-01
-9.097750782966613770e-01
-1.038326621055603027e+00
-1.171074151992797852e+00
-1.307925701141357422e+00
-1.448789715766906738e+00
-1.593574166297912598e+00
-1.742187261581420898e+00
-1.894536972045898438e+00
-2.050531625747680664e+00
-2.210079431533813477e+00
-2.373088359832763672e+00
-2.539466619491577148e+00
-2.709122419357299805e+00
-2.881963729858398438e+00
-3.057898998260498047e+00
-3.236836194992065430e+00
-3.418683290481567383e+00
-3.603348731994628906e+00
-3.790740489959716797e+00
-3.980766534805297852e+00
-4.173335552215576172e+00
-4.368355274200439453e+00
-4.565733909606933594e+00
-4.765379905700683594e+00
-4.967200756072998047e+00
-5.171104907989501953e+00
-5.377000808715820312e+00
-5.584796428680419922e+00
-5.794400215148925781e+00
-6.005719661712646484e+00
-6.218663215637207031e+00
-6.433138847351074219e+00
-6.649055004119873047e+00
-6.866320133209228516e+00
-7.084841251373291016e+00
-7.304527282714843750e+00
-7.525282382965087891e+00
-7.747010707855224609e+00
-7.969616413116455078e+00
-8.193004608154296875e+00
-8.417078971862792969e+00
-8.641744613647460938e+00
-8.866904258728027344e+00
-9.092464447021484375e+00
-9.318326950073242188e+00
-9.544398307800292969e+00
-9.770581245422363281e+00
-9.996780395507812500e+00
-1.022290039062500000e+01
-1.044884586334228516e+01
-1.067452049255371094e+01
-1.089982795715332031e+01
-1.112467479705810547e+01
-1.134896373748779297e+01
-1.157259845733642578e+01
-1.179548454284667969e+01
-1.201752567291259766e+01
-1.223862552642822266e+01
-1.245869064331054688e+01
-1.267762279510498047e+01
-1.289532756805419922e+01
-1.311170864105224609e+01
-1.332667160034179688e+01
-1.354011821746826172e+01
-1.375195598602294922e+01
-1.396208763122558594e+01
-1.417041587829589844e+01
-1.437684726715087891e+01
-1.458128547668457031e+01
-1.478363609313964844e+01
-1.498380088806152344e+01
-1.518168449401855469e+01
-1.537719440460205078e+01
-1.557023048400878906e+01
-1.576070022583007812e+01
-1.594850635528564453e+01
-1.613355445861816406e+01
-1.631574630737304688e+01
-1.649498939514160156e+01
-1.667118453979492188e+01
-1.684424018859863281e+01
-1.701405715942382812e+01
-1.718054199218750000e+01
-1.734359931945800781e+01
-1.750312995910644531e+01
-1.765905380249023438e+01
-1.781134223937988281e+01
-1.795997428894042969e+01
-1.810493469238281250e+01
-1.824621009826660156e+01
-1.838377761840820312e+01
-1.851762390136718750e+01
-1.864773178100585938e+01
-1.877408027648925781e+01
-1.889665985107421875e+01
-1.901544570922851562e+01
-1.913042449951171875e+01
-1.924158096313476562e+01
-1.934889411926269531e+01
-1.945234870910644531e+01
-1.955192947387695312e+01
-1.964761734008789062e+01
-1.973939323425292969e+01
-1.982724571228027344e+01
-1.991115379333496094e+01
-1.999110221862792969e+01
-2.006707000732421875e+01
-2.013904571533203125e+01
-2.020701026916503906e+01
-2.027094459533691406e+01
-2.033083343505859375e+01
-2.038665962219238281e+01
-2.043840599060058594e+01
-2.048605728149414062e+01
-2.052959251403808594e+01
-2.056899833679199219e+01
-2.060425758361816406e+01
-2.063534927368164062e+01
-2.066226196289062500e+01
-2.068497467041015625e+01
-2.070347023010253906e+01
-2.071773529052734375e+01
-2.072774696350097656e+01
-2.073349571228027344e+01
-2.073495864868164062e+01
-2.073212051391601562e+01
-2.072496414184570312e+01
-2.071347236633300781e+01
-2.069762992858886719e+01
-2.067741775512695312e+01
-2.065281867980957031e+01
-2.062381744384765625e+01
-2.059039688110351562e+01
-2.055253982543945312e+01
-2.051022720336914062e+01
-2.046345520019531250e+01
-2.041227531433105469e+01
-2.035674476623535156e+01
-2.029692649841308594e+01
-2.023288345336914062e+01
-2.016467475891113281e+01
-2.009235954284667969e+01
-2.001600265502929688e+01
-1.993566513061523438e+01
-1.985140609741210938e+01
-1.976328468322753906e+01
-1.967136764526367188e+01
-1.957571220397949219e+01
-1.947638320922851562e+01
-1.937343597412109375e+01
-1.926693534851074219e+01
-1.915694236755371094e+01
-1.904351806640625000e+01
-1.892672348022460938e+01
-1.880661964416503906e+01
-1.868326568603515625e+01
-1.855672836303710938e+01
-1.842706298828125000e+01
-1.829433250427246094e+01
-1.815859794616699219e+01
-1.801992225646972656e+01
-1.787836647033691406e+01
-1.773398971557617188e+01
-1.758685302734375000e+01
-1.743701934814453125e+01
-1.728454780578613281e+01
-1.712950325012207031e+01
-1.697194290161132812e+01
-1.681192970275878906e+01
-1.664952278137207031e+01
-1.648478698730468750e+01
-1.631778144836425781e+01
-1.614856719970703125e+01
-1.597720432281494141e+01
-1.580375766754150391e+01
-1.562828350067138672e+01
-1.545084667205810547e+01
-1.527150630950927734e+01
-1.509032344818115234e+01
-1.490736103057861328e+01
-1.472268009185791016e+01
-1.453633975982666016e+01
-1.434840393066406250e+01
-1.415892982482910156e+01
-1.396798324584960938e+01
-1.377562332153320312e+01
-1.358192348480224609e+01
-1.338695621490478516e+01
-1.319079399108886719e+01
-1.299350929260253906e+01
-1.279517555236816406e+01
-1.259586620330810547e+01
-1.239565372467041016e+01
-1.219460964202880859e+01
-1.199280834197998047e+01
-1.179032325744628906e+01
-1.158722591400146484e+01
-1.138359069824218750e+01
-1.117948913574218750e+01
-1.097499465942382812e+01
-1.077017974853515625e+01
-1.056511878967285156e+01
-1.035988235473632812e+01
-1.015454578399658203e+01
-9.949179649353027344e+00
-9.743859291076660156e+00
-9.538655281066894531e+00
-9.333642005920410156e+00
-9.128890991210937500e+00
-8.924477577209472656e+00
-8.720473289489746094e+00
-8.516949653625488281e+00
-8.313982009887695312e+00
-8.111640930175781250e+00
-7.910001754760742188e+00
-7.709134578704833984e+00
-7.509115695953369141e+00
-7.310014724731445312e+00
-7.111906528472900391e+00
-6.914863586425781250e+00
-6.718958854675292969e+00
-6.524264812469482422e+00
-6.330854892730712891e+00
-6.138801574707031250e+00
-5.948178291320800781e+00
-5.759057044982910156e+00
-5.571511745452880859e+00
-5.385614871978759766e+00
-5.201439380645751953e+00
-5.019057273864746094e+00
-4.838543415069580078e+00
-4.659968852996826172e+00
-4.483407497406005859e+00
-4.308931827545166016e+00
-4.136615276336669922e+00
-3.966521739959716797e+00
-3.798682212829589844e+00
-3.633118629455566406e+00
-3.469854116439819336e+00
-3.308909893035888672e+00
-3.150309324264526367e+00
-2.994074106216430664e+00
-2.840226650238037109e+00
-2.688789367675781250e+00
-2.539784669876098633e+00
-2.393234491348266602e+00
-2.249161481857299805e+00
-2.107587814331054688e+00
-1.968535542488098145e+00
-1.832027554512023926e+00
-1.698085665702819824e+00
-1.566732525825500488e+00
-1.437990069389343262e+00
-1.311880826950073242e+00
-1.188427209854125977e+00
-1.067651271820068359e+00
-9.495754837989807129e-01
-8.342221379280090332e-01
-7.216135263442993164e-01
-6.117718815803527832e-01
-5.047196745872497559e-01
-4.004790782928466797e-01
-2.990724444389343262e-01
-2.005220949649810791e-01
-1.048503071069717407e-01
-1.207940559834241867e-02
7.776830345392227173e-02
1.646705120801925659e-01
2.486049234867095947e-01
3.295492231845855713e-01
4.074810743331909180e-01
4.823782145977020264e-01
5.542182922363281250e-01
6.229791045188903809e-01
6.886382102966308594e-01
7.511733174324035645e-01
8.105621933937072754e-01
8.667825460433959961e-01
9.198118448257446289e-01
9.696281552314758301e-01
1.016208887100219727e+00
1.059531688690185547e+00
1.099574565887451172e+00
1.136314988136291504e+00
1.169730663299560547e+00
1.199808955192565918e+00
1.226576089859008789e+00
1.250067949295043945e+00
1.270320415496826172e+00
1.287369251251220703e+00
1.301250576972961426e+00
1.312000036239624023e+00
1.319653511047363281e+00
1.324247121810913086e+00
1.325816512107849121e+00
1.324397563934326172e+00
1.320026278495788574e+00
1.312738537788391113e+00
1.302569985389709473e+00
1.289556741714477539e+00
1.273734569549560547e+00
1.255139350891113281e+00
1.233806967735290527e+00
1.209773302078247070e+00
1.183074235916137695e+00
1.153745651245117188e+00
1.121823549270629883e+00
1.087343454360961914e+00
1.050341606140136719e+00
1.010853648185729980e+00
9.689156413078308105e-01
9.245633482933044434e-01
8.778326511383056641e-01
8.287593126296997070e-01
7.773794531822204590e-01
7.237288355827331543e-01
6.678432822227478027e-01
6.097587347030639648e-01
5.495110154151916504e-01
4.871360063552856445e-01
4.226696491241455078e-01
3.561477661132812500e-01
2.876062095165252686e-01
2.170809507369995117e-01
1.446077674627304077e-01
7.022256404161453247e-02
-6.038766819983720779e-03
-8.414036035537719727e-02
-1.640463322401046753e-01
-2.457208335399627686e-01
-3.291279375553131104e-01
-4.142318367958068848e-01
-5.009965896606445312e-01
-5.893864035606384277e-01
-6.793652772903442383e-01
-7.708947658538818359e-01
-8.639253973960876465e-01
-9.584050178527832031e-01
-1.054281711578369141e+00
-1.151503205299377441e+00
-1.250017523765563965e+00
-1.349772453308105469e+00
-1.450715899467468262e+00
-1.552795767784118652e+00
-1.655960202217102051e+00
-1.760156750679016113e+00
-1.865333437919616699e+00
-1.971438288688659668e+00
-2.078418970108032227e+00
-2.186223745346069336e+00
-2.294800043106079102e+00
-2.404096364974975586e+00
-2.514059782028198242e+00
-2.624639034271240234e+00
-2.735781669616699219e+00
-2.847435474395751953e+00
-2.959548234939575195e+00
-3.072068452835083008e+00
-3.184943437576293945e+00
-3.298121213912963867e+00
-3.411550045013427734e+00
-3.525177478790283203e+00
-3.638951301574707031e+00
-3.752819776535034180e+00
-3.866730690002441406e+00
-3.980631589889526367e+00
-4.094470977783203125e+00
-4.208196163177490234e+00
-4.321755886077880859e+00
-4.435096740722656250e+00
-4.548168182373046875e+00
-4.660916805267333984e+00
-4.773290634155273438e+00
-4.885238647460937500e+00
-4.996707916259765625e+00
-5.107646465301513672e+00
-5.218001842498779297e+00
-5.327723026275634766e+00
-5.436756610870361328e+00
-5.545051574707031250e+00
-5.652554512023925781e+00
-5.759214878082275391e+00
-5.864979267120361328e+00
-5.969797134399414062e+00
-6.073614597320556641e+00
-6.176385402679443359e+00
-6.278082370758056641e+00
-6.378682613372802734e+00
-6.478163719177246094e+00
-6.576503276824951172e+00
-6.673678874969482422e+00
-6.769668102264404297e+00
-6.864448547363281250e+00
-6.957998752593994141e+00
-7.050294399261474609e+00
-7.141314029693603516e+00
-7.231034755706787109e+00
-7.319434642791748047e+00
-7.406491756439208984e+00
-7.492182254791259766e+00
-7.576485157012939453e+00
-7.659376621246337891e+00
-7.740835189819335938e+00
-7.820837497711181641e+00
-7.899362564086914062e+00
-7.976386547088623047e+00
-8.051887512207031250e+00
-8.125844001770019531e+00
-8.198231697082519531e+00
-8.269029617309570312e+00
-8.338213920593261719e+00
-8.405763626098632812e+00
-8.471655845642089844e+00
-8.535867691040039062e+00
-8.598377227783203125e+00
-8.659162521362304688e+00
-8.718198776245117188e+00
-8.775466918945312500e+00
-8.830942153930664062e+00
-8.884602546691894531e+00
-8.936425209045410156e+00
-8.986389160156250000e+00
-9.034471511840820312e+00
-9.080647468566894531e+00
-9.124897956848144531e+00
-9.167199134826660156e+00
-9.207528114318847656e+00
-9.245862960815429688e+00
-9.282180786132812500e+00
-9.316460609436035156e+00
-9.348677635192871094e+00
-9.378810882568359375e+00
-9.406837463378906250e+00
-9.432735443115234375e+00
-9.456482887268066406e+00
-9.478062629699707031e+00
-9.497488021850585938e+00
-9.514778137207031250e+00
-9.529953002929687500e+00
-9.543030738830566406e+00
-9.554032325744628906e+00
-9.562975883483886719e+00
-9.569881439208984375e+00
-9.574767112731933594e+00
-9.577652931213378906e+00
-9.578558921813964844e+00
-9.577503204345703125e+00
-9.574506759643554688e+00
-9.569587707519531250e+00
-9.562765121459960938e+00
-9.554059028625488281e+00
-9.543489456176757812e+00
-9.531073570251464844e+00
-9.516832351684570312e+00
-9.500785827636718750e+00
-9.482951164245605469e+00
-9.463350296020507812e+00
-9.441999435424804688e+00
-9.418920516967773438e+00
-9.394131660461425781e+00
-9.367652893066406250e+00
-9.339503288269042969e+00
-9.309701919555664062e+00
-9.278267860412597656e+00
-9.245221138000488281e+00
-9.210580825805664062e+00
-9.174365997314453125e+00
-9.136596679687500000e+00
-9.097292900085449219e+00
-9.056470870971679688e+00
-9.014153480529785156e+00
-8.970356941223144531e+00
-8.925104141235351562e+00
-8.878411293029785156e+00
-8.830299377441406250e+00
-8.780786514282226562e+00
-8.729893684387207031e+00
-8.677639961242675781e+00
-8.624042510986328125e+00
-8.569123268127441406e+00
-8.512900352478027344e+00
-8.455392837524414062e+00
-8.396620750427246094e+00
-8.336603164672851562e+00
-8.275360107421875000e+00
-8.212911605834960938e+00
-8.149291038513183594e+00
-8.084527969360351562e+00
-8.018658638000488281e+00
-7.951714992523193359e+00
-7.883728981018066406e+00
-7.814735412597656250e+00
-7.744766712188720703e+00
-7.673856258392333984e+00
-7.602036952972412109e+00
-7.529341220855712891e+00
-7.455803394317626953e+00
-7.381455421447753906e+00
-7.306331157684326172e+00
-7.230463504791259766e+00
-7.153885841369628906e+00
-7.076629638671875000e+00
-6.998730659484863281e+00
-6.920219421386718750e+00
-6.841131210327148438e+00
-6.761497974395751953e+00
-6.681352615356445312e+00
-6.600728988647460938e+00
-6.519659519195556641e+00
-6.438177585601806641e+00
-6.356316089630126953e+00
-6.274108409881591797e+00
-6.191587448120117188e+00
-6.108786582946777344e+00
-6.025738716125488281e+00
-5.942476749420166016e+00
-5.859034061431884766e+00
-5.775443077087402344e+00
-5.691738128662109375e+00
-5.607951641082763672e+00
-5.524116516113281250e+00
-5.440266132354736328e+00
-5.356433391571044922e+00
-5.272651195526123047e+00
-5.188953399658203125e+00
-5.105372428894042969e+00
-5.021941661834716797e+00
-4.938694000244140625e+00
-4.855662822723388672e+00
-4.772881031036376953e+00
-4.690381526947021484e+00
-4.608197689056396484e+00
-4.526362895965576172e+00
-4.444909095764160156e+00
-4.363871097564697266e+00
-4.283278942108154297e+00
-4.203159332275390625e+00
-4.123537063598632812e+00
-4.044436931610107422e+00
-3.965882778167724609e+00
-3.887899637222290039e+00
-3.810511827468872070e+00
-3.733744621276855469e+00
-3.657621860504150391e+00
-3.582168579101562500e+00
-3.507408857345581055e+00
-3.433367967605590820e+00
-3.360069990158081055e+00
-3.287539720535278320e+00
-3.215801715850830078e+00
-3.144880771636962891e+00
-3.074800968170166016e+00
-3.005587339401245117e+00
-2.937264680862426758e+00
-2.869856834411621094e+00
-2.803389072418212891e+00
-2.737885713577270508e+00
-2.673371315002441406e+00
-2.609870672225952148e+00
-2.547408103942871094e+00
-2.486008405685424805e+00
-2.425696134567260742e+00
-2.366495847702026367e+00
-2.308432340621948242e+00
-2.251529693603515625e+00
-2.195812940597534180e+00
-2.141306638717651367e+00
-2.088035345077514648e+00
-2.036023616790771484e+00
-1.985295772552490234e+00
-1.935876846313476562e+00
-1.887791156768798828e+00
-1.841063499450683594e+00
-1.795718550682067871e+00
-1.751780509948730469e+00
-1.709274172782897949e+00
-1.668224215507507324e+00
-1.628655195236206055e+00
-1.590591549873352051e+00
-1.554057955741882324e+00
-1.519079208374023438e+00
-1.485679745674133301e+00
-1.453884005546569824e+00
-1.423716902732849121e+00
-1.395202755928039551e+00
-1.368356466293334961e+00
-1.343154430389404297e+00
-1.319562911987304688e+00
-1.297548413276672363e+00
-1.277077198028564453e+00
-1.258116006851196289e+00
-1.240631103515625000e+00
-1.224588990211486816e+00
-1.209956049919128418e+00
-1.196698904037475586e+00
-1.184783816337585449e+00
-1.174177289009094238e+00
-1.164845824241638184e+00
-1.156755685806274414e+00
-1.149873495101928711e+00
-1.144165754318237305e+00
-1.139598727226257324e+00
-1.136139035224914551e+00
-1.133753061294555664e+00
-1.132407188415527344e+00
-1.132067799568176270e+00
-1.132701516151428223e+00
-1.134274721145629883e+00
-1.136753916740417480e+00
-1.140105366706848145e+00
-1.144295811653137207e+00
-1.149291396141052246e+00
-1.155058741569519043e+00
-1.161564230918884277e+00
-1.168774366378784180e+00
-1.176655530929565430e+00
-1.185174226760864258e+00
-1.194296836853027344e+00
-1.203989863395690918e+00
-1.214219808578491211e+00
-1.224952936172485352e+00
-1.236155986785888672e+00
-1.247794985771179199e+00
-1.259836792945861816e+00
-1.272247672080993652e+00
-1.284994006156921387e+00
-1.298042297363281250e+00
-1.311359047889709473e+00
-1.324910759925842285e+00
-1.338663697242736816e+00
-1.352584481239318848e+00
-1.366639375686645508e+00
-1.380795001983642578e+00
-1.395017743110656738e+00
-1.409273982048034668e+00
