# tt
1.080164428710937500e+03
1.016088317871093750e+03
9.540018310546875000e+02
9.056781616210937500e+02
8.705013427734375000e+02
8.461450195312500000e+02
8.298060913085937500e+02
8.195592041015625000e+02
8.141768798828125000e+02
8.122691650390625000e+02
8.139386596679687500e+02
8.177975463867187500e+02
8.224176025390625000e+02
8.282551879882812500e+02
8.359982299804687500e+02
8.453772583007812500e+02
8.558843383789062500e+02
8.670147094726562500e+02
8.783779907226562500e+02
8.900373535156250000e+02
9.021281127929687500e+02
9.146205444335937500e+02
9.274414062500000000e+02
9.405067138671875000e+02
9.537609863281250000e+02
9.672724609375000000e+02
9.811022338867187500e+02
9.951614379882812500e+02
1.009358947753906250e+03
1.023743347167968750e+03
1.038378417968750000e+03
1.053246948242187500e+03
1.068300170898437500e+03
1.083446899414062500e+03
1.098632690429687500e+03
1.113996459960937500e+03
1.129675659179687500e+03
1.145609130859375000e+03
1.161685668945312500e+03
1.177818359375000000e+03
1.194014526367187500e+03
1.210305541992187500e+03
1.226722412109375000e+03
1.243296508789062500e+03
1.260052246093750000e+03
1.276988647460937500e+03
1.294097778320312500e+03
1.311372070312500000e+03
1.328803588867187500e+03
1.346387207031250000e+03
1.364127563476562500e+03
1.382031860351562500e+03
1.400107543945312500e+03
1.418361572265625000e+03
1.436799926757812500e+03
1.455422729492187500e+03
1.474228515625000000e+03
1.493216186523437500e+03
1.512384399414062500e+03
1.531733276367187500e+03
1.551267944335937500e+03
1.570995239257812500e+03
1.590921630859375000e+03
1.611053833007812500e+03
1.631397338867187500e+03
1.651952392578125000e+03
1.672718505859375000e+03
1.693694824218750000e+03
1.714880615234375000e+03
1.736276733398437500e+03
1.757891235351562500e+03
1.779733520507812500e+03
1.801813110351562500e+03
1.824139526367187500e+03
1.846720092773437500e+03
1.869552246093750000e+03
1.892631225585937500e+03
1.915952514648437500e+03
1.939511108398437500e+03
1.963302734375000000e+03
1.987325317382812500e+03
2.011577636718750000e+03
2.036057983398437500e+03
2.060764404296875000e+03
2.085695556640625000e+03
2.110848632812500000e+03
2.136220947265625000e+03
2.161809326171875000e+03
2.187611328125000000e+03
2.213624267578125000e+03
2.239845214843750000e+03
2.266270996093750000e+03
2.292899902343750000e+03
2.319728515625000000e+03
2.346754638671875000e+03
2.373975097656250000e+03
2.401387695312500000e+03
2.428989257812500000e+03
2.456777587890625000e+03
2.484749755859375000e+03
2.512903076171875000e+03
2.541234863281250000e+03
2.569742675781250000e+03
2.598423583984375000e+03
2.627274658203125000e+03
2.656293701171875000e+03
2.685478027343750000e+03
2.714824707031250000e+03
2.744330810546875000e+03
2.773993164062500000e+03
2.803803222656250000e+03
2.833751464843750000e+03
2.863829101562500000e+03
2.894026123046875000e+03
2.924333740234375000e+03
2.954742431640625000e+03
2.985242675781250000e+03
3.015825683593750000e+03
3.046481689453125000e+03
3.077201171875000000e+03
3.107975097656250000e+03
3.138794189453125000e+03
3.169649169921875000e+03
3.200530273437500000e+03
3.231428710937500000e+03
3.262334960937500000e+03
3.293239257812500000e+03
3.324132812500000000e+03
3.355006347656250000e+03
3.385850341796875000e+03
3.416656738281250000e+03
3.447417480468750000e+03
3.478124511718750000e+03
3.508770263671875000e+03
3.539345703125000000e+03
3.569843750000000000e+03
3.600256347656250000e+03
3.630574951171875000e+03
3.660791748046875000e+03
3.690898681640625000e+03
3.720887939453125000e+03
3.750751220703125000e+03
3.780480712890625000e+03
3.810068359375000000e+03
3.839506347656250000e+03
3.868785644531250000e+03
3.897899658203125000e+03
3.926839355468750000e+03
3.955597412109375000e+03
3.984164794921875000e+03
4.012533447265625000e+03
4.040693847656250000e+03
4.068637695312500000e+03
4.096354980468750000e+03
4.123836914062500000e+03
4.151075683593750000e+03
4.178060546875000000e+03
4.204783691406250000e+03
4.231235351562500000e+03
4.257407226562500000e+03
4.283289550781250000e+03
4.308874023437500000e+03
4.334151367187500000e+03
4.359112304687500000e+03
4.383748046875000000e+03
4.408049804687500000e+03
4.432008300781250000e+03
4.455614746093750000e+03
4.478859375000000000e+03
4.501733886718750000e+03
4.524229492187500000e+03
4.546336425781250000e+03
4.568046386718750000e+03
4.589350097656250000e+03
4.610238769531250000e+03
4.630704589843750000e+03
4.650740234375000000e+03
4.670339355468750000e+03
4.689493652343750000e+03
4.708196289062500000e+03
4.726440429687500000e+03
4.744217773437500000e+03
4.761521972656250000e+03
4.778344726562500000e+03
4.794679687500000000e+03
4.810519042968750000e+03
4.825856445312500000e+03
4.840683105468750000e+03
4.854993164062500000e+03
4.868778320312500000e+03
4.882031738281250000e+03
4.894746093750000000e+03
4.906914062500000000e+03
4.918528808593750000e+03
4.929582519531250000e+03
4.940067382812500000e+03
4.949977539062500000e+03
4.959305175781250000e+03
4.968042480468750000e+03
4.976183593750000000e+03
4.983729980468750000e+03
4.990683105468750000e+03
4.997044921875000000e+03
5.002817871093750000e+03
5.008003906250000000e+03
5.012605468750000000e+03
5.016624023437500000e+03
5.020061523437500000e+03
5.022920410156250000e+03
5.025202636718750000e+03
5.026910156250000000e+03
5.028045898437500000e+03
5.028610351562500000e+03
5.028607421875000000e+03
5.028037109375000000e+03
5.026903808593750000e+03
5.025207519531250000e+03
5.022951171875000000e+03
5.020137207031250000e+03
5.016767089843750000e+03
5.012842773437500000e+03
5.008367187500000000e+03
5.003341796875000000e+03
4.997768554687500000e+03
4.991649902343750000e+03
4.984987792968750000e+03
4.977783691406250000e+03
4.970041015625000000e+03
4.961760253906250000e+03
4.952944335937500000e+03
4.943595703125000000e+03
4.933715820312500000e+03
4.923306640625000000e+03
4.912370605468750000e+03
4.900909179687500000e+03
4.888925781250000000e+03
4.876421386718750000e+03
4.863397949218750000e+03
4.849857910156250000e+03
4.835803222656250000e+03
4.821236328125000000e+03
4.806158691406250000e+03
4.790572753906250000e+03
4.774480468750000000e+03
4.757883789062500000e+03
4.740785156250000000e+03
4.723186523437500000e+03
4.705089843750000000e+03
4.686496582031250000e+03
4.667411621093750000e+03
4.647842773437500000e+03
4.627801269531250000e+03
4.607296875000000000e+03
4.586340820312500000e+03
4.564943359375000000e+03
4.543113769531250000e+03
4.520864746093750000e+03
4.498205078125000000e+03
4.475145507812500000e+03
4.451696777343750000e+03
4.427869140625000000e+03
4.403673828125000000e+03
4.379119628906250000e+03
4.354218750000000000e+03
4.328980957031250000e+03
4.303416503906250000e+03
4.277536132812500000e+03
4.251350585937500000e+03
4.224869628906250000e+03
4.198104492187500000e+03
4.171064941406250000e+03
4.143761718750000000e+03
4.116205078125000000e+03
4.088406250000000000e+03
4.060374755859375000e+03
4.032121582031250000e+03
4.003657226562500000e+03
3.974991943359375000e+03
3.946136474609375000e+03
3.917100830078125000e+03
3.887895507812500000e+03
3.858531982421875000e+03
3.829019531250000000e+03
3.799368652343750000e+03
3.769590576171875000e+03
3.739695068359375000e+03
3.709693359375000000e+03
3.679595458984375000e+03
3.649411376953125000e+03
3.619152587890625000e+03
3.588828613281250000e+03
3.558450683593750000e+03
3.528028564453125000e+03
3.497572998046875000e+03
3.467094726562500000e+03
3.436604248046875000e+03
3.406111328125000000e+03
3.375627197265625000e+03
3.345161865234375000e+03
3.314725585937500000e+03
3.284326660156250000e+03
3.253972900390625000e+03
3.223672607421875000e+03
3.193433105468750000e+03
3.163262939453125000e+03
3.133169433593750000e+03
3.103161376953125000e+03
3.073245849609375000e+03
3.043431152343750000e+03
3.013725341796875000e+03
2.984135986328125000e+03
2.954671386718750000e+03
2.925339111328125000e+03
2.896147460937500000e+03
2.867104248046875000e+03
2.838217285156250000e+03
2.809494384765625000e+03
2.780943847656250000e+03
2.752573486328125000e+03
2.724391113281250000e+03
2.696404785156250000e+03
2.668622314453125000e+03
2.641051513671875000e+03
2.613700683593750000e+03
2.586577392578125000e+03
2.559689941406250000e+03
2.533045898437500000e+03
2.506653564453125000e+03
2.480520507812500000e+03
2.454654785156250000e+03
2.429064453125000000e+03
2.403757324218750000e+03
2.378741210937500000e+03
2.354024414062500000e+03
2.329614501953125000e+03
2.305519775390625000e+03
2.281747558593750000e+03
2.258306396484375000e+03
2.235203857421875000e+03
2.212447998046875000e+03
2.190046875000000000e+03
2.168008300781250000e+03
2.146340087890625000e+03
2.125050292968750000e+03
2.104146972656250000e+03
2.083637695312500000e+03
2.063530761718750000e+03
2.043833984375000000e+03
2.024555297851562500e+03
2.005701049804687500e+03
1.987271484375000000e+03
1.969265747070312500e+03
1.951682495117187500e+03
1.934520751953125000e+03
1.917779052734375000e+03
1.901456542968750000e+03
1.885551757812500000e+03
1.870063964843750000e+03
1.854991455078125000e+03
1.840333618164062500e+03
1.826089111328125000e+03
1.812256591796875000e+03
1.798834960937500000e+03
1.785823242187500000e+03
1.773220214843750000e+03
1.761024658203125000e+03
1.749235351562500000e+03
1.737851318359375000e+03
1.726871215820312500e+03
1.716294067382812500e+03
1.706118530273437500e+03
1.696343627929687500e+03
1.686968139648437500e+03
1.677990966796875000e+03
1.669410766601562500e+03
1.661226562500000000e+03
1.653437011718750000e+03
1.646041259765625000e+03
1.639037963867187500e+03
1.632425781250000000e+03
1.626203979492187500e+03
1.620370971679687500e+03
1.614925903320312500e+03
1.609867431640625000e+03
1.605194702148437500e+03
1.600906127929687500e+03
1.597000732421875000e+03
1.593477539062500000e+03
1.590335205078125000e+03
1.587572631835937500e+03
1.585188720703125000e+03
1.583182006835937500e+03
1.581551757812500000e+03
1.580296630859375000e+03
1.579415405273437500e+03
1.578906982421875000e+03
1.578770263671875000e+03
1.579003906250000000e+03
1.579607055664062500e+03
1.580577270507812500e+03
1.581908691406250000e+03
1.583593994140625000e+03
1.585626220703125000e+03
1.587998168945312500e+03
1.590702758789062500e+03
1.593733154296875000e+03
1.597081909179687500e+03
1.600742065429687500e+03
1.604706542968750000e+03
1.608968139648437500e+03
1.613519897460937500e+03
1.618354736328125000e+03
1.623465454101562500e+03
1.628844848632812500e+03
1.634485961914062500e+03
1.640381713867187500e+03
1.646525024414062500e+03
1.652908691406250000e+03
1.659525634765625000e+03
1.666368896484375000e+03
1.673431274414062500e+03
1.680705688476562500e+03
1.688184814453125000e+03
1.695861938476562500e+03
1.703729736328125000e+03
1.711781127929687500e+03
1.720009033203125000e+03
1.728406494140625000e+03
1.736966308593750000e+03
1.745681152343750000e+03
1.754544067382812500e+03
1.763548339843750000e+03
1.772686279296875000e+03
1.781951171875000000e+03
1.791335815429687500e+03
1.800833007812500000e+03
1.810435791015625000e+03
1.820136962890625000e+03
1.829929565429687500e+03
1.839806396484375000e+03
1.849760253906250000e+03
1.859784423828125000e+03
1.869871337890625000e+03
1.880014038085937500e+03
1.890205688476562500e+03
1.900438842773437500e+03
1.910706542968750000e+03
1.921001831054687500e+03
1.931317382812500000e+03
1.941646606445312500e+03
1.951983886718750000e+03
1.962324096679687500e+03
1.972661865234375000e+03
1.982992553710937500e+03
1.993310424804687500e+03
2.003610595703125000e+03
2.013887817382812500e+03
2.024137084960937500e+03
2.034353027343750000e+03
2.044530639648437500e+03
2.054664550781250000e+03
2.064749511718750000e+03
2.074781005859375000e+03
2.084752929687500000e+03
2.094660888671875000e+03
2.104499267578125000e+03
2.114263183593750000e+03
2.123947265625000000e+03
2.133546386718750000e+03
2.143055419921875000e+03
2.152468994140625000e+03
2.161782470703125000e+03
2.170989990234375000e+03
2.180086914062500000e+03
2.189067871093750000e+03
2.197927734375000000e+03
2.206661376953125000e+03
2.215263427734375000e+03
2.223728759765625000e+03
2.232052490234375000e+03
2.240229248046875000e+03
2.248253662109375000e+03
2.256121093750000000e+03
2.263825683593750000e+03
2.271363037109375000e+03
2.278727539062500000e+03
2.285913818359375000e+03
2.292917236328125000e+03
2.299731933593750000e+03
2.306353515625000000e+03
2.312776367187500000e+03
2.318995361328125000e+03
2.325005371093750000e+03
2.330801269531250000e+03
2.336377929687500000e+03
2.341729980468750000e+03
2.346852294921875000e+03
2.351739746093750000e+03
2.356387695312500000e+03
2.360791015625000000e+03
2.364951171875000000e+03
2.368868896484375000e+03
2.372546386718750000e+03
2.375984863281250000e+03
2.379186035156250000e+03
2.382151367187500000e+03
2.384882568359375000e+03
2.387380859375000000e+03
2.389648193359375000e+03
2.391686035156250000e+03
2.393495605468750000e+03
2.395078857421875000e+03
2.396437255859375000e+03
2.397572265625000000e+03
2.398485595703125000e+03
2.399178710937500000e+03
2.399653076171875000e+03
2.399910400390625000e+03
2.399952148437500000e+03
2.399780029296875000e+03
2.399395263671875000e+03
2.398799804687500000e+03
2.397995117187500000e+03
2.396982666015625000e+03
2.395764160156250000e+03
2.394340576171875000e+03
2.392714355468750000e+03
2.390886474609375000e+03
2.388858642578125000e+03
2.386632568359375000e+03
2.384209472656250000e+03
2.381591308593750000e+03
2.378779296875000000e+03
2.375775390625000000e+03
2.372580566406250000e+03
2.369196777343750000e+03
2.365625732421875000e+03
2.361868652343750000e+03
2.357927246093750000e+03
2.353802978515625000e+03
2.349497558593750000e+03
2.345012451171875000e+03
2.340349365234375000e+03
2.335509765625000000e+03
2.330494873046875000e+03
2.325306640625000000e+03
2.319946533203125000e+03
2.314416259765625000e+03
2.308717285156250000e+03
2.302851562500000000e+03
2.296823486328125000e+03
2.290638671875000000e+03
2.284301513671875000e+03
2.277817138671875000e+03
2.271190673828125000e+03
2.264427001953125000e+03
2.257531494140625000e+03
2.250508789062500000e+03
2.243364013671875000e+03
2.236102294921875000e+03
2.228728515625000000e+03
2.221247802734375000e+03
2.213665039062500000e+03
2.205985107421875000e+03
2.198213623046875000e+03
2.190354980468750000e+03
2.182414550781250000e+03
2.174397216796875000e+03
2.166307861328125000e+03
2.158151611328125000e+03
2.149933593750000000e+03
2.141658447265625000e+03
2.133331787109375000e+03
2.124958251953125000e+03
2.116543212890625000e+03
2.108091064453125000e+03
2.099607177734375000e+03
2.091096679687500000e+03
2.082564453125000000e+03
2.074015380859375000e+03
2.065454589843750000e+03
2.056887207031250000e+03
2.048318115234375000e+03
2.039752563476562500e+03
2.031195312500000000e+03
2.022651245117187500e+03
2.014125610351562500e+03
2.005623657226562500e+03
1.997149902343750000e+03
1.988709716796875000e+03
1.980307983398437500e+03
1.971949707031250000e+03
1.963639892578125000e+03
1.955383544921875000e+03
1.947185791015625000e+03
1.939051757812500000e+03
1.930985961914062500e+03
1.922994018554687500e+03
1.915080444335937500e+03
1.907250122070312500e+03
1.899506103515625000e+03
1.891851074218750000e+03
1.884287475585937500e+03
1.876817749023437500e+03
1.869444946289062500e+03
1.862171386718750000e+03
1.854999755859375000e+03
1.847932861328125000e+03
1.840973022460937500e+03
1.834123046875000000e+03
1.827385620117187500e+03
1.820763183593750000e+03
1.814258300781250000e+03
1.807873901367187500e+03
1.801612426757812500e+03
1.795476318359375000e+03
1.789468627929687500e+03
1.783591552734375000e+03
1.777848022460937500e+03
1.772240600585937500e+03
1.766771728515625000e+03
1.761443969726562500e+03
1.756260375976562500e+03
1.751223266601562500e+03
1.746335205078125000e+03
1.741598754882812500e+03
1.737017089843750000e+03
1.732592041015625000e+03
1.728326782226562500e+03
1.724223876953125000e+03
1.720285766601562500e+03
1.716515136718750000e+03
1.712914672851562500e+03
1.709486816406250000e+03
1.706234375000000000e+03
1.703159912109375000e+03
1.700266235351562500e+03
1.697555541992187500e+03
1.695030761718750000e+03
1.692694458007812500e+03
1.690549194335937500e+03
1.688597778320312500e+03
1.686842529296875000e+03
1.685286376953125000e+03
1.683931640625000000e+03
1.682781250000000000e+03
1.681837524414062500e+03
1.681103393554687500e+03
1.680581176757812500e+03
1.680272949218750000e+03
1.680176879882812500e+03
1.680290771484375000e+03
1.680612182617187500e+03
1.681138916015625000e+03
1.681868286132812500e+03
1.682798095703125000e+03
1.683925903320312500e+03
1.685249389648437500e+03
1.686766235351562500e+03
1.688473754882812500e+03
1.690369995117187500e+03
1.692452270507812500e+03
1.694718383789062500e+03
1.697165771484375000e+03
1.699792236328125000e+03
1.702595214843750000e+03
1.705572631835937500e+03
1.708721679687500000e+03
1.712040283203125000e+03
1.715526123046875000e+03
1.719176635742187500e+03
1.722989501953125000e+03
1.726962280273437500e+03
1.731092529296875000e+03
1.735378173828125000e+03
1.739816772460937500e+03
1.744405517578125000e+03
1.749142578125000000e+03
1.754025146484375000e+03
1.759051147460937500e+03
1.764218139648437500e+03
1.769523559570312500e+03
1.774965209960937500e+03
1.780540649414062500e+03
1.786247680664062500e+03
1.792083618164062500e+03
1.798046264648437500e+03
1.804133056640625000e+03
1.810341918945312500e+03
1.816670410156250000e+03
1.823115844726562500e+03
1.829676269531250000e+03
1.836348754882812500e+03
1.843131591796875000e+03
1.850021972656250000e+03
1.857017578125000000e+03
1.864115966796875000e+03
1.871315063476562500e+03
1.878612182617187500e+03
1.886004760742187500e+03
1.893488525390625000e+03
1.901059082031250000e+03
1.908712158203125000e+03
1.916442993164062500e+03
1.924247192382812500e+03
1.932120117187500000e+03
1.940057861328125000e+03
1.948055297851562500e+03
1.956108398437500000e+03
1.964212524414062500e+03
1.972363281250000000e+03
1.980556152343750000e+03
1.988786499023437500e+03
1.997050048828125000e+03
2.005342285156250000e+03
2.013658691406250000e+03
2.021994873046875000e+03
2.030346313476562500e+03
2.038708740234375000e+03
2.047077270507812500e+03
2.055447753906250000e+03
2.063815673828125000e+03
2.072176513671875000e+03
2.080525634765625000e+03
2.088858886718750000e+03
2.097171630859375000e+03
2.105459228515625000e+03
2.113717773437500000e+03
2.121942138671875000e+03
2.130128173828125000e+03
2.138271240234375000e+03
2.146367187500000000e+03
2.154411376953125000e+03
2.162399169921875000e+03
2.170326171875000000e+03
2.178187988281250000e+03
2.185980468750000000e+03
2.193698486328125000e+03
2.201337890625000000e+03
2.208894287109375000e+03
2.216363037109375000e+03
2.223739990234375000e+03
2.231020263671875000e+03
2.238199462890625000e+03
2.245273437500000000e+03
2.252237304687500000e+03
2.259087158203125000e+03
2.265817871093750000e+03
2.272425292968750000e+03
2.278905517578125000e+03
2.285255859375000000e+03
2.291474365234375000e+03
2.297559570312500000e+03
2.303509277343750000e+03
2.309321533203125000e+03
2.314994628906250000e+03
2.320526123046875000e+03
2.325914794921875000e+03
2.331158203125000000e+03
2.336254638671875000e+03
2.341202148437500000e+03
2.345998779296875000e+03
2.350642578125000000e+03
2.355131835937500000e+03
2.359464355468750000e+03
2.363638183593750000e+03
2.367652099609375000e+03
2.371502929687500000e+03
2.375189697265625000e+03
2.378710449218750000e+03
2.382062744140625000e+03
2.385245361328125000e+03
2.388255615234375000e+03
2.391092041015625000e+03
2.393752685546875000e+03
2.396235351562500000e+03
2.398538574218750000e+03
2.400660156250000000e+03
2.402598144531250000e+03
2.404350585937500000e+03
2.405915771484375000e+03
2.407291503906250000e+03
2.408476074218750000e+03
2.409467529296875000e+03
2.410264160156250000e+03
2.410863525390625000e+03
2.411264160156250000e+03
2.411463623046875000e+03
2.411460693359375000e+03
2.411252929687500000e+03
2.410838623046875000e+03
2.410215576171875000e+03
2.409382324218750000e+03
2.408336669921875000e+03
2.407076660156250000e+03
2.405600585937500000e+03
2.403906250000000000e+03
2.401991943359375000e+03
2.399855468750000000e+03
2.397496093750000000e+03
2.394914794921875000e+03
2.392114501953125000e+03
2.389096435546875000e+03
2.385863769531250000e+03
2.382418457031250000e+03
2.378762939453125000e+03
2.374899169921875000e+03
2.370829345703125000e+03
2.366555908203125000e+03
2.362081298828125000e+03
2.357407226562500000e+03
2.352536376953125000e+03
2.347470947265625000e+03
2.342213134765625000e+03
2.336765136718750000e+03
2.331129150390625000e+03
2.325307617187500000e+03
2.319302734375000000e+03
2.313116455078125000e+03
2.306751464843750000e+03
2.300209716796875000e+03
2.293493652343750000e+03
2.286605224609375000e+03
2.279547119140625000e+03
2.272321289062500000e+03
2.264929931640625000e+03
2.257375488281250000e+03
2.249660156250000000e+03
2.241786132812500000e+03
2.233755859375000000e+03
2.225571533203125000e+03
2.217234863281250000e+03
2.208749023437500000e+03
2.200115478515625000e+03
2.191336914062500000e+03
2.182415283203125000e+03
2.173352783203125000e+03
2.164152343750000000e+03
2.154815429687500000e+03
2.145344726562500000e+03
2.135742431640625000e+03
2.126010742187500000e+03
2.116151611328125000e+03
2.106167968750000000e+03
2.096061279296875000e+03
2.085834472656250000e+03
2.075489257812500000e+03
2.065028320312500000e+03
2.054453857421875000e+03
2.043767944335937500e+03
2.032974487304687500e+03
2.022077392578125000e+03
2.011080688476562500e+03
1.999987915039062500e+03
1.988803222656250000e+03
1.977530151367187500e+03
1.966172973632812500e+03
1.954735107421875000e+03
1.943220947265625000e+03
1.931634033203125000e+03
1.919978149414062500e+03
1.908257324218750000e+03
1.896475708007812500e+03
1.884636596679687500e+03
1.872744262695312500e+03
1.860802490234375000e+03
1.848814941406250000e+03
1.836786010742187500e+03
1.824719116210937500e+03
1.812618164062500000e+03
1.800487060546875000e+03
1.788329833984375000e+03
1.776150268554687500e+03
1.763952270507812500e+03
1.751739624023437500e+03
1.739516235351562500e+03
1.727286010742187500e+03
1.715052734375000000e+03
1.702820312500000000e+03
1.690592773437500000e+03
1.678373901367187500e+03
1.666167236328125000e+03
1.653977294921875000e+03
1.641807373046875000e+03
1.629661621093750000e+03
1.617543823242187500e+03
1.605457885742187500e+03
1.593407836914062500e+03
1.581397216796875000e+03
1.569430175781250000e+03
1.557510498046875000e+03
1.545641967773437500e+03
1.533828613281250000e+03
1.522074096679687500e+03
1.510382446289062500e+03
1.498757568359375000e+03
1.487203247070312500e+03
1.475723510742187500e+03
1.464321899414062500e+03
1.453002197265625000e+03
1.441766479492187500e+03
1.430616333007812500e+03
1.419553710937500000e+03
1.408580078125000000e+03
1.397697265625000000e+03
1.386906982421875000e+03
1.376210937500000000e+03
1.365611083984375000e+03
1.355108764648437500e+03
1.344706054687500000e+03
1.334404418945312500e+03
1.324205688476562500e+03
1.314111694335937500e+03
1.304123901367187500e+03
1.294244262695312500e+03
1.284474487304687500e+03
1.274816040039062500e+03
1.265270996093750000e+03
1.255840942382812500e+03
1.246527587890625000e+03
1.237332641601562500e+03
1.228257812500000000e+03
1.219304809570312500e+03
1.210475463867187500e+03
1.201771606445312500e+03
1.193194580078125000e+03
1.184746459960937500e+03
1.176428833007812500e+03
1.168243408203125000e+03
1.160191894531250000e+03
1.152276123046875000e+03
1.144497802734375000e+03
1.136858520507812500e+03
1.129360107421875000e+03
1.122004272460937500e+03
1.114792846679687500e+03
1.107727294921875000e+03
1.100809570312500000e+03
1.094041381835937500e+03
1.087424316406250000e+03
1.080960205078125000e+03
1.074650756835937500e+03
1.068497680664062500e+03
1.062502685546875000e+03
1.056667602539062500e+03
1.050994018554687500e+03
1.045483764648437500e+03
1.040138427734375000e+03
1.034959838867187500e+03
1.029949218750000000e+03
1.025105712890625000e+03
1.020427490234375000e+03
1.015913513183593750e+03
1.011562194824218750e+03
1.007372009277343750e+03
1.003341491699218750e+03
9.994692382812500000e+02
9.957539062500000000e+02
9.921938476562500000e+02
9.887876586914062500e+02
9.855338745117187500e+02
9.824312133789062500e+02
9.794779663085937500e+02
9.766727905273437500e+02
9.740142822265625000e+02
9.715008544921875000e+02
9.691311035156250000e+02
9.669036254882812500e+02
9.648169555664062500e+02
9.628696289062500000e+02
9.610600585937500000e+02
9.593870239257812500e+02
9.578488769531250000e+02
9.564442749023437500e+02
9.551716918945312500e+02
9.540296630859375000e+02
9.530168457031250000e+02
9.521315917968750000e+02
9.513725585937500000e+02
9.507383422851562500e+02
9.502274780273437500e+02
9.498384399414062500e+02
9.495697021484375000e+02
9.494199829101562500e+02
9.493876953125000000e+02
9.494714355468750000e+02
9.496697387695312500e+02
9.499812011718750000e+02
9.504042968750000000e+02
9.509376220703125000e+02
9.515795898437500000e+02
9.523288574218750000e+02
9.531838989257812500e+02
9.541434326171875000e+02
9.552058105468750000e+02
9.563696899414062500e+02
9.576335449218750000e+02
9.589958496093750000e+02
9.604553833007812500e+02
9.620102539062500000e+02
9.636581420898437500e+02
9.653963623046875000e+02
9.672221069335937500e+02
9.691329345703125000e+02
9.711260986328125000e+02
9.731989746093750000e+02
9.753488159179687500e+02
9.775730590820312500e+02
9.798690185546875000e+02
9.822340087890625000e+02
9.846653442382812500e+02
9.871604003906250000e+02
9.897166137695312500e+02
9.923312377929687500e+02
9.950014648437500000e+02
9.977248535156250000e+02
1.000498779296875000e+03
1.003320434570312500e+03
1.006187194824218750e+03
1.009096374511718750e+03
1.012045410156250000e+03
1.015031555175781250e+03
1.018052307128906250e+03
1.021104736328125000e+03
1.024186401367187500e+03
1.027294555664062500e+03
1.030426635742187500e+03
1.033579833984375000e+03
1.036751586914062500e+03
1.039939208984375000e+03
1.043140014648437500e+03
1.046351562500000000e+03
1.049570800781250000e+03
1.052795410156250000e+03
1.056022583007812500e+03
1.059249633789062500e+03
1.062473999023437500e+03
1.065692993164062500e+03
1.068903930664062500e+03
1.072104125976562500e+03
1.075291015625000000e+03
1.078461791992187500e+03
1.081614013671875000e+03
1.084744873046875000e+03
1.087851684570312500e+03
1.090931884765625000e+03
1.093982788085937500e+03
1.097001586914062500e+03
1.099985961914062500e+03
1.102933105468750000e+03
1.105841796875000000e+03
1.108710815429687500e+03
1.111538696289062500e+03
1.114324462890625000e+03
1.117066650390625000e+03
1.119764160156250000e+03
1.122415771484375000e+03
1.125020141601562500e+03
1.127576171875000000e+03
1.130082519531250000e+03
1.132538085937500000e+03
1.134941284179687500e+03
1.137291259765625000e+03
1.139586669921875000e+03
1.141826171875000000e+03
1.144008666992187500e+03
1.146132934570312500e+03
1.148197509765625000e+03
1.150201293945312500e+03
1.152143188476562500e+03
1.154021728515625000e+03
1.155835693359375000e+03
1.157584106445312500e+03
1.159265502929687500e+03
1.160878662109375000e+03
1.162422485351562500e+03
1.163895507812500000e+03
1.165296630859375000e+03
1.166624633789062500e+03
1.167878295898437500e+03
1.169056274414062500e+03
1.170157348632812500e+03
1.171180541992187500e+03
1.172124267578125000e+03
1.172987426757812500e+03
1.173768798828125000e+03
1.174467041015625000e+03
1.175081176757812500e+03
1.175609741210937500e+03
1.176051513671875000e+03
1.176405395507812500e+03
1.176669921875000000e+03
1.176844116210937500e+03
1.176926513671875000e+03
1.176915893554687500e+03
1.176811401367187500e+03
1.176611328125000000e+03
1.176314575195312500e+03
1.175919921875000000e+03
1.175426635742187500e+03
1.174835205078125000e+03
1.174146728515625000e+03
1.173362060546875000e+03
1.172482543945312500e+03
1.171508789062500000e+03
1.170442016601562500e+03
1.169283325195312500e+03
1.168033447265625000e+03
1.166693725585937500e+03
1.165264892578125000e+03
1.163748168945312500e+03
1.162144409179687500e+03
1.160454833984375000e+03
1.158680175781250000e+03
1.156821655273437500e+03
1.154880126953125000e+03
1.152856811523437500e+03
1.150752563476562500e+03
1.148568481445312500e+03
1.146305419921875000e+03
1.143964599609375000e+03
1.141546875000000000e+03
1.139053466796875000e+03
1.136485107421875000e+03
1.133843017578125000e+03
1.131128051757812500e+03
1.128341430664062500e+03
1.125483886718750000e+03
1.122556640625000000e+03
1.119560668945312500e+03
1.116497070312500000e+03
1.113366577148437500e+03
1.110170410156250000e+03
1.106909667968750000e+03
1.103585205078125000e+03
1.100197998046875000e+03
1.096749145507812500e+03
1.093239746093750000e+03
1.089670654296875000e+03
1.086042968750000000e+03
1.082357666015625000e+03
1.078615722656250000e+03
1.074818237304687500e+03
1.070966186523437500e+03
1.067060546875000000e+03
1.063102416992187500e+03
1.059092773437500000e+03
1.055032592773437500e+03
1.050922851562500000e+03
1.046764770507812500e+03
1.042560058593750000e+03
1.038310302734375000e+03
1.034017456054687500e+03
1.029683227539062500e+03
1.025309570312500000e+03
1.020897949218750000e+03
1.016450500488281250e+03
1.011968688964843750e+03
1.007454589843750000e+03
1.002909790039062500e+03
9.983361206054687500e+02
9.937354125976562500e+02
9.891094360351562500e+02
9.844598999023437500e+02
9.797886962890625000e+02
9.750975952148437500e+02
9.703883056640625000e+02
9.656627197265625000e+02
9.609224853515625000e+02
9.561695556640625000e+02
9.514055786132812500e+02
9.466324462890625000e+02
9.418517456054687500e+02
9.370655517578125000e+02
9.322755126953125000e+02
9.274832763671875000e+02
9.226908569335937500e+02
9.178999633789062500e+02
9.131123046875000000e+02
9.083296508789062500e+02
9.035540161132812500e+02
8.987868652343750000e+02
8.940302124023437500e+02
8.892858886718750000e+02
8.845554199218750000e+02
8.798408813476562500e+02
8.751437377929687500e+02
8.704660644531250000e+02
8.658094482421875000e+02
8.611759033203125000e+02
8.565670166015625000e+02
8.519846191406250000e+02
8.474304809570312500e+02
8.429064331054687500e+02
8.384142456054687500e+02
8.339557495117187500e+02
8.295325927734375000e+02
8.251467285156250000e+02
8.207998657226562500e+02
8.164935913085937500e+02
8.122288208007812500e+02
8.080062255859375000e+02
8.038265991210937500e+02
7.996906127929687500e+02
7.955989990234375000e+02
7.915524291992187500e+02
7.875517578125000000e+02
7.835975341796875000e+02
7.796905517578125000e+02
7.758315429687500000e+02
7.720211181640625000e+02
7.682601318359375000e+02
7.645492553710937500e+02
7.608891601562500000e+02
7.572805786132812500e+02
7.537243041992187500e+02
7.502209472656250000e+02
7.467712402343750000e+02
7.433759765625000000e+02
7.400357666015625000e+02
7.367513427734375000e+02
7.335235595703125000e+02
7.303529663085937500e+02
7.272403564453125000e+02
7.241864624023437500e+02
7.211919555664062500e+02
7.182575073242187500e+02
7.153839721679687500e+02
7.125719604492187500e+02
7.098221435546875000e+02
7.071353759765625000e+02
7.045123291015625000e+02
7.019536743164062500e+02
6.994601440429687500e+02
6.970324707031250000e+02
6.946713256835937500e+02
6.923775024414062500e+02
6.901516113281250000e+02
6.879945068359375000e+02
6.859067993164062500e+02
6.838892211914062500e+02
6.819425048828125000e+02
6.800673217773437500e+02
6.782644653320312500e+02
6.765346069335937500e+02
6.748784790039062500e+02
6.732968139648437500e+02
6.717902221679687500e+02
6.703596191406250000e+02
6.690052490234375000e+02
6.677266235351562500e+02
6.665228881835937500e+02
6.653931884765625000e+02
6.643367309570312500e+02
6.633525390625000000e+02
6.624398803710937500e+02
6.615978393554687500e+02
6.608256225585937500e+02
6.601223754882812500e+02
6.594871826171875000e+02
6.589192504882812500e+02
6.584177246093750000e+02
6.579816894531250000e+02
6.576104736328125000e+02
6.573030395507812500e+02
6.570585937500000000e+02
6.568763427734375000e+02
6.567553710937500000e+02
6.566948852539062500e+02
6.566940307617187500e+02
6.567518920898437500e+02
6.568676147460937500e+02
6.570405273437500000e+02
6.572695922851562500e+02
6.575540161132812500e+02
6.578929443359375000e+02
6.582855834960937500e+02
6.587309570312500000e+02
6.592283935546875000e+02
6.597769775390625000e+02
6.603757324218750000e+02
6.610239868164062500e+02
6.617208251953125000e+02
6.624653320312500000e+02
6.632567138671875000e+02
6.640941772460937500e+02
6.649768066406250000e+02
6.659038085937500000e+02
6.668742065429687500e+02
6.678872680664062500e+02
6.689421997070312500e+02
6.700379638671875000e+02
6.711738281250000000e+02
6.723489990234375000e+02
6.735625610351562500e+02
6.748135986328125000e+02
6.761013793945312500e+02
6.774249877929687500e+02
6.787836303710937500e+02
6.801762084960937500e+02
6.816016845703125000e+02
6.830586547851562500e+02
6.845457153320312500e+02
6.860614624023437500e+02
6.876046142578125000e+02
6.891738281250000000e+02
6.907677612304687500e+02
6.923850708007812500e+02
6.940243530273437500e+02
6.956843261718750000e+02
6.973635253906250000e+02
6.990607299804687500e+02
7.007745361328125000e+02
7.025036010742187500e+02
7.042465820312500000e+02
7.060021362304687500e+02
7.077688598632812500e+02
7.095454711914062500e+02
7.113306274414062500e+02
7.131228637695312500e+02
7.149209594726562500e+02
7.167235717773437500e+02
7.185291748046875000e+02
7.203366699218750000e+02
7.221444702148437500e+02
7.239514160156250000e+02
7.257560424804687500e+02
7.275570678710937500e+02
7.293530883789062500e+02
7.311427612304687500e+02
7.329248046875000000e+02
7.346977539062500000e+02
7.364603271484375000e+02
7.382111816406250000e+02
7.399489746093750000e+02
7.416723632812500000e+02
7.433800048828125000e+02
7.450704345703125000e+02
7.467423706054687500e+02
7.483945922851562500e+02
7.500255737304687500e+02
7.516340332031250000e+02
7.532186279296875000e+02
7.547780151367187500e+02
7.563107910156250000e+02
7.578156738281250000e+02
7.592913208007812500e+02
7.607362670898437500e+02
7.621493530273437500e+02
7.635291748046875000e+02
7.648751831054687500e+02
7.661868286132812500e+02
7.674635620117187500e+02
7.687049560546875000e+02
7.699104003906250000e+02
7.710794067382812500e+02
7.722114257812500000e+02
7.733059692382812500e+02
7.743624267578125000e+02
7.753804321289062500e+02
7.763593750000000000e+02
7.772987060546875000e+02
7.781979980468750000e+02
7.790566406250000000e+02
7.798741455078125000e+02
7.806499633789062500e+02
7.813836059570312500e+02
7.820745239257812500e+02
7.827222900390625000e+02
7.833262329101562500e+02
7.838859252929687500e+02
7.844008178710937500e+02
7.848704223632812500e+02
7.852941894531250000e+02
7.856715698242187500e+02
7.860020751953125000e+02
7.862852172851562500e+02
7.865203857421875000e+02
7.867071533203125000e+02
7.868450317382812500e+02
7.869332885742187500e+02
7.869716186523437500e+02
7.869593505859375000e+02
7.868960571289062500e+02
7.867812500000000000e+02
7.866142578125000000e+02
7.863947143554687500e+02
7.861220092773437500e+02
7.857956542968750000e+02
7.854151000976562500e+02
7.849798583984375000e+02
7.844893798828125000e+02
7.839431762695312500e+02
7.833406982421875000e+02
7.826813964843750000e+02
7.819648437500000000e+02
7.811904296875000000e+02
7.803576660156250000e+02
7.794660644531250000e+02
7.785151367187500000e+02
7.775055541992187500e+02
7.764378051757812500e+02
7.753125000000000000e+02
7.741303710937500000e+02
7.728919067382812500e+02
7.715977783203125000e+02
7.702487182617187500e+02
7.688451538085937500e+02
7.673878784179687500e+02
7.658774414062500000e+02
7.643145141601562500e+02
7.626996459960937500e+02
7.610335693359375000e+02
7.593167724609375000e+02
7.575499877929687500e+02
7.557338256835937500e+02
7.538689575195312500e+02
7.519558105468750000e+02
7.499952392578125000e+02
7.479877319335937500e+02
7.459339599609375000e+02
7.438345336914062500e+02
7.416901245117187500e+02
7.395012817382812500e+02
7.372686767578125000e+02
7.349929199218750000e+02
7.326746826171875000e+02
7.303145751953125000e+02
7.279131469726562500e+02
7.254711303710937500e+02
7.229890136718750000e+02
7.204675292968750000e+02
7.179072875976562500e+02
7.153089599609375000e+02
7.126730346679687500e+02
7.100002441406250000e+02
7.072911987304687500e+02
7.045465087890625000e+02
7.017667236328125000e+02
6.989526367187500000e+02
6.961047973632812500e+02
6.932238159179687500e+02
6.903102416992187500e+02
6.873648071289062500e+02
6.843881225585937500e+02
6.813807373046875000e+02
6.783434448242187500e+02
6.752767333984375000e+02
6.721812133789062500e+02
6.690576171875000000e+02
6.659068603515625000e+02
6.627299804687500000e+02
6.595280151367187500e+02
6.563018798828125000e+02
6.530526123046875000e+02
6.497811279296875000e+02
6.464885864257812500e+02
6.431758422851562500e+02
6.398439941406250000e+02
6.364940185546875000e+02
6.331268920898437500e+02
6.297435913085937500e+02
6.263451538085937500e+02
6.229326171875000000e+02
6.195068969726562500e+02
6.160690307617187500e+02
6.126200561523437500e+02
6.091609497070312500e+02
6.056926879882812500e+02
6.022163085937500000e+02
5.987326660156250000e+02
5.952430419921875000e+02
5.917481689453125000e+02
5.882492065429687500e+02
5.847470703125000000e+02
5.812427978515625000e+02
5.777373657226562500e+02
5.742318115234375000e+02
5.707271728515625000e+02
5.672243652343750000e+02
5.637243652343750000e+02
5.602282104492187500e+02
5.567369995117187500e+02
5.532515869140625000e+02
5.497730102539062500e+02
5.463023071289062500e+02
5.428404541015625000e+02
5.393884887695312500e+02
5.359473876953125000e+02
5.325181274414062500e+02
5.291016845703125000e+02
5.256991577148437500e+02
5.223115234375000000e+02
5.189396362304687500e+02
5.155846557617187500e+02
5.122474975585937500e+02
5.089292907714843750e+02
5.056308898925781250e+02
5.023533020019531250e+02
4.990975036621093750e+02
4.958640136718750000e+02
4.926532592773437500e+02
4.894656372070312500e+02
4.863016357421875000e+02
4.831616821289062500e+02
4.800461425781250000e+02
4.769555969238281250e+02
4.738903198242187500e+02
4.708508605957031250e+02
4.678375854492187500e+02
4.648509826660156250e+02
4.618914794921875000e+02
4.589594726562500000e+02
4.560554199218750000e+02
4.531797485351562500e+02
4.503329162597656250e+02
4.475153808593750000e+02
4.447275085449218750e+02
4.419697875976562500e+02
4.392426147460937500e+02
4.365465087890625000e+02
4.338818054199218750e+02
4.312489624023437500e+02
4.286484680175781250e+02
4.260807189941406250e+02
4.235461425781250000e+02
4.210451965332031250e+02
4.185783081054687500e+02
4.161459045410156250e+02
4.137484436035156250e+02
4.113863220214843750e+02
4.090600280761718750e+02
4.067699584960937500e+02
4.045165710449218750e+02
4.023002624511718750e+02
4.001215209960937500e+02
3.979807434082031250e+02
3.958784179687500000e+02
3.938149414062500000e+02
3.917907104492187500e+02
3.898062133789062500e+02
3.878618774414062500e+02
3.859581604003906250e+02
3.840954589843750000e+02
3.822742309570312500e+02
3.804948730468750000e+02
3.787578735351562500e+02
3.770636291503906250e+02
3.754126281738281250e+02
3.738051147460937500e+02
3.722408752441406250e+02
3.707195434570312500e+02
3.692407226562500000e+02
3.678040466308593750e+02
3.664091491699218750e+02
3.650556640625000000e+02
3.637431945800781250e+02
3.624714050292968750e+02
3.612399291992187500e+02
3.600483093261718750e+02
3.588962707519531250e+02
3.577833557128906250e+02
3.567092590332031250e+02
3.556735839843750000e+02
3.546759643554687500e+02
3.537159729003906250e+02
3.527933044433593750e+02
3.519075927734375000e+02
3.510583801269531250e+02
3.502453918457031250e+02
3.494681701660156250e+02
3.487263793945312500e+02
3.480196838378906250e+02
3.473476562500000000e+02
3.467099304199218750e+02
3.461061706542968750e+02
3.455359802246093750e+02
3.449989624023437500e+02
3.444947814941406250e+02
3.440230102539062500e+02
3.435833435058593750e+02
3.431753845214843750e+02
3.427987365722656250e+02
3.424530334472656250e+02
3.421379394531250000e+02
3.418530273437500000e+02
3.415979614257812500e+02
3.413723449707031250e+02
3.411758117675781250e+02
3.410079956054687500e+02
3.408685302734375000e+02
3.407570190429687500e+02
3.406730957031250000e+02
3.406164245605468750e+02
3.405865783691406250e+02
3.405832214355468750e+02
3.406059570312500000e+02
3.406544189453125000e+02
3.407282409667968750e+02
3.408269653320312500e+02
3.409500427246093750e+02
3.410967407226562500e+02
3.412664489746093750e+02
3.414584655761718750e+02
3.416721496582031250e+02
3.419067993164062500e+02
3.421617736816406250e+02
3.424364013671875000e+02
3.427300415039062500e+02
3.430419921875000000e+02
3.433715820312500000e+02
3.437182006835937500e+02
3.440811157226562500e+02
3.444597167968750000e+02
3.448533020019531250e+02
3.452611999511718750e+02
3.456827697753906250e+02
3.461173400878906250e+02
3.465642395019531250e+02
3.470227966308593750e+02
3.474924011230468750e+02
3.479722900390625000e+02
3.484618835449218750e+02
3.489604492187500000e+02
3.494673461914062500e+02
3.499819641113281250e+02
3.505035705566406250e+02
3.510314941406250000e+02
3.515651245117187500e+02
3.521037292480468750e+02
3.526466979980468750e+02
3.531933593750000000e+02
3.537429809570312500e+02
3.542950134277343750e+02
3.548486938476562500e+02
3.554033813476562500e+02
3.559584045410156250e+02
3.565131530761718750e+02
3.570668945312500000e+02
3.576189880371093750e+02
3.581687927246093750e+02
3.587156066894531250e+02
3.592587585449218750e+02
3.597976074218750000e+02
3.603314819335937500e+02
3.608597106933593750e+02
3.613816528320312500e+02
3.618965759277343750e+02
3.624039001464843750e+02
3.629029541015625000e+02
3.633934326171875000e+02
3.638749694824218750e+02
3.643472595214843750e+02
3.648100280761718750e+02
3.652629394531250000e+02
3.657057189941406250e+02
3.661380615234375000e+02
3.665596008300781250e+02
3.669701232910156250e+02
3.673692016601562500e+02
3.677566528320312500e+02
3.681320800781250000e+02
3.684952087402343750e+02
3.688457336425781250e+02
3.691833496093750000e+02
3.695077514648437500e+02
3.698186035156250000e+02
3.701156616210937500e+02
3.703985595703125000e+02
3.706669921875000000e+02
3.709206542968750000e+02
3.711592712402343750e+02
3.713825073242187500e+02
3.715900878906250000e+02
3.717816772460937500e+02
3.719569702148437500e+02
3.721156311035156250e+02
3.722573852539062500e+02
3.723819580078125000e+02
3.724890136718750000e+02
3.725782165527343750e+02
3.726492919921875000e+02
3.727019348144531250e+02
3.727358093261718750e+02
3.727506103515625000e+02
3.727460632324218750e+02
3.727218322753906250e+02
3.726776428222656250e+02
3.726131591796875000e+02
3.725280456542968750e+02
3.724220886230468750e+02
3.722948913574218750e+02
3.721461791992187500e+02
3.719756164550781250e+02
3.717829589843750000e+02
3.715678710937500000e+02
3.713300170898437500e+02
3.710691223144531250e+02
3.707848510742187500e+02
3.704769897460937500e+02
3.701457214355468750e+02
3.697912292480468750e+02
3.694137573242187500e+02
3.690135192871093750e+02
3.685907592773437500e+02
3.681456909179687500e+02
3.676785583496093750e+02
3.671895751953125000e+02
3.666789550781250000e+02
3.661469726562500000e+02
3.655938110351562500e+02
3.650197143554687500e+02
3.644248962402343750e+02
3.638096313476562500e+02
3.631740722656250000e+02
3.625185241699218750e+02
3.618431396484375000e+02
3.611482238769531250e+02
3.604339294433593750e+02
3.597005310058593750e+02
3.589482727050781250e+02
3.581773376464843750e+02
3.573879394531250000e+02
3.565803833007812500e+02
3.557548217773437500e+02
3.549114990234375000e+02
3.540506591796875000e+02
3.531725769042968750e+02
3.522773742675781250e+02
3.513653259277343750e+02
3.504366760253906250e+02
3.494916687011718750e+02
3.485304870605468750e+02
3.475533752441406250e+02
3.465605468750000000e+02
3.455522766113281250e+02
3.445287170410156250e+02
3.434901428222656250e+02
3.424368286132812500e+02
3.413688964843750000e+02
3.402866516113281250e+02
3.391903076171875000e+02
3.380800476074218750e+02
3.369561767578125000e+02
3.358188476562500000e+02
3.346683349609375000e+02
3.335048522949218750e+02
3.323286132812500000e+02
3.311398620605468750e+02
3.299388732910156250e+02
3.287260131835937500e+02
3.275017089843750000e+02
3.262663574218750000e+02
3.250204162597656250e+02
3.237642822265625000e+02
3.224984130859375000e+02
3.212231750488281250e+02
3.199390563964843750e+02
3.186463928222656250e+02
3.173457031250000000e+02
3.160373229980468750e+02
3.147217407226562500e+02
3.133993225097656250e+02
3.120705261230468750e+02
3.107357482910156250e+02
3.093954162597656250e+02
3.080499572753906250e+02
3.066997985839843750e+02
3.053453674316406250e+02
3.039870605468750000e+02
3.026253356933593750e+02
3.012605590820312500e+02
2.998931884765625000e+02
2.985236511230468750e+02
2.971523742675781250e+02
2.957797241210937500e+02
2.944061584472656250e+02
2.930321044921875000e+02
2.916579895019531250e+02
2.902842407226562500e+02
2.889112243652343750e+02
2.875394287109375000e+02
2.861692504882812500e+02
2.848010864257812500e+02
2.834353942871093750e+02
2.820725708007812500e+02
2.807130432128906250e+02
2.793572387695312500e+02
2.780055541992187500e+02
2.766584472656250000e+02
2.753163452148437500e+02
2.739796142578125000e+02
2.726487121582031250e+02
2.713240661621093750e+02
2.700061035156250000e+02
2.686951904296875000e+02
2.673918151855468750e+02
2.660963745117187500e+02
2.648092956542968750e+02
2.635309143066406250e+02
2.622615051269531250e+02
2.610012817382812500e+02
2.597503356933593750e+02
2.585089111328125000e+02
2.572771911621093750e+02
2.560553588867187500e+02
2.548435974121093750e+02
2.536420898437500000e+02
2.524509887695312500e+02
2.512705383300781250e+02
2.501008758544921875e+02
2.489422149658203125e+02
2.477947387695312500e+02
2.466586151123046875e+02
2.455340423583984375e+02
2.444211883544921875e+02
2.433202514648437500e+02
2.422314453125000000e+02
2.411548767089843750e+02
2.400908050537109375e+02
2.390393981933593750e+02
2.380008087158203125e+02
2.369752502441406250e+02
2.359628753662109375e+02
2.349639434814453125e+02
2.339785614013671875e+02
2.330069427490234375e+02
2.320492706298828125e+02
2.311057434082031250e+02
2.301765136718750000e+02
2.292617950439453125e+02
2.283617858886718750e+02
2.274766235351562500e+02
2.266065063476562500e+02
2.257516632080078125e+02
2.249122314453125000e+02
2.240883941650390625e+02
2.232803649902343750e+02
2.224883270263671875e+02
2.217124481201171875e+02
2.209529113769531250e+02
2.202099151611328125e+02
2.194836425781250000e+02
2.187742767333984375e+02
2.180819854736328125e+02
2.174069671630859375e+02
2.167494201660156250e+02
2.161095123291015625e+02
2.154874267578125000e+02
2.148833160400390625e+02
2.142970275878906250e+02
2.137284240722656250e+02
2.131773071289062500e+02
2.126435241699218750e+02
2.121269226074218750e+02
2.116272888183593750e+02
2.111444702148437500e+02
2.106783294677734375e+02
2.102286529541015625e+02
2.097952880859375000e+02
2.093780670166015625e+02
2.089767913818359375e+02
2.085913238525390625e+02
2.082214965820312500e+02
2.078671112060546875e+02
2.075280303955078125e+02
2.072040557861328125e+02
2.068950347900390625e+02
2.066007843017578125e+02
2.063211364746093750e+02
2.060559387207031250e+02
2.058049774169921875e+02
2.055681304931640625e+02
2.053451995849609375e+02
2.051360168457031250e+02
2.049404449462890625e+02
2.047582550048828125e+02
2.045893249511718750e+02
2.044334564208984375e+02
2.042904968261718750e+02
2.041602783203125000e+02
2.040426025390625000e+02
2.039373321533203125e+02
2.038442687988281250e+02
2.037632598876953125e+02
2.036941223144531250e+02
2.036367034912109375e+02
2.035908203125000000e+02
2.035563049316406250e+02
2.035329895019531250e+02
2.035207061767578125e+02
2.035192718505859375e+02
2.035285339355468750e+02
2.035483093261718750e+02
2.035784301757812500e+02
2.036187133789062500e+02
2.036690063476562500e+02
2.037291564941406250e+02
2.037989501953125000e+02
2.038782196044921875e+02
2.039666900634765625e+02
2.040640563964843750e+02
2.041699981689453125e+02
2.042842712402343750e+02
2.044065246582031250e+02
2.045364837646484375e+02
2.046738433837890625e+02
2.048182983398437500e+02
2.049695587158203125e+02
2.051273345947265625e+02
2.052913055419921875e+02
2.054611816406250000e+02
2.056366882324218750e+02
2.058174743652343750e+02
2.060032653808593750e+02
2.061937866210937500e+02
2.063887176513671875e+02
2.065877532958984375e+02
2.067906036376953125e+02
2.069969635009765625e+02
2.072065429687500000e+02
2.074190368652343750e+02
2.076341552734375000e+02
2.078515777587890625e+02
2.080710449218750000e+02
2.082922058105468750e+02
2.085148010253906250e+02
2.087385101318359375e+02
2.089630432128906250e+02
2.091880950927734375e+02
2.094133911132812500e+02
2.096385955810546875e+02
2.098634338378906250e+02
2.100876007080078125e+02
2.103107910156250000e+02
2.105327301025390625e+02
2.107530822753906250e+02
2.109715728759765625e+02
2.111878967285156250e+02
2.114017486572265625e+02
2.116128387451171875e+02
2.118208618164062500e+02
2.120255279541015625e+02
2.122265167236328125e+02
2.124235687255859375e+02
2.126163482666015625e+02
2.128045654296875000e+02
2.129879302978515625e+02
2.131661376953125000e+02
2.133389129638671875e+02
2.135061035156250000e+02
2.136675720214843750e+02
2.138231658935546875e+02
2.139727783203125000e+02
2.141162414550781250e+02
2.142534484863281250e+02
2.143842620849609375e+02
2.145085296630859375e+02
2.146261444091796875e+02
2.147369232177734375e+02
2.148407897949218750e+02
2.149375762939453125e+02
2.150271301269531250e+02
2.151093597412109375e+02
2.151841125488281250e+02
2.152512359619140625e+02
2.153106231689453125e+02
2.153621063232421875e+02
2.154055938720703125e+02
2.154409027099609375e+02
2.154679412841796875e+02
2.154865417480468750e+02
2.154965820312500000e+02
2.154979400634765625e+02
2.154904632568359375e+02
2.154740142822265625e+02
2.154484710693359375e+02
2.154136962890625000e+02
2.153695526123046875e+02
2.153159027099609375e+02
2.152526092529296875e+02
2.151795654296875000e+02
2.150965728759765625e+02
2.150035552978515625e+02
2.149003601074218750e+02
2.147868652343750000e+02
2.146629028320312500e+02
2.145283660888671875e+02
2.143830871582031250e+02
2.142269897460937500e+02
2.140598754882812500e+02
2.138816528320312500e+02
2.136921691894531250e+02
2.134912872314453125e+02
2.132788848876953125e+02
2.130548095703125000e+02
2.128189544677734375e+02
2.125711517333984375e+02
2.123112792968750000e+02
2.120392456054687500e+02
2.117551269531250000e+02
2.114590301513671875e+02
2.111510620117187500e+02
2.108313598632812500e+02
2.105000000000000000e+02
2.101571197509765625e+02
2.098028259277343750e+02
2.094372253417968750e+02
2.090604553222656250e+02
2.086726074218750000e+02
2.082737884521484375e+02
2.078641204833984375e+02
2.074437103271484375e+02
2.070126953125000000e+02
2.065711669921875000e+02
2.061192321777343750e+02
2.056570281982421875e+02
2.051846313476562500e+02
2.047021789550781250e+02
2.042097930908203125e+02
2.037075653076171875e+02
2.031956176757812500e+02
2.026740875244140625e+02
2.021430206298828125e+02
2.016026000976562500e+02
2.010529022216796875e+02
2.004940490722656250e+02
1.999261627197265625e+02
1.993493347167968750e+02
1.987636871337890625e+02
1.981693420410156250e+02
1.975664062500000000e+02
1.969549865722656250e+02
1.963352050781250000e+02
1.957071838378906250e+02
1.950709991455078125e+02
1.944268035888671875e+02
1.937746887207031250e+02
1.931147613525390625e+02
1.924471588134765625e+02
1.917719726562500000e+02
1.910893402099609375e+02
1.903993377685546875e+02
1.897021026611328125e+02
1.889977416992187500e+02
1.882863922119140625e+02
1.875681152343750000e+02
1.868430786132812500e+02
1.861113433837890625e+02
1.853730773925781250e+02
1.846284484863281250e+02
1.838776855468750000e+02
1.831209869384765625e+02
1.823585662841796875e+02
1.815906219482421875e+02
1.808173675537109375e+02
1.800390014648437500e+02
1.792557373046875000e+02
1.784678039550781250e+02
1.776753845214843750e+02
1.768786926269531250e+02
1.760779266357421875e+02
1.752733306884765625e+02
1.744650726318359375e+02
1.736533813476562500e+02
1.728384552001953125e+02
1.720205230712890625e+02
1.711997528076171875e+02
1.703763885498046875e+02
1.695506286621093750e+02
1.687226715087890625e+02
1.678927459716796875e+02
1.670610351562500000e+02
1.662277679443359375e+02
1.653931427001953125e+02
1.645573730468750000e+02
1.637206420898437500e+02
1.628831939697265625e+02
1.620452270507812500e+02
1.612069396972656250e+02
1.603685455322265625e+02
1.595302581787109375e+02
1.586922454833984375e+02
1.578547821044921875e+02
1.570180358886718750e+02
1.561822204589843750e+02
1.553475341796875000e+02
1.545142211914062500e+02
1.536824493408203125e+02
1.528524475097656250e+02
1.520244140625000000e+02
1.511985473632812500e+02
1.503750915527343750e+02
1.495542297363281250e+02
1.487361755371093750e+02
1.479211273193359375e+02
1.471092987060546875e+02
1.463009033203125000e+02
1.454961547851562500e+02
1.446952362060546875e+02
1.438982543945312500e+02
1.431053314208984375e+02
1.423165740966796875e+02
1.415320892333984375e+02
1.407519683837890625e+02
1.399763183593750000e+02
1.392052612304687500e+02
1.384388732910156250e+02
1.376772766113281250e+02
1.369205932617187500e+02
1.361688995361328125e+02
1.354222869873046875e+02
1.346809082031250000e+02
1.339448547363281250e+02
1.332141876220703125e+02
1.324890747070312500e+02
1.317695770263671875e+02
1.310558166503906250e+02
1.303478851318359375e+02
1.296459197998046875e+02
1.289499816894531250e+02
1.282602081298828125e+02
1.275766830444335938e+02
1.268995361328125000e+02
1.262288360595703125e+02
1.255647201538085938e+02
1.249072799682617188e+02
1.242566299438476562e+02
1.236128540039062500e+02
1.229760818481445312e+02
1.223464050292968750e+02
1.217239227294921875e+02
1.211087570190429688e+02
1.205010070800781250e+02
1.199007568359375000e+02
1.193081359863281250e+02
1.187232437133789062e+02
1.181461868286132812e+02
1.175770492553710938e+02
1.170159606933593750e+02
1.164630355834960938e+02
1.159183425903320312e+02
1.153820037841796875e+02
1.148541336059570312e+02
1.143348236083984375e+02
1.138241882324218750e+02
1.133223190307617188e+02
1.128293304443359375e+02
1.123453445434570312e+02
1.118704071044921875e+02
1.114044876098632812e+02
1.109475555419921875e+02
1.104995193481445312e+02
1.100603256225585938e+02
1.096299285888671875e+02
1.092082366943359375e+02
1.087952270507812500e+02
1.083908004760742188e+02
1.079949188232421875e+02
1.076075210571289062e+02
1.072285385131835938e+02
1.068579101562500000e+02
1.064955825805664062e+02
1.061414871215820312e+02
1.057955627441406250e+02
1.054577484130859375e+02
1.051279907226562500e+02
1.048062133789062500e+02
1.044923706054687500e+02
1.041864013671875000e+02
1.038882369995117188e+02
1.035978088378906250e+02
1.033150711059570312e+02
1.030399627685546875e+02
1.027724075317382812e+02
1.025123519897460938e+02
1.022597427368164062e+02
1.020145187377929688e+02
1.017766036987304688e+02
1.015459442138671875e+02
1.013224792480468750e+02
1.011061477661132812e+02
1.008968963623046875e+02
1.006946640014648438e+02
1.004993667602539062e+02
1.003109664916992188e+02
1.001294021606445312e+02
9.995459747314453125e+01
9.978650665283203125e+01
9.962505340576171875e+01
9.947018432617187500e+01
9.932184600830078125e+01
9.917996978759765625e+01
9.904448699951171875e+01
9.891535186767578125e+01
9.879249572753906250e+01
9.867585754394531250e+01
9.856536865234375000e+01
9.846098327636718750e+01
9.836261749267578125e+01
9.827015686035156250e+01
9.818346405029296875e+01
9.810240173339843750e+01
9.802684020996093750e+01
9.795664978027343750e+01
9.789169311523437500e+01
9.783184051513671875e+01
9.777695465087890625e+01
9.772689819335937500e+01
9.768154907226562500e+01
9.764076232910156250e+01
9.760440826416015625e+01
9.757235717773437500e+01
9.754447174072265625e+01
9.752061462402343750e+01
9.750067138671875000e+01
9.748448181152343750e+01
9.747193145751953125e+01
9.746288299560546875e+01
9.745719146728515625e+01
9.745473480224609375e+01
9.745539093017578125e+01
9.745899963378906250e+01
9.746544647216796875e+01
9.747459411621093750e+01
9.748630523681640625e+01
9.750044250488281250e+01
9.751688385009765625e+01
9.753549194335937500e+01
9.755612945556640625e+01
9.757867431640625000e+01
9.760297393798828125e+01
9.762890625000000000e+01
9.765634155273437500e+01
9.768513488769531250e+01
9.771516418457031250e+01
9.774629974365234375e+01
9.777838897705078125e+01
9.781131744384765625e+01
9.784493255615234375e+01
9.787911987304687500e+01
9.791374206542968750e+01
9.794865417480468750e+01
9.798372650146484375e+01
9.801883697509765625e+01
9.805384826660156250e+01
9.808861541748046875e+01
9.812301635742187500e+01
9.815691375732421875e+01
9.819018554687500000e+01
9.822274780273437500e+01
9.825452423095703125e+01
9.828543853759765625e+01
9.831541442871093750e+01
9.834437561035156250e+01
9.837226104736328125e+01
9.839898681640625000e+01
9.842447662353515625e+01
9.844865417480468750e+01
9.847145080566406250e+01
9.849279022216796875e+01
9.851258850097656250e+01
9.853078460693359375e+01
9.854730224609375000e+01
9.856205749511718750e+01
9.857498168945312500e+01
9.858599853515625000e+01
9.859503936767578125e+01
9.860201263427734375e+01
9.860686492919921875e+01
9.860950469970703125e+01
9.860986328125000000e+01
9.860787200927734375e+01
9.860344696044921875e+01
9.859651947021484375e+01
9.858701324462890625e+01
9.857485198974609375e+01
9.855995941162109375e+01
9.854225921630859375e+01
9.852168273925781250e+01
9.849816131591796875e+01
9.847160339355468750e+01
9.844194793701171875e+01
9.840911865234375000e+01
9.837303161621093750e+01
9.833361816406250000e+01
9.829079437255859375e+01
9.824450683593750000e+01
9.819466400146484375e+01
9.814118957519531250e+01
9.808403015136718750e+01
9.802307891845703125e+01
9.795828247070312500e+01
9.788956451416015625e+01
9.781684112548828125e+01
9.774005126953125000e+01
9.765911102294921875e+01
9.757394409179687500e+01
9.748448181152343750e+01
9.739066314697265625e+01
9.729250335693359375e+01
9.719004058837890625e+01
9.708329010009765625e+01
9.697231292724609375e+01
9.685710906982421875e+01
9.673773956298828125e+01
9.661421966552734375e+01
9.648659515380859375e+01
9.635488891601562500e+01
9.621913146972656250e+01
9.607936096191406250e+01
9.593560791015625000e+01
9.578791046142578125e+01
9.563629913330078125e+01
9.548079681396484375e+01
9.532144927978515625e+01
9.515827941894531250e+01
9.499133300781250000e+01
9.482062530517578125e+01
9.464620208740234375e+01
9.446809387207031250e+01
9.428632354736328125e+01
9.410092926025390625e+01
9.391194915771484375e+01
9.371942138671875000e+01
9.352335357666015625e+01
9.332380676269531250e+01
9.312079620361328125e+01
9.291436004638671875e+01
9.270452880859375000e+01
9.249133300781250000e+01
9.227481842041015625e+01
9.205500030517578125e+01
9.183192443847656250e+01
9.160562133789062500e+01
9.137611389160156250e+01
9.114344024658203125e+01
9.090763854980468750e+01
9.066873168945312500e+01
9.042676544189453125e+01
9.018176269531250000e+01
8.993375396728515625e+01
8.968277740478515625e+01
8.942887115478515625e+01
8.917205810546875000e+01
8.891236877441406250e+01
8.864984893798828125e+01
8.838451385498046875e+01
8.811640930175781250e+01
8.784556579589843750e+01
8.757206726074218750e+01
8.729597473144531250e+01
8.701737213134765625e+01
8.673633575439453125e+01
8.645294189453125000e+01
8.616725158691406250e+01
8.587935638427734375e+01
8.558933258056640625e+01
8.529724121093750000e+01
8.500318145751953125e+01
8.470720672607421875e+01
8.440940856933593750e+01
8.410985565185546875e+01
8.380863189697265625e+01
8.350579833984375000e+01
8.320143890380859375e+01
8.289563751220703125e+01
8.258846282958984375e+01
8.227998352050781250e+01
8.197028350830078125e+01
8.165943908691406250e+01
8.134752655029296875e+01
8.103461456298828125e+01
8.072078704833984375e+01
8.040612030029296875e+01
8.009068298339843750e+01
7.977456665039062500e+01
7.945782470703125000e+01
7.914055633544921875e+01
7.882281494140625000e+01
7.850469207763671875e+01
7.818625640869140625e+01
7.786759185791015625e+01
7.754875946044921875e+01
7.722985076904296875e+01
7.691093444824218750e+01
7.659209442138671875e+01
7.627339172363281250e+01
7.595491027832031250e+01
7.563672637939453125e+01
7.531891632080078125e+01
7.500156402587890625e+01
7.468472290039062500e+01
7.436849212646484375e+01
7.405293273925781250e+01
7.373812866210937500e+01
7.342416381835937500e+01
7.311108398437500000e+01
7.279899597167968750e+01
7.248796844482421875e+01
7.217804718017578125e+01
7.186930847167968750e+01
7.156179809570312500e+01
7.125559234619140625e+01
7.095073699951171875e+01
7.064730072021484375e+01
7.034532928466796875e+01
7.004489898681640625e+01
6.974607086181640625e+01
6.944889068603515625e+01
6.915342712402343750e+01
6.885973358154296875e+01
6.856787109375000000e+01
6.827790832519531250e+01
6.798989105224609375e+01
6.770389556884765625e+01
6.741996765136718750e+01
6.713816833496093750e+01
6.685857391357421875e+01
6.658122253417968750e+01
6.630617523193359375e+01
6.603351593017578125e+01
6.576327514648437500e+01
6.549553680419921875e+01
6.523033905029296875e+01
6.496775817871093750e+01
6.470783996582031250e+01
6.445065307617187500e+01
6.419626617431640625e+01
6.394472122192382812e+01
6.369608688354492188e+01
6.345041656494140625e+01
6.320777893066406250e+01
6.296823501586914062e+01
6.273182678222656250e+01
6.249863815307617188e+01
6.226871490478515625e+01
6.204211807250976562e+01
6.181890487670898438e+01
6.159914398193359375e+01
6.138288497924804688e+01
6.117019653320312500e+01
6.096113204956054688e+01
6.075575637817382812e+01
6.055412673950195312e+01
6.035629653930664062e+01
6.016234207153320312e+01
5.997230529785156250e+01
5.978625488281250000e+01
5.960422515869140625e+01
5.942616271972656250e+01
5.925197982788085938e+01
5.908160018920898438e+01
5.891493988037109375e+01
5.875192260742187500e+01
5.859246063232421875e+01
5.843647384643554688e+01
5.828389358520507812e+01
5.813462829589843750e+01
5.798859405517578125e+01
5.784571838378906250e+01
5.770591735839843750e+01
5.756910324096679688e+01
5.743520736694335938e+01
5.730413818359375000e+01
5.717582321166992188e+01
5.705018234252929688e+01
5.692711639404296875e+01
5.680656814575195312e+01
5.668844223022460938e+01
5.657266998291015625e+01
5.645915222167968750e+01
5.634782791137695312e+01
5.623860168457031250e+01
5.613140106201171875e+01
5.602613449096679688e+01
5.592273712158203125e+01
5.582111740112304688e+01
5.572119522094726562e+01
5.562288665771484375e+01
5.552611541748046875e+01
5.543080520629882812e+01
5.533687210083007812e+01
5.524422836303710938e+01
5.515280151367187500e+01
5.506250000000000000e+01
5.497325515747070312e+01
5.488498687744140625e+01
5.479759979248046875e+01
5.471102523803710938e+01
5.462517547607421875e+01
5.453997421264648438e+01
5.445533752441406250e+01
5.437119293212890625e+01
5.428744888305664062e+01
5.420402908325195312e+01
5.412085342407226562e+01
5.403783416748046875e+01
5.395489883422851562e+01
