1.487792213104118133e+01 1.881811953128556536e-01
1.489650791758839254e+01 1.863847124646813291e-01
1.491509370413560198e+01 1.845811696925308276e-01
1.493367949068280964e+01 1.827217332668586436e-01
1.495226527723002086e+01 1.807012926044155032e-01
1.497085106377722852e+01 1.786544266893239641e-01
1.498943685032443796e+01 1.766000188993833431e-01
1.500802263687164739e+01 1.744725957109997394e-01
1.502660842341885683e+01 1.722592524487067123e-01
1.504519420996606804e+01 1.700708215775846577e-01
1.506377999651327748e+01 1.678543445205592233e-01
1.508236578306048514e+01 1.655347678114347520e-01
1.510095156960769636e+01 1.632263359141599424e-01
1.511953735615490402e+01 1.609632151464418515e-01
1.513812314270211346e+01 1.586742162137698975e-01
1.515670892924932645e+01 1.562745993247595944e-01
1.517529471579653411e+01 1.539428568910470585e-01
1.519388050234374177e+01 1.516595290770421656e-01
1.521246628889095298e+01 1.493581089924033989e-01
1.523105207543816420e+01 1.469866338771830816e-01
1.524963786198537186e+01 1.447111921682268654e-01
1.526822364853258129e+01 1.424617589475555002e-01
1.528680943507978895e+01 1.401956790424079557e-01
1.530539522162700017e+01 1.379227962409677044e-01
1.532398100817420783e+01 1.357610078208644211e-01
1.534256679472141727e+01 1.336022605089075832e-01
1.536115258126862848e+01 1.314200411243725275e-01
1.537973836781583614e+01 1.292934281457278622e-01
1.539832415436304558e+01 1.272859170885567437e-01
1.541690994091025502e+01 1.252665152183472241e-01
1.543549572745746623e+01 1.232161891248085284e-01
1.545408151400467389e+01 1.212693139002719717e-01
1.547266730055188333e+01 1.194360118920398811e-01
1.549125308709909454e+01 1.175886278365328441e-01
1.550983887364630220e+01 1.157105955391001945e-01
1.552842466019351164e+01 1.139651997970134445e-01
1.554701044674072286e+01 1.123177273284838573e-01
1.556559623328793229e+01 1.106623108544782658e-01
1.558418201983513995e+01 1.089881063174841791e-01
1.560276780638235117e+01 1.074566022617267635e-01
1.562135359292956061e+01 1.060059410270871999e-01
1.563993937947676827e+01 1.045538957841822270e-01
1.565852516602397948e+01 1.031034027153760330e-01
1.567711095257118892e+01 1.017937484128100534e-01
1.569569673911839836e+01 1.005465261757059192e-01
1.571428252566560602e+01 9.930333165621178793e-02
1.573286831221281901e+01 9.808283476813269008e-02
1.575145409876002667e+01 9.699701477310901376e-02
1.577003988530723610e+01 9.595915561166609709e-02
1.578862567185444554e+01 9.492869757073034431e-02
1.580721145840165498e+01 9.393949622602713878e-02
1.582579724494886264e+01 9.307853612945614363e-02
1.584438303149607385e+01 9.225524802789143719e-02
1.586296881804328152e+01 9.144166053452672249e-02
1.588155460459049451e+01 9.068369471231785273e-02
1.590014039113770039e+01 9.004720969224290494e-02
1.591872617768491160e+01 8.944127389798367522e-02
1.593731196423211927e+01 8.884683987380344317e-02
1.595589775077932870e+01 8.831860878917499602e-02
1.597448353732653992e+01 8.790565372207551076e-02
1.599306932387374758e+01 8.752078519772864273e-02
1.601165511042095702e+01 8.714901405738006979e-02
1.603024089696816645e+01 8.685115627817774353e-02
1.604882668351537944e+01 8.666361360686351822e-02
1.606741247006258533e+01 8.650657394220510887e-02
1.608599825660979477e+01 8.636411794373037576e-02
1.610458404315700776e+01 8.630144116263947784e-02
1.612316982970421364e+01 8.634357934246163213e-02
1.614175561625142308e+01 8.642268841294357962e-02
1.616034140279863607e+01 8.651721094321881966e-02
1.617892718934584551e+01 8.669721364313118239e-02
1.619751297589305139e+01 8.697644619607959593e-02
1.621609876244026083e+01 8.730398255668261887e-02
1.623468454898747382e+01 8.764764315224883584e-02
1.625327033553467970e+01 8.808343697678100437e-02
1.627185612208188914e+01 8.861341383544629746e-02
1.629044190862910213e+01 8.920849290270653487e-02
1.630902769517631157e+01 8.982218199371914957e-02
1.632761348172351745e+01 9.053122724490438034e-02
1.634619926827073044e+01 9.133169986527349404e-02
1.636478505481793988e+01 9.221689891231162062e-02
1.638337084136514576e+01 9.312464448885461599e-02
1.640195662791235875e+01 9.412994398586158051e-02
1.642054241445956819e+01 9.522845037240072752e-02
1.643912820100677763e+01 9.643323519732407978e-02
1.645771398755398707e+01 9.766748679290503110e-02
1.647629977410119650e+01 9.899888384042299094e-02
1.649488556064840594e+01 1.004346239332392365e-01
1.651347134719561538e+01 1.019963191181097462e-01
1.653205713374282482e+01 1.035974750559947033e-01
1.655064292029003425e+01 1.052939931570614912e-01
1.656922870683724369e+01 1.071172039642607210e-01
1.658781449338444958e+01 1.090792837424999356e-01
1.660640027993165901e+01 1.110942740103408877e-01
1.662498606647887200e+01 1.132054727070173211e-01
1.664357185302607789e+01 1.154757143154863663e-01
1.666215763957328733e+01 1.178888299772669346e-01
1.668074342612050032e+01 1.203775849460534536e-01
1.669932921266770975e+01 1.229665502167133634e-01
1.671791499921491564e+01 1.257550713822291055e-01
1.673650078576212508e+01 1.286769039273283066e-01
1.675508657230933807e+01 1.317139599072158218e-01
1.677367235885654395e+01 1.348538624625650051e-01
1.679225814540375694e+01 1.382463366923256665e-01
1.681084393195096638e+01 1.417439752768145655e-01
1.682942971849817582e+01 1.454121655036906546e-01
1.684801550504538525e+01 1.491985179168277831e-01
1.686660129159259469e+01 1.532683812971119830e-01
1.688518707813980413e+01 1.574404768247738284e-01
1.690377286468701357e+01 1.618277322760684755e-01
1.692235865123422300e+01 1.663708786959904873e-01
1.694094443778143244e+01 1.711851230779109223e-01
1.695953022432864188e+01 1.761591729604083945e-01
1.697811601087585132e+01 1.813667165171175266e-01
1.699670179742306075e+01 1.867694638298633136e-01
1.701528758397027019e+01 1.924153811097439604e-01
1.703387337051747963e+01 1.983281736137667561e-01
1.705245915706468907e+01 2.044572466978151759e-01
1.707104494361189850e+01 2.108227855746740709e-01
1.708963073015910794e+01 2.174120214624342406e-01
1.710821651670631738e+01 2.244143233969147777e-01
1.712680230325352682e+01 2.315499083643862699e-01
1.714538808980073625e+01 2.389817067072073919e-01
1.716397387634794924e+01 2.466576875885824471e-01
1.718255966289515513e+01 2.548299007932528504e-01
1.720114544944236457e+01 2.631028470169651245e-01
1.721973123598957400e+01 2.716935792200789179e-01
1.723831702253678344e+01 2.806027912946872371e-01
1.725690280908399288e+01 2.899511152876464437e-01
1.727548859563120232e+01 2.995284881018467349e-01
1.729407438217841531e+01 3.093841862433020506e-01
1.731266016872562119e+01 3.195949992200947110e-01
1.733124595527283063e+01 3.301516693173900396e-01
1.734983174182004362e+01 3.411809107693934418e-01
1.736841752836724950e+01 3.523428983777071588e-01
1.738700331491445894e+01 3.638637067600700714e-01
1.740558910146167193e+01 3.757090161537085526e-01
1.742417488800888137e+01 3.882081167124466492e-01
1.744276067455608725e+01 4.007068412701196847e-01
1.746134646110329669e+01 4.135107695346061374e-01
1.747993224765050968e+01 4.267205887845461620e-01
1.749851803419771556e+01 4.404675032674334467e-01
1.751710382074492500e+01 4.543686110053936633e-01
1.753568960729213444e+01 4.684513580410155642e-01
1.755427539383934388e+01 4.828958992913701675e-01
1.757286118038655331e+01 4.976832071099419053e-01
1.759144696693376275e+01 5.129919534400944059e-01
1.761003275348097574e+01 5.281847013957320369e-01
1.762861854002818163e+01 5.435876638772304537e-01
1.764720432657539462e+01 5.593099655597750797e-01
1.766579011312260050e+01 5.756569714857268094e-01
1.768437589966981349e+01 5.917666132742103180e-01
1.770296168621701938e+01 6.078989777909936665e-01
1.772154747276423237e+01 6.243178788634200505e-01
1.774013325931143825e+01 6.410644558527084369e-01
1.775871904585864769e+01 6.578920817304672042e-01
1.777730483240585713e+01 6.744593712463570201e-01
1.779589061895306656e+01 6.909858800136482460e-01
1.781447640550027600e+01 7.076494064572796949e-01
1.783306219204748544e+01 7.247492771590259286e-01
1.785164797859469132e+01 7.412049395034568944e-01
1.787023376514190787e+01 7.573275762524391830e-01
1.788881955168911375e+01 7.735020821299309901e-01
1.790740533823632319e+01 7.898529113707482008e-01
1.792599112478353263e+01 8.057365952831587741e-01
1.794457691133074562e+01 8.210541630630040499e-01
1.796316269787795150e+01 8.359190901951819574e-01
1.798174848442515739e+01 8.506706587516696949e-01
1.800033427097237038e+01 8.654519796664689180e-01
1.801892005751957981e+01 8.791778308170830059e-01
1.803750584406678925e+01 8.920861806037688746e-01
1.805609163061399869e+01 9.046870574101286699e-01
1.807467741716120813e+01 9.171756850105081682e-01
1.809326320370841756e+01 9.286963167737672942e-01
1.811184899025562700e+01 9.393029410241867661e-01
1.813043477680283644e+01 9.489156312295868867e-01
1.814902056335004588e+01 9.581478841757119502e-01
1.816760634989725531e+01 9.669956183317183207e-01
1.818619213644446475e+01 9.744438745245623812e-01
1.820477792299167419e+01 9.806583030127328238e-01
1.822336370953888718e+01 9.861619184086164447e-01
1.824194949608609306e+01 9.912804885334217664e-01
1.826053528263330250e+01 9.951183591155423613e-01
1.827912106918051194e+01 9.978364447199074005e-01
1.829770685572772493e+01 9.990835144707892468e-01
1.831629264227493081e+01 9.997589739438332845e-01
1.833487842882214025e+01 9.998702135589816464e-01
1.835346421536935324e+01 9.985238310091449909e-01
1.837205000191655913e+01 9.959614187617684689e-01
1.839063578846376856e+01 9.923809094481249593e-01
1.840922157501097800e+01 9.883942197811007579e-01
1.842780736155819099e+01 9.832542297024852163e-01
1.844639314810539688e+01 9.770784404628715114e-01
1.846497893465260631e+01 9.694408270883779766e-01
1.848356472119981930e+01 9.612007627265892751e-01
1.850215050774702519e+01 9.525463213723130984e-01
1.852073629429423463e+01 9.425513973277661606e-01
1.853932208084144762e+01 9.317407355871268892e-01
1.855790786738865705e+01 9.197000327733209080e-01
1.857649365393586294e+01 9.073895333307187006e-01
1.859507944048307593e+01 8.943839071682708752e-01
1.861366522703028537e+01 8.804911540348842047e-01
1.863225101357749480e+01 8.656261435523719960e-01
1.865083680012470069e+01 8.501251130147062796e-01
1.866942258667191368e+01 8.345702334505824549e-01
1.868800837321912311e+01 8.180791237745134170e-01
1.870659415976633255e+01 8.012919800128169845e-01
1.872517994631353844e+01 7.835319017870263636e-01
1.874376573286075143e+01 7.656432140941369369e-01
1.876235151940796086e+01 7.477157657528570311e-01
1.878093730595517030e+01 7.291341618886720832e-01
1.879952309250237619e+01 7.104437260883108562e-01
1.881810887904958918e+01 6.911436871159957196e-01
1.883669466559680217e+01 6.720879591930924990e-01
1.885528045214400805e+01 6.528843795917901316e-01
1.887386623869121394e+01 6.335657953414083332e-01
1.889245202523842693e+01 6.140840853145264067e-01
1.891103781178563992e+01 5.945086228694714814e-01
1.892962359833284580e+01 5.753765556167091955e-01
1.894820938488005169e+01 5.560522865235673073e-01
1.896679517142726468e+01 5.370786279734308666e-01
1.898538095797447056e+01 5.179592734785274377e-01
1.900396674452168355e+01 4.991312896521202802e-01
1.902255253106889299e+01 4.807928473369294520e-01
1.904113831761609887e+01 4.624238612189062736e-01
1.905972410416331186e+01 4.446189931179131971e-01
1.907830989071052130e+01 4.268040619781684475e-01
1.909689567725772719e+01 4.095022091170810730e-01
1.911548146380494018e+01 3.926477427111580432e-01
1.913406725035214606e+01 3.760363683039861238e-01
1.915265303689935905e+01 3.599510120166425353e-01
1.917123882344656494e+01 3.440687578780906586e-01
1.918982460999377793e+01 3.287985883551801103e-01
1.920841039654098381e+01 3.138983187703391908e-01
1.922699618308819680e+01 2.994585816115278298e-01
1.924558196963540269e+01 2.854531210115195949e-01
1.926416775618261568e+01 2.718143519696022969e-01
1.928275354272982156e+01 2.587859640835041830e-01
1.930133932927703455e+01 2.460853457363578745e-01
1.931992511582424044e+01 2.339451968299544327e-01
1.933851090237145343e+01 2.221706380966898819e-01
1.935709668891866286e+01 2.108321024373280006e-01
1.937568247546587230e+01 2.000474372629829078e-01
1.939426826201307819e+01 1.895594224227890034e-01
1.941285404856029118e+01 1.796436533869034680e-01
1.943143983510750061e+01 1.700460466056967213e-01
1.945002562165471005e+01 1.608819115423133217e-01
1.946861140820191594e+01 1.521910189174789374e-01
1.948719719474912893e+01 1.437822033828169144e-01
1.950578298129633481e+01 1.358838033968442494e-01
1.952436876784354780e+01 1.282683022752888757e-01
1.954295455439075724e+01 1.210429679089972815e-01
1.956154034093796668e+01 1.142022638741830853e-01
1.958012612748517256e+01 1.076295979606485126e-01
1.959871191403238555e+01 1.014752556704569819e-01
1.961729770057959499e+01 9.557237584033652367e-02
1.963588348712680443e+01 8.999800860070213127e-02
1.965446927367401386e+01 8.472667658341564989e-02
1.967305506022122685e+01 7.969758153098366327e-02
1.969164084676843274e+01 7.499465650352034329e-02
1.971022663331564218e+01 7.050915269396863805e-02
1.972881241986285161e+01 6.628767520697970150e-02
1.974739820641006105e+01 6.229986795402313315e-02
1.976598399295727049e+01 5.851829532769712433e-02
1.978456977950448348e+01 5.498464261538456993e-02
1.980315556605168936e+01 5.163048179669160048e-02
1.982174135259889880e+01 4.848223522771690636e-02
1.984032713914610824e+01 4.551115221008385919e-02
1.985891292569332123e+01 4.270753632976686393e-02
1.987749871224052711e+01 4.008975606057950392e-02
1.989608449878774010e+01 3.761474784082924350e-02
1.991467028533494599e+01 3.529600670001636215e-02
1.993325607188215898e+01 3.311025934665285525e-02
1.995184185842936486e+01 3.105500201501594504e-02
1.997042764497657785e+01 2.913787089706738886e-02
1.998901343152378374e+01 2.733097719341055429e-02
2.000759921807099673e+01 2.564010056975491933e-02
2.002618500461820261e+01 2.404812518539849869e-02
2.004477079116541560e+01 2.255421812270963153e-02
2.006335657771262149e+01 2.116227983573094884e-02
2.008194236425983448e+01 1.985313096933949764e-02
2.010052815080704036e+01 1.862870833260894116e-02
2.011911393735425335e+01 1.747723878835255248e-02
2.013769972390145924e+01 1.639810945311268031e-02
2.015628551044866867e+01 1.539356063868516783e-02
2.017487129699587811e+01 1.444997164972650419e-02
2.019345708354309110e+01 1.356756783737227828e-02
2.021204287009030054e+01 1.273874411032966183e-02
2.023062865663750642e+01 1.196121015435974190e-02
2.024921444318471941e+01 1.123902026894734243e-02
2.026780022973192530e+01 1.056096060988751667e-02
2.028638601627913474e+01 9.926829727386222296e-03
2.030497180282634417e+01 9.331822330986569783e-03
2.032355758937355361e+01 8.772677429586124911e-03
2.034214337592076305e+01 8.254325792722000746e-03
2.036072916246797249e+01 7.767435830593812963e-03
2.037931494901517837e+01 7.311834344914174173e-03
2.039790073556239136e+01 6.884729433131070962e-03
2.041648652210960435e+01 6.482473374084585238e-03
2.043507230865681024e+01 6.110136844168712750e-03
2.045365809520401967e+01 5.760025026422597831e-03
2.047224388175122911e+01 5.432627060297070057e-03
2.049082966829844210e+01 5.125523449278530930e-03
2.050941545484564799e+01 4.835582878183192559e-03
2.052800124139285742e+01 4.567516615043802977e-03
2.054658702794006686e+01 4.315069364725665838e-03
2.056517281448727985e+01 4.079153859867941899e-03
2.058375860103448574e+01 3.857601497986967633e-03
2.060234438758169517e+01 3.648035855778337944e-03
2.062093017412890461e+01 3.454188951013461087e-03
2.063951596067611760e+01 3.271393676372087288e-03
2.065810174722332704e+01 3.100712387153240282e-03
2.067668753377053292e+01 2.940115092723564159e-03
2.069527332031774591e+01 2.787970900369144550e-03
2.071385910686495535e+01 2.646975359087092288e-03
2.073244489341216124e+01 2.513893271885830373e-03
2.075103067995937067e+01 2.389712100430198011e-03
2.076961646650658366e+01 2.272672954974345148e-03
2.078820225305379310e+01 2.161646242330499991e-03
2.080678803960100254e+01 2.058527817155502652e-03
2.082537382614820842e+01 1.961167764458848425e-03
2.084395961269541786e+01 1.870257630247017938e-03
2.086254539924263085e+01 1.784397316703814499e-03
2.088113118578983674e+01 1.703048518266344095e-03
2.089971697233704617e+01 1.626847092470322907e-03
2.091830275888425916e+01 1.555282168042875900e-03
2.093688854543146860e+01 1.488189038787109814e-03
2.095547433197867448e+01 1.424909128931590259e-03
2.097406011852588392e+01 1.364831403155786910e-03
2.099264590507309691e+01 1.308136547846981863e-03
2.101123169162030635e+01 1.255300975884136730e-03
2.102981747816751579e+01 1.205373534058081647e-03
2.104840326471472167e+01 1.158486607975508934e-03
2.106698905126193466e+01 1.113894889557159092e-03
2.108557483780914055e+01 1.071547475410826109e-03
2.110416062435635354e+01 1.032133868042443879e-03
2.112274641090355942e+01 9.947116463268636764e-04
2.114133219745077241e+01 9.597634946729986143e-04
2.115991798399798185e+01 9.265001899513081781e-04
2.117850377054519129e+01 8.947039227792991014e-04
2.119708955709239717e+01 8.652183867529193587e-04
2.121567534363961016e+01 8.370295087182685586e-04
2.123426113018681605e+01 8.108058600332785889e-04
2.125284691673402904e+01 7.859476413989159149e-04
2.127143270328123847e+01 7.620212069541795839e-04
2.129001848982844791e+01 7.396352960075340110e-04
2.130860427637565380e+01 7.184379106623363853e-04
2.132719006292286679e+01 6.985890907459520963e-04
2.134577584947007622e+01 6.798656663575782574e-04
2.136436163601728566e+01 6.618808036610078580e-04
2.138294742256449510e+01 6.448850453028812275e-04
2.140153320911170454e+01 6.290087228952977866e-04
2.142011899565891397e+01 6.139521664555780195e-04
2.143870478220612341e+01 5.999788581015630395e-04
2.145729056875333285e+01 5.866052355943514535e-04
2.147587635530054229e+01 5.737871798793389364e-04
2.149446214184774817e+01 5.620022380926274590e-04
2.151304792839496116e+01 5.506994206259386822e-04
2.153163371494216705e+01 5.403994465909197362e-04
2.155021950148938004e+01 5.306308514552960601e-04
2.156880528803658592e+01 5.211916616083936719e-04
2.158739107458379891e+01 5.125685511637858649e-04
2.160597686113100835e+01 5.044087958983762025e-04
2.162456264767821779e+01 4.969395761811127568e-04
2.164314843422542722e+01 4.900625847190329424e-04
2.166173422077264021e+01 4.834624519923860515e-04
2.168032000731984610e+01 4.773205098589550677e-04
2.169890579386705554e+01 4.717927015213958905e-04
2.171749158041426497e+01 4.665928441904906724e-04
2.173607736696147441e+01 4.620974056081745608e-04
2.175466315350868030e+01 4.578886247191988885e-04
2.177324894005589329e+01 4.538815290644286605e-04
2.179183472660310272e+01 4.505460711340326572e-04
2.181042051315031216e+01 4.473990320715819525e-04
2.182900629969751805e+01 4.448890365313327706e-04
2.184759208624473104e+01 4.427600646421667781e-04
2.186617787279194047e+01 4.407717664536149431e-04
2.188476365933914991e+01 4.392335098354496563e-04
2.190334944588635935e+01 4.380774914801321865e-04
2.192193523243357234e+01 4.372508525057486957e-04
2.194052101898077822e+01 4.369861553049902698e-04
2.195910680552799121e+01 4.369498873045891854e-04
2.197769259207519710e+01 4.370644336451272143e-04
2.199627837862240654e+01 4.377985272014831377e-04
2.201486416516961242e+01 4.386365565363353606e-04
2.203344995171682541e+01 4.401144852263230104e-04
2.205203573826403485e+01 4.419301280388298562e-04
2.207062152481124784e+01 4.438623582065260188e-04
2.208920731135845017e+01 4.462729953167068734e-04
2.210779309790565961e+01 4.490142541775743001e-04
2.212637888445287260e+01 4.521136708755344596e-04
2.214496467100008559e+01 4.557935532068636917e-04
2.216355045754729147e+01 4.597368274556999103e-04
2.218213624409449736e+01 4.638420272090996738e-04
2.220072203064171390e+01 4.686296249581659219e-04
2.221930781718892334e+01 4.735284558593977800e-04
2.223789360373612922e+01 4.791563916560028814e-04
2.225647939028333866e+01 4.851961307266416642e-04
2.227506517683055165e+01 4.914270914685561547e-04
