# z
0.000000000000000000e+00
1.202404809619238464e-02
2.404809619238476928e-02
3.607214428857715566e-02
4.809619238476953856e-02
6.012024048096192147e-02
7.214428857715431131e-02
8.416833667334669422e-02
9.619238476953907713e-02
1.082164328657314600e-01
1.202404809619238429e-01
1.322645290581162258e-01
1.442885771543086226e-01
1.563126252505009917e-01
1.683366733466933884e-01
1.803607214428857575e-01
1.923847695390781543e-01
2.044088176352705510e-01
2.164328657314629201e-01
2.284569138276553169e-01
2.404809619238476859e-01
2.525050100200400549e-01
2.645290581162324517e-01
2.765531062124248485e-01
2.885771543086172453e-01
3.006012024048096420e-01
3.126252505010019833e-01
3.246492985971943801e-01
3.366733466933867769e-01
3.486973947895791737e-01
3.607214428857715149e-01
3.727454909819639117e-01
3.847695390781563085e-01
3.967935871743487053e-01
4.088176352705411021e-01
4.208416833667334433e-01
4.328657314629258401e-01
4.448897795591182369e-01
4.569138276553106337e-01
4.689378757515029750e-01
4.809619238476953718e-01
4.929859719438877685e-01
5.050100200400801098e-01
5.170340681362725066e-01
5.290581162324649034e-01
5.410821643286573002e-01
5.531062124248496970e-01
5.651302605210420937e-01
5.771543086172344905e-01
5.891783567134268873e-01
6.012024048096192841e-01
6.132264529058115698e-01
6.252505010020039666e-01
6.372745490981963634e-01
6.492985971943887602e-01
6.613226452905811570e-01
6.733466933867735538e-01
6.853707414829659506e-01
6.973947895791583473e-01
7.094188376753507441e-01
7.214428857715430299e-01
7.334669338677354267e-01
7.454909819639278235e-01
7.575150300601202202e-01
7.695390781563126170e-01
7.815631262525050138e-01
7.935871743486974106e-01
8.056112224448898074e-01
8.176352705410822042e-01
8.296593186372744899e-01
8.416833667334668867e-01
8.537074148296592835e-01
8.657314629258516803e-01
8.777555110220440771e-01
8.897795591182364738e-01
9.018036072144288706e-01
9.138276553106212674e-01
9.258517034068136642e-01
9.378757515030059499e-01
9.498997995991983467e-01
9.619238476953907435e-01
9.739478957915831403e-01
9.859719438877755371e-01
9.979959919839679339e-01
1.010020040080160220e+00
1.022044088176352616e+00
1.034068136272545013e+00
1.046092184368737410e+00
1.058116232464929807e+00
1.070140280561122204e+00
1.082164328657314600e+00
1.094188376753506997e+00
1.106212424849699394e+00
1.118236472945891791e+00
1.130260521042084187e+00
1.142284569138276584e+00
1.154308617234468981e+00
1.166332665330661378e+00
1.178356713426853775e+00
1.190380761523046171e+00
1.202404809619238568e+00
1.214428857715430743e+00
1.226452905811623140e+00
1.238476953907815536e+00
1.250501002004007933e+00
1.262525050100200330e+00
1.274549098196392727e+00
1.286573146292585124e+00
1.298597194388777520e+00
1.310621242484969917e+00
1.322645290581162314e+00
1.334669338677354711e+00
1.346693386773547108e+00
1.358717434869739504e+00
1.370741482965931901e+00
1.382765531062124298e+00
1.394789579158316695e+00
1.406813627254509091e+00
1.418837675350701488e+00
1.430861723446893663e+00
1.442885771543086060e+00
1.454909819639278457e+00
1.466933867735470853e+00
1.478957915831663250e+00
1.490981963927855647e+00
1.503006012024048044e+00
1.515030060120240440e+00
1.527054108216432837e+00
1.539078156312625234e+00
1.551102204408817631e+00
1.563126252505010028e+00
1.575150300601202424e+00
1.587174348697394821e+00
1.599198396793587218e+00
1.611222444889779615e+00
1.623246492985972012e+00
1.635270541082164408e+00
1.647294589178356805e+00
1.659318637274548980e+00
1.671342685370741377e+00
1.683366733466933773e+00
1.695390781563126170e+00
1.707414829659318567e+00
1.719438877755510964e+00
1.731462925851703361e+00
1.743486973947895757e+00
1.755511022044088154e+00
1.767535070140280551e+00
1.779559118236472948e+00
1.791583166332665344e+00
1.803607214428857741e+00
1.815631262525050138e+00
1.827655310621242535e+00
1.839679358717434932e+00
1.851703406813627328e+00
1.863727454909819725e+00
1.875751503006011900e+00
1.887775551102204297e+00
1.899799599198396693e+00
1.911823647294589090e+00
1.923847695390781487e+00
1.935871743486973884e+00
1.947895791583166281e+00
1.959919839679358677e+00
1.971943887775551074e+00
1.983967935871743471e+00
1.995991983967935868e+00
2.008016032064128265e+00
2.020040080160320439e+00
2.032064128256513058e+00
2.044088176352705233e+00
2.056112224448897852e+00
2.068136272545090026e+00
2.080160320641282645e+00
2.092184368737474820e+00
2.104208416833667439e+00
2.116232464929859614e+00
2.128256513026052232e+00
2.140280561122244407e+00
2.152304609218437026e+00
2.164328657314629201e+00
2.176352705410821819e+00
2.188376753507013994e+00
2.200400801603206169e+00
2.212424849699398788e+00
2.224448897795590963e+00
2.236472945891783581e+00
2.248496993987975756e+00
2.260521042084168375e+00
2.272545090180360550e+00
2.284569138276553169e+00
2.296593186372745343e+00
2.308617234468937962e+00
2.320641282565130137e+00
2.332665330661322756e+00
2.344689378757514930e+00
2.356713426853707549e+00
2.368737474949899724e+00
2.380761523046092343e+00
2.392785571142284518e+00
2.404809619238477136e+00
2.416833667334669311e+00
2.428857715430861486e+00
2.440881763527054105e+00
2.452905811623246279e+00
2.464929859719438898e+00
2.476953907815631073e+00
2.488977955911823692e+00
2.501002004008015867e+00
2.513026052104208485e+00
2.525050100200400660e+00
2.537074148296593279e+00
2.549098196392785454e+00
2.561122244488978072e+00
2.573146292585170247e+00
2.585170340681362866e+00
2.597194388777555041e+00
2.609218436873747660e+00
2.621242484969939834e+00
2.633266533066132453e+00
2.645290581162324628e+00
2.657314629258516803e+00
2.669338677354709422e+00
2.681362725450901596e+00
2.693386773547094215e+00
2.705410821643286390e+00
2.717434869739479009e+00
2.729458917835671183e+00
2.741482965931863802e+00
2.753507014028055977e+00
2.765531062124248596e+00
2.777555110220440771e+00
2.789579158316633389e+00
2.801603206412825564e+00
2.813627254509018183e+00
2.825651302605210358e+00
2.837675350701402976e+00
2.849699398797595151e+00
2.861723446893787326e+00
2.873747494989979945e+00
2.885771543086172120e+00
2.897795591182364738e+00
2.909819639278556913e+00
2.921843687374749532e+00
2.933867735470941707e+00
2.945891783567134325e+00
2.957915831663326500e+00
2.969939879759519119e+00
2.981963927855711294e+00
2.993987975951903913e+00
3.006012024048096087e+00
3.018036072144288706e+00
3.030060120240480881e+00
3.042084168336673500e+00
3.054108216432865675e+00
3.066132264529058293e+00
3.078156312625250468e+00
3.090180360721442643e+00
3.102204408817635262e+00
3.114228456913827436e+00
3.126252505010020055e+00
3.138276553106212230e+00
3.150300601202404849e+00
3.162324649298597024e+00
3.174348697394789642e+00
3.186372745490981817e+00
3.198396793587174436e+00
3.210420841683366611e+00
3.222444889779559229e+00
3.234468937875751404e+00
3.246492985971944023e+00
3.258517034068136198e+00
3.270541082164328817e+00
3.282565130260520991e+00
3.294589178356713610e+00
3.306613226452905785e+00
3.318637274549097960e+00
3.330661322645290578e+00
3.342685370741482753e+00
3.354709418837675372e+00
3.366733466933867547e+00
3.378757515030060166e+00
3.390781563126252340e+00
3.402805611222444959e+00
3.414829659318637134e+00
3.426853707414829753e+00
3.438877755511021928e+00
3.450901803607214546e+00
3.462925851703406721e+00
3.474949899799599340e+00
3.486973947895791515e+00
3.498997995991984133e+00
3.511022044088176308e+00
3.523046092184368483e+00
3.535070140280561102e+00
3.547094188376753277e+00
3.559118236472945895e+00
3.571142284569138070e+00
3.583166332665330689e+00
3.595190380761522864e+00
3.607214428857715482e+00
3.619238476953907657e+00
3.631262525050100276e+00
3.643286573146292451e+00
3.655310621242485070e+00
3.667334669338677244e+00
3.679358717434869863e+00
3.691382765531062038e+00
3.703406813627254657e+00
3.715430861723446831e+00
3.727454909819639450e+00
3.739478957915831625e+00
3.751503006012023800e+00
3.763527054108216419e+00
3.775551102204408593e+00
3.787575150300601212e+00
3.799599198396793387e+00
3.811623246492986006e+00
3.823647294589178181e+00
3.835671342685370799e+00
3.847695390781562974e+00
3.859719438877755593e+00
3.871743486973947768e+00
3.883767535070140386e+00
3.895791583166332561e+00
3.907815631262525180e+00
3.919839679358717355e+00
3.931863727454909974e+00
3.943887775551102148e+00
3.955911823647294767e+00
3.967935871743486942e+00
3.979959919839679117e+00
3.991983967935871735e+00
4.004008016032064354e+00
4.016032064128256529e+00
4.028056112224448704e+00
4.040080160320640879e+00
4.052104208416833941e+00
4.064128256513026116e+00
4.076152304609218291e+00
4.088176352705410466e+00
4.100200400801603529e+00
4.112224448897795703e+00
4.124248496993987878e+00
4.136272545090180053e+00
4.148296593186373116e+00
4.160320641282565290e+00
4.172344689378757465e+00
4.184368737474949640e+00
4.196392785571141815e+00
4.208416833667334878e+00
4.220440881763527052e+00
4.232464929859719227e+00
4.244488977955911402e+00
4.256513026052104465e+00
4.268537074148296639e+00
4.280561122244488814e+00
4.292585170340680989e+00
4.304609218436874052e+00
4.316633266533066227e+00
4.328657314629258401e+00
4.340681362725450576e+00
4.352705410821643639e+00
4.364729458917835814e+00
4.376753507014027988e+00
4.388777555110220163e+00
4.400801603206412338e+00
4.412825651302605401e+00
4.424849699398797576e+00
4.436873747494989750e+00
4.448897795591181925e+00
4.460921843687374988e+00
4.472945891783567163e+00
4.484969939879759337e+00
4.496993987975951512e+00
4.509018036072144575e+00
4.521042084168336750e+00
4.533066132264528925e+00
4.545090180360721099e+00
4.557114228456914162e+00
4.569138276553106337e+00
4.581162324649298512e+00
4.593186372745490686e+00
4.605210420841683749e+00
4.617234468937875924e+00
4.629258517034068099e+00
4.641282565130260274e+00
4.653306613226452448e+00
4.665330661322645511e+00
4.677354709418837686e+00
4.689378757515029861e+00
4.701402805611222036e+00
4.713426853707415098e+00
4.725450901803607273e+00
4.737474949899799448e+00
4.749498997995991623e+00
4.761523046092184686e+00
4.773547094188376860e+00
4.785571142284569035e+00
4.797595190380761210e+00
4.809619238476954273e+00
4.821643286573146447e+00
4.833667334669338622e+00
4.845691382765530797e+00
4.857715430861722972e+00
4.869739478957916035e+00
4.881763527054108209e+00
4.893787575150300384e+00
4.905811623246492559e+00
4.917835671342685622e+00
4.929859719438877796e+00
4.941883767535069971e+00
4.953907815631262146e+00
4.965931863727455209e+00
4.977955911823647384e+00
4.989979959919839558e+00
5.002004008016031733e+00
5.014028056112224796e+00
5.026052104208416971e+00
5.038076152304609145e+00
5.050100200400801320e+00
5.062124248496993495e+00
5.074148296593186558e+00
5.086172344689378733e+00
5.098196392785570907e+00
5.110220440881763082e+00
5.122244488977956145e+00
5.134268537074148320e+00
5.146292585170340494e+00
5.158316633266532669e+00
5.170340681362725732e+00
5.182364729458917907e+00
5.194388777555110082e+00
5.206412825651302256e+00
5.218436873747495319e+00
5.230460921843687494e+00
5.242484969939879669e+00
5.254509018036071843e+00
5.266533066132264906e+00
5.278557114228457081e+00
5.290581162324649256e+00
5.302605210420841431e+00
5.314629258517033605e+00
5.326653306613226668e+00
5.338677354709418843e+00
5.350701402805611018e+00
5.362725450901803192e+00
5.374749498997996255e+00
5.386773547094188430e+00
5.398797595190380605e+00
5.410821643286572780e+00
5.422845691382765843e+00
5.434869739478958017e+00
5.446893787575150192e+00
5.458917835671342367e+00
5.470941883767535430e+00
5.482965931863727604e+00
5.494989979959919779e+00
5.507014028056111954e+00
5.519038076152304129e+00
5.531062124248497192e+00
5.543086172344689366e+00
5.555110220440881541e+00
5.567134268537073716e+00
5.579158316633266779e+00
5.591182364729458953e+00
5.603206412825651128e+00
5.615230460921843303e+00
5.627254509018036366e+00
5.639278557114228541e+00
5.651302605210420715e+00
5.663326653306612890e+00
5.675350701402805953e+00
5.687374749498998128e+00
5.699398797595190302e+00
5.711422845691382477e+00
5.723446893787574652e+00
5.735470941883767715e+00
5.747494989979959890e+00
5.759519038076152064e+00
5.771543086172344239e+00
5.783567134268537302e+00
5.795591182364729477e+00
5.807615230460921651e+00
5.819639278557113826e+00
5.831663326653306889e+00
5.843687374749499064e+00
5.855711422845691239e+00
5.867735470941883413e+00
5.879759519038076476e+00
5.891783567134268651e+00
5.903807615230460826e+00
5.915831663326653000e+00
5.927855711422846063e+00
5.939879759519038238e+00
5.951903807615230413e+00
5.963927855711422588e+00
5.975951903807614762e+00
5.987975951903807825e+00
6.000000000000000000e+00
