# tt
1.084421508789062500e+03
1.017385070800781250e+03
9.533742675781250000e+02
9.042135620117187500e+02
8.691378173828125000e+02
8.455133056640625000e+02
8.300859985351562500e+02
8.209650878906250000e+02
8.167446289062500000e+02
8.159270629882812500e+02
8.186546020507812500e+02
8.235516967773437500e+02
8.291839599609375000e+02
8.359874267578125000e+02
8.446447143554687500e+02
8.549552612304687500e+02
8.664710083007812500e+02
8.786383666992187500e+02
8.910151367187500000e+02
9.037083129882812500e+02
9.169027099609375000e+02
9.305440063476562500e+02
9.445294799804687500e+02
9.588026733398437500e+02
9.733359985351562500e+02
9.881716918945312500e+02
1.003345397949218750e+03
1.018798278808593750e+03
1.034469604492187500e+03
1.050386352539062500e+03
1.066584106445312500e+03
1.083043334960937500e+03
1.099718261718750000e+03
1.116510131835937500e+03
1.133360351562500000e+03
1.150423706054687500e+03
1.167852783203125000e+03
1.185579589843750000e+03
1.203480102539062500e+03
1.221457885742187500e+03
1.239525024414062500e+03
1.257720581054687500e+03
1.276083618164062500e+03
1.294653198242187500e+03
1.313458862304687500e+03
1.332490844726562500e+03
1.351729614257812500e+03
1.371155883789062500e+03
1.390750366210937500e+03
1.410499267578125000e+03
1.430411132812500000e+03
1.450500488281250000e+03
1.470781738281250000e+03
1.491269042968750000e+03
1.511973876953125000e+03
1.532894042968750000e+03
1.554024536132812500e+03
1.575360351562500000e+03
1.596896362304687500e+03
1.618629638671875000e+03
1.640566528320312500e+03
1.662715454101562500e+03
1.685084594726562500e+03
1.707682739257812500e+03
1.730515747070312500e+03
1.753580322265625000e+03
1.776870727539062500e+03
1.800381347656250000e+03
1.824106079101562500e+03
1.848042724609375000e+03
1.872201782226562500e+03
1.896596679687500000e+03
1.921241699218750000e+03
1.946150024414062500e+03
1.971332153320312500e+03
1.996785400390625000e+03
2.022503295898437500e+03
2.048479492187500000e+03
2.074707275390625000e+03
2.101181396484375000e+03
2.127897705078125000e+03
2.154853271484375000e+03
2.182044921875000000e+03
2.209469482421875000e+03
2.237123535156250000e+03
2.265005371093750000e+03
2.293111816406250000e+03
2.321440673828125000e+03
2.349989746093750000e+03
2.378756591796875000e+03
2.407738525390625000e+03
2.436933349609375000e+03
2.466338134765625000e+03
2.495950927734375000e+03
2.525768798828125000e+03
2.555789306640625000e+03
2.586010009765625000e+03
2.616428710937500000e+03
2.647042480468750000e+03
2.677848876953125000e+03
2.708845703125000000e+03
2.740030273437500000e+03
2.771399902343750000e+03
2.802952636718750000e+03
2.834685546875000000e+03
2.866595947265625000e+03
2.898681640625000000e+03
2.930940429687500000e+03
2.963369384765625000e+03
2.995964599609375000e+03
3.028718505859375000e+03
3.061621093750000000e+03
3.094662841796875000e+03
3.127834472656250000e+03
3.161126464843750000e+03
3.194529296875000000e+03
3.228033203125000000e+03
3.261628906250000000e+03
3.295306884765625000e+03
3.329057861328125000e+03
3.362872070312500000e+03
3.396739746093750000e+03
3.430652099609375000e+03
3.464599121093750000e+03
3.498571289062500000e+03
3.532559570312500000e+03
3.566553955078125000e+03
3.600545166015625000e+03
3.634523925781250000e+03
3.668480468750000000e+03
3.702407226562500000e+03
3.736296142578125000e+03
3.770139160156250000e+03
3.803928466796875000e+03
3.837656982421875000e+03
3.871315917968750000e+03
3.904898437500000000e+03
3.938395751953125000e+03
3.971800781250000000e+03
4.005104980468750000e+03
4.038301269531250000e+03
4.071381591796875000e+03
4.104337890625000000e+03
4.137162109375000000e+03
4.169847656250000000e+03
4.202384765625000000e+03
4.234767578125000000e+03
4.266987304687500000e+03
4.299035644531250000e+03
4.330905273437500000e+03
4.362587402343750000e+03
4.394072265625000000e+03
4.425350097656250000e+03
4.456412109375000000e+03
4.487249023437500000e+03
4.517851562500000000e+03
4.548209960937500000e+03
4.578315917968750000e+03
4.608158691406250000e+03
4.637730468750000000e+03
4.667020507812500000e+03
4.696020507812500000e+03
4.724721191406250000e+03
4.753112304687500000e+03
4.781185058593750000e+03
4.808931152343750000e+03
4.836339355468750000e+03
4.863401855468750000e+03
4.890108886718750000e+03
4.916451171875000000e+03
4.942418945312500000e+03
4.968003417968750000e+03
4.993194824218750000e+03
5.017984863281250000e+03
5.042363769531250000e+03
5.066322753906250000e+03
5.089854980468750000e+03
5.112951171875000000e+03
5.135604980468750000e+03
5.157807128906250000e+03
5.179550292968750000e+03
5.200826660156250000e+03
5.221627441406250000e+03
5.241944824218750000e+03
5.261771972656250000e+03
5.281099609375000000e+03
5.299920410156250000e+03
5.318226562500000000e+03
5.336009277343750000e+03
5.353261230468750000e+03
5.369974609375000000e+03
5.386141113281250000e+03
5.401752441406250000e+03
5.416801757812500000e+03
5.431279785156250000e+03
5.445179199218750000e+03
5.458492187500000000e+03
5.471210449218750000e+03
5.483326171875000000e+03
5.494832519531250000e+03
5.505729492187500000e+03
5.516017578125000000e+03
5.525697265625000000e+03
5.534769531250000000e+03
5.543235351562500000e+03
5.551095703125000000e+03
5.558350585937500000e+03
5.565001464843750000e+03
5.571048828125000000e+03
5.576493652343750000e+03
5.581336914062500000e+03
5.585579101562500000e+03
5.589220703125000000e+03
5.592263671875000000e+03
5.594707519531250000e+03
5.596553222656250000e+03
5.597802246093750000e+03
5.598455566406250000e+03
5.598512695312500000e+03
5.597975585937500000e+03
5.596844726562500000e+03
5.595120605468750000e+03
5.592804199218750000e+03
5.589896484375000000e+03
5.586397949218750000e+03
5.582309570312500000e+03
5.577632812500000000e+03
5.572367187500000000e+03
5.566514160156250000e+03
5.560074218750000000e+03
5.553048828125000000e+03
5.545437988281250000e+03
5.537243164062500000e+03
5.528464843750000000e+03
5.519104003906250000e+03
5.509160644531250000e+03
5.498636718750000000e+03
5.487532714843750000e+03
5.475848632812500000e+03
5.463585937500000000e+03
5.450745605468750000e+03
5.437327636718750000e+03
5.423333984375000000e+03
5.408764648437500000e+03
5.393620117187500000e+03
5.377902343750000000e+03
5.361611328125000000e+03
5.344747558593750000e+03
5.327312500000000000e+03
5.309308105468750000e+03
5.290743164062500000e+03
5.271627441406250000e+03
5.251971191406250000e+03
5.231784667968750000e+03
5.211078125000000000e+03
5.189860839843750000e+03
5.168143554687500000e+03
5.145936035156250000e+03
5.123248535156250000e+03
5.100090332031250000e+03
5.076473144531250000e+03
5.052405761718750000e+03
5.027898437500000000e+03
5.002961425781250000e+03
4.977604980468750000e+03
4.951838867187500000e+03
4.925673339843750000e+03
4.899118652343750000e+03
4.872184082031250000e+03
4.844880859375000000e+03
4.817217773437500000e+03
4.789206054687500000e+03
4.760855468750000000e+03
4.732175292968750000e+03
4.703176757812500000e+03
4.673869628906250000e+03
4.644263183593750000e+03
4.614368652343750000e+03
4.584195312500000000e+03
4.553753417968750000e+03
4.523052734375000000e+03
4.492104492187500000e+03
4.460916992187500000e+03
4.429501953125000000e+03
4.397868652343750000e+03
4.366027832031250000e+03
4.333988281250000000e+03
4.301760742187500000e+03
4.269355957031250000e+03
4.236782714843750000e+03
4.204052246093750000e+03
4.171174316406250000e+03
4.138158691406250000e+03
4.105015625000000000e+03
4.071755371093750000e+03
4.038387451171875000e+03
4.004922363281250000e+03
3.971370117187500000e+03
3.937741210937500000e+03
3.904044433593750000e+03
3.870290039062500000e+03
3.836487060546875000e+03
3.802644531250000000e+03
3.768771240234375000e+03
3.734876220703125000e+03
3.700969238281250000e+03
3.667059326171875000e+03
3.633154785156250000e+03
3.599265625000000000e+03
3.565400634765625000e+03
3.531569091796875000e+03
3.497779785156250000e+03
3.464041748046875000e+03
3.430364746093750000e+03
3.396757080078125000e+03
3.363228515625000000e+03
3.329787841796875000e+03
3.296444335937500000e+03
3.263207275390625000e+03
3.230085205078125000e+03
3.197087646484375000e+03
3.164223876953125000e+03
3.131502441406250000e+03
3.098933105468750000e+03
3.066524658203125000e+03
3.034286132812500000e+03
3.002226806640625000e+03
2.970355712890625000e+03
2.938682373046875000e+03
2.907215087890625000e+03
2.875963623046875000e+03
2.844937011718750000e+03
2.814144042968750000e+03
2.783593994140625000e+03
2.753296142578125000e+03
2.723259521484375000e+03
2.693493408203125000e+03
2.664006591796875000e+03
2.634808349609375000e+03
2.605907958984375000e+03
2.577313964843750000e+03
2.549036132812500000e+03
2.521083496093750000e+03
2.493464843750000000e+03
2.466189208984375000e+03
2.439266113281250000e+03
2.412704833984375000e+03
2.386513916015625000e+03
2.360702880859375000e+03
2.335279052734375000e+03
2.310245117187500000e+03
2.285602050781250000e+03
2.261350830078125000e+03
2.237492187500000000e+03
2.214027099609375000e+03
2.190956787109375000e+03
2.168281982421875000e+03
2.146003417968750000e+03
2.124122558593750000e+03
2.102639892578125000e+03
2.081556884765625000e+03
2.060874023437500000e+03
2.040592651367187500e+03
2.020713256835937500e+03
2.001237182617187500e+03
1.982165283203125000e+03
1.963498413085937500e+03
1.945237670898437500e+03
1.927383911132812500e+03
1.909938232421875000e+03
1.892901489257812500e+03
1.876274414062500000e+03
1.860058593750000000e+03
1.844254028320312500e+03
1.828862548828125000e+03
1.813884765625000000e+03
1.799321777343750000e+03
1.785174194335937500e+03
1.771443359375000000e+03
1.758129882812500000e+03
1.745234985351562500e+03
1.732759521484375000e+03
1.720704589843750000e+03
1.709070922851562500e+03
1.697859619140625000e+03
1.687071533203125000e+03
1.676707763671875000e+03
1.666769042968750000e+03
1.657256591796875000e+03
1.648171142578125000e+03
1.639513793945312500e+03
1.631285522460937500e+03
1.623487182617187500e+03
1.616119750976562500e+03
1.609184204101562500e+03
1.602681518554687500e+03
1.596612670898437500e+03
1.590978515625000000e+03
1.585780029296875000e+03
1.581016967773437500e+03
1.576684570312500000e+03
1.572776367187500000e+03
1.569286376953125000e+03
1.566208496093750000e+03
1.563536254882812500e+03
1.561263916015625000e+03
1.559384887695312500e+03
1.557893432617187500e+03
1.556783081054687500e+03
1.556047729492187500e+03
1.555681274414062500e+03
1.555677368164062500e+03
1.556030151367187500e+03
1.556733276367187500e+03
1.557780639648437500e+03
1.559166137695312500e+03
1.560883422851562500e+03
1.562926269531250000e+03
1.565288818359375000e+03
1.567964965820312500e+03
1.570948120117187500e+03
1.574232299804687500e+03
1.577811401367187500e+03
1.581679321289062500e+03
1.585829711914062500e+03
1.590256713867187500e+03
1.594953857421875000e+03
1.599914916992187500e+03
1.605134155273437500e+03
1.610604980468750000e+03
1.616321411132812500e+03
1.622277343750000000e+03
1.628466552734375000e+03
1.634882934570312500e+03
1.641520141601562500e+03
1.648372192382812500e+03
1.655432739257812500e+03
1.662695800781250000e+03
1.670155273437500000e+03
1.677804687500000000e+03
1.685638183593750000e+03
1.693649414062500000e+03
1.701832275390625000e+03
1.710180664062500000e+03
1.718688354492187500e+03
1.727349121093750000e+03
1.736156982421875000e+03
1.745105468750000000e+03
1.754188720703125000e+03
1.763400512695312500e+03
1.772734130859375000e+03
1.782183471679687500e+03
1.791742065429687500e+03
1.801403320312500000e+03
1.811161010742187500e+03
1.821008422851562500e+03
1.830939086914062500e+03
1.840947021484375000e+03
1.851025390625000000e+03
1.861167724609375000e+03
1.871367919921875000e+03
1.881619384765625000e+03
1.891915405273437500e+03
1.902250000000000000e+03
1.912616333007812500e+03
1.923008178710937500e+03
1.933419067382812500e+03
1.943842651367187500e+03
1.954272216796875000e+03
1.964701782226562500e+03
1.975124145507812500e+03
1.985533813476562500e+03
1.995923706054687500e+03
2.006287597656250000e+03
2.016618896484375000e+03
2.026911376953125000e+03
2.037158569335937500e+03
2.047353637695312500e+03
2.057490966796875000e+03
2.067563232421875000e+03
2.077564697265625000e+03
2.087488281250000000e+03
2.097328125000000000e+03
2.107077392578125000e+03
2.116729736328125000e+03
2.126279052734375000e+03
2.135718505859375000e+03
2.145041748046875000e+03
2.154242431640625000e+03
2.163313964843750000e+03
2.172250000000000000e+03
2.181044189453125000e+03
2.189690185546875000e+03
2.198180908203125000e+03
2.206510742187500000e+03
2.214672851562500000e+03
2.222660644531250000e+03
2.230468017578125000e+03
2.238088378906250000e+03
2.245516113281250000e+03
2.252750000000000000e+03
2.259789794921875000e+03
2.266634277343750000e+03
2.273283691406250000e+03
2.279737304687500000e+03
2.285994140625000000e+03
2.292054687500000000e+03
2.297917480468750000e+03
2.303583007812500000e+03
2.309050048828125000e+03
2.314318115234375000e+03
2.319387207031250000e+03
2.324256347656250000e+03
2.328925537109375000e+03
2.333394042968750000e+03
2.337661621093750000e+03
2.341727294921875000e+03
2.345590820312500000e+03
2.349251953125000000e+03
2.352709960937500000e+03
2.355964355468750000e+03
2.359014648437500000e+03
2.361860595703125000e+03
2.364501708984375000e+03
2.366937011718750000e+03
2.369166503906250000e+03
2.371189453125000000e+03
2.373005615234375000e+03
2.374614257812500000e+03
2.376015136718750000e+03
2.377207763671875000e+03
2.378191406250000000e+03
2.378965576171875000e+03
2.379530273437500000e+03
2.379884521484375000e+03
2.380028076171875000e+03
2.379960205078125000e+03
2.379680664062500000e+03
2.379188964843750000e+03
2.378484619140625000e+03
2.377567138671875000e+03
2.376436035156250000e+03
2.375090820312500000e+03
2.373530761718750000e+03
2.371755615234375000e+03
2.369765136718750000e+03
2.367558349609375000e+03
2.365135253906250000e+03
2.362495117187500000e+03
2.359637939453125000e+03
2.356567871093750000e+03
2.353288574218750000e+03
2.349804687500000000e+03
2.346120361328125000e+03
2.342239990234375000e+03
2.338167480468750000e+03
2.333907470703125000e+03
2.329463867187500000e+03
2.324841308593750000e+03
2.320043701171875000e+03
2.315075683593750000e+03
2.309941162109375000e+03
2.304644531250000000e+03
2.299189941406250000e+03
2.293582031250000000e+03
2.287824707031250000e+03
2.281922363281250000e+03
2.275879150390625000e+03
2.269699462890625000e+03
2.263387695312500000e+03
2.256947509765625000e+03
2.250384033203125000e+03
2.243700927734375000e+03
2.236902587890625000e+03
2.229993164062500000e+03
2.222977294921875000e+03
2.215858886718750000e+03
2.208642089843750000e+03
2.201331787109375000e+03
2.193931396484375000e+03
2.186446044921875000e+03
2.178879394531250000e+03
2.171235839843750000e+03
2.163519775390625000e+03
2.155735351562500000e+03
2.147886962890625000e+03
2.139978759765625000e+03
2.132014892578125000e+03
2.124000000000000000e+03
2.115937500000000000e+03
2.107832763671875000e+03
2.099689453125000000e+03
2.091511718750000000e+03
2.083304199218750000e+03
2.075071044921875000e+03
2.066816162109375000e+03
2.058544189453125000e+03
2.050259277343750000e+03
2.041965698242187500e+03
2.033667846679687500e+03
2.025369262695312500e+03
2.017074340820312500e+03
2.008786621093750000e+03
2.000510009765625000e+03
1.992248413085937500e+03
1.984006103515625000e+03
1.975786865234375000e+03
1.967594238281250000e+03
1.959432373046875000e+03
1.951305297851562500e+03
1.943216796875000000e+03
1.935170654296875000e+03
1.927171020507812500e+03
1.919221557617187500e+03
1.911326416015625000e+03
1.903489379882812500e+03
1.895714355468750000e+03
1.888005249023437500e+03
1.880365966796875000e+03
1.872800292968750000e+03
1.865312255859375000e+03
1.857906127929687500e+03
1.850585083007812500e+03
1.843353637695312500e+03
1.836215087890625000e+03
1.829174194335937500e+03
1.822234130859375000e+03
1.815399047851562500e+03
1.808672973632812500e+03
1.802059570312500000e+03
1.795562988281250000e+03
1.789187011718750000e+03
1.782935424804687500e+03
1.776812377929687500e+03
1.770821777343750000e+03
1.764967407226562500e+03
1.759253173828125000e+03
1.753682861328125000e+03
1.748260620117187500e+03
1.742990112304687500e+03
1.737875488281250000e+03
1.732920654296875000e+03
1.728129272460937500e+03
1.723505493164062500e+03
1.719053100585937500e+03
1.714776000976562500e+03
1.710677978515625000e+03
1.706763305664062500e+03
1.703035522460937500e+03
1.699498168945312500e+03
1.696151000976562500e+03
1.692993896484375000e+03
1.690026000976562500e+03
1.687247070312500000e+03
1.684656372070312500e+03
1.682253417968750000e+03
1.680037841796875000e+03
1.678008911132812500e+03
1.676166137695312500e+03
1.674509155273437500e+03
1.673037231445312500e+03
1.671750000000000000e+03
1.670646850585937500e+03
1.669727294921875000e+03
1.668990722656250000e+03
1.668436645507812500e+03
1.668064575195312500e+03
1.667874023437500000e+03
1.667864379882812500e+03
1.668035156250000000e+03
1.668385864257812500e+03
1.668915893554687500e+03
1.669624755859375000e+03
1.670511840820312500e+03
1.671576782226562500e+03
1.672818969726562500e+03
1.674237915039062500e+03
1.675833007812500000e+03
1.677603759765625000e+03
1.679549682617187500e+03
1.681670288085937500e+03
1.683964843750000000e+03
1.686433105468750000e+03
1.689074340820312500e+03
1.691888183593750000e+03
1.694873901367187500e+03
1.698031005859375000e+03
1.701359252929687500e+03
1.704857788085937500e+03
1.708526123046875000e+03
1.712364013671875000e+03
1.716370605468750000e+03
1.720545410156250000e+03
1.724888183593750000e+03
1.729397949218750000e+03
1.734074584960937500e+03
1.738917480468750000e+03
1.743925903320312500e+03
1.749099609375000000e+03
1.754437255859375000e+03
1.759935668945312500e+03
1.765590332031250000e+03
1.771397583007812500e+03
1.777353149414062500e+03
1.783453369140625000e+03
1.789693969726562500e+03
1.796070800781250000e+03
1.802579956054687500e+03
1.809217285156250000e+03
1.815978881835937500e+03
1.822860595703125000e+03
1.829858520507812500e+03
1.836968383789062500e+03
1.844186401367187500e+03
1.851508422851562500e+03
1.858930541992187500e+03
1.866448486328125000e+03
1.874058227539062500e+03
1.881755859375000000e+03
1.889537475585937500e+03
1.897398681640625000e+03
1.905335571289062500e+03
1.913344116210937500e+03
1.921420532226562500e+03
1.929560546875000000e+03
1.937760009765625000e+03
1.946014892578125000e+03
1.954321411132812500e+03
1.962675292968750000e+03
1.971072509765625000e+03
1.979509399414062500e+03
1.987981323242187500e+03
1.996484741210937500e+03
2.005015258789062500e+03
2.013568969726562500e+03
2.022141723632812500e+03
2.030729980468750000e+03
2.039328979492187500e+03
2.047935058593750000e+03
2.056544433593750000e+03
2.065152343750000000e+03
2.073755371093750000e+03
2.082349365234375000e+03
2.090930175781250000e+03
2.099493652343750000e+03
2.108035888671875000e+03
2.116552978515625000e+03
2.125040771484375000e+03
2.133495117187500000e+03
2.141912353515625000e+03
2.150288574218750000e+03
2.158620849609375000e+03
2.166905517578125000e+03
2.175139648437500000e+03
2.183319580078125000e+03
2.191441894531250000e+03
2.199503417968750000e+03
2.207500976562500000e+03
2.215430908203125000e+03
2.223290039062500000e+03
2.231074707031250000e+03
2.238782226562500000e+03
2.246408447265625000e+03
2.253950683593750000e+03
2.261405273437500000e+03
2.268768798828125000e+03
2.276038330078125000e+03
2.283210205078125000e+03
2.290280761718750000e+03
2.297247558593750000e+03
2.304106201171875000e+03
2.310854003906250000e+03
2.317487548828125000e+03
2.324003417968750000e+03
2.330398193359375000e+03
2.336668457031250000e+03
2.342811035156250000e+03
2.348822509765625000e+03
2.354699707031250000e+03
2.360438964843750000e+03
2.366037353515625000e+03
2.371491210937500000e+03
2.376797119140625000e+03
2.381951904296875000e+03
2.386952392578125000e+03
2.391794921875000000e+03
2.396476318359375000e+03
2.400992919921875000e+03
2.405341796875000000e+03
2.409519775390625000e+03
2.413522705078125000e+03
2.417347900390625000e+03
2.420992187500000000e+03
2.424451416015625000e+03
2.427722656250000000e+03
2.430802978515625000e+03
2.433688476562500000e+03
2.436375976562500000e+03
2.438862060546875000e+03
2.441144042968750000e+03
2.443221923828125000e+03
2.445095703125000000e+03
2.446766357421875000e+03
2.448233398437500000e+03
2.449497558593750000e+03
2.450559570312500000e+03
2.451419433593750000e+03
2.452077880859375000e+03
2.452534667968750000e+03
2.452791015625000000e+03
2.452846435546875000e+03
2.452701904296875000e+03
2.452357421875000000e+03
2.451813476562500000e+03
2.451070800781250000e+03
2.450129150390625000e+03
2.448989501953125000e+03
2.447651855468750000e+03
2.446116699218750000e+03
2.444384521484375000e+03
2.442455322265625000e+03
2.440329833984375000e+03
2.438008544921875000e+03
2.435491455078125000e+03
2.432778808593750000e+03
2.429871826171875000e+03
2.426769775390625000e+03
2.423474121093750000e+03
2.419984619140625000e+03
2.416301513671875000e+03
2.412425537109375000e+03
2.408356933593750000e+03
2.404096191406250000e+03
2.399643310546875000e+03
2.394999023437500000e+03
2.390163818359375000e+03
2.385137939453125000e+03
2.379921142578125000e+03
2.374514892578125000e+03
2.368918945312500000e+03
2.363133789062500000e+03
2.357159667968750000e+03
2.350997070312500000e+03
2.344646484375000000e+03
2.338108154296875000e+03
2.331382324218750000e+03
2.324469726562500000e+03
2.317370361328125000e+03
2.310084960937500000e+03
2.302614013671875000e+03
2.294960937500000000e+03
2.287128906250000000e+03
2.279121582031250000e+03
2.270942626953125000e+03
2.262594970703125000e+03
2.254083007812500000e+03
2.245409423828125000e+03
2.236578125000000000e+03
2.227592529296875000e+03
2.218456054687500000e+03
2.209172363281250000e+03
2.199744873046875000e+03
2.190177246093750000e+03
2.180472656250000000e+03
2.170634765625000000e+03
2.160667480468750000e+03
2.150573730468750000e+03
2.140357177734375000e+03
2.130021484375000000e+03
2.119570068359375000e+03
2.109006103515625000e+03
2.098333740234375000e+03
2.087556152343750000e+03
2.076676757812500000e+03
2.065699218750000000e+03
2.054626953125000000e+03
2.043463500976562500e+03
2.032212280273437500e+03
2.020876953125000000e+03
2.009461059570312500e+03
1.997967651367187500e+03
1.986401000976562500e+03
1.974763916015625000e+03
1.963060180664062500e+03
1.951293090820312500e+03
1.939466674804687500e+03
1.927583984375000000e+03
1.915648681640625000e+03
1.903664184570312500e+03
1.891634277343750000e+03
1.879562011718750000e+03
1.867451171875000000e+03
1.855305175781250000e+03
1.843127685546875000e+03
1.830921997070312500e+03
1.818691772460937500e+03
1.806440429687500000e+03
1.794171386718750000e+03
1.781888549804687500e+03
1.769594726562500000e+03
1.757293457031250000e+03
1.744987792968750000e+03
1.732680541992187500e+03
1.720375000000000000e+03
1.708073974609375000e+03
1.695780639648437500e+03
1.683497802734375000e+03
1.671228881835937500e+03
1.658976684570312500e+03
1.646744262695312500e+03
1.634534545898437500e+03
1.622350952148437500e+03
1.610196044921875000e+03
1.598073242187500000e+03
1.585985229492187500e+03
1.573935302734375000e+03
1.561926513671875000e+03
1.549961791992187500e+03
1.538044189453125000e+03
1.526176757812500000e+03
1.514362426757812500e+03
1.502604492187500000e+03
1.490905761718750000e+03
1.479269409179687500e+03
1.467698364257812500e+03
1.456195678710937500e+03
1.444764404296875000e+03
1.433407714843750000e+03
1.422128417968750000e+03
1.410929687500000000e+03
1.399814575195312500e+03
1.388786010742187500e+03
1.377847045898437500e+03
1.367000854492187500e+03
1.356250366210937500e+03
1.345598632812500000e+03
1.335048706054687500e+03
1.324603759765625000e+03
1.314266601562500000e+03
1.304040283203125000e+03
1.293927978515625000e+03
1.283932495117187500e+03
1.274057250976562500e+03
1.264304931640625000e+03
1.254678833007812500e+03
1.245181884765625000e+03
1.235817016601562500e+03
1.226587280273437500e+03
1.217495849609375000e+03
1.208545410156250000e+03
1.199736206054687500e+03
1.191068725585937500e+03
1.182543090820312500e+03
1.174159301757812500e+03
1.165917968750000000e+03
1.157818725585937500e+03
1.149862182617187500e+03
1.142048217773437500e+03
1.134377197265625000e+03
1.126849243164062500e+03
1.119464477539062500e+03
1.112223266601562500e+03
1.105125488281250000e+03
1.098171508789062500e+03
1.091361572265625000e+03
1.084695678710937500e+03
1.078174072265625000e+03
1.071796997070312500e+03
1.065564697265625000e+03
1.059477050781250000e+03
1.053534423828125000e+03
1.047737060546875000e+03
1.042085083007812500e+03
1.036578613281250000e+03
1.031217773437500000e+03
1.026002929687500000e+03
1.020934143066406250e+03
1.016011596679687500e+03
1.011235595703125000e+03
1.006606079101562500e+03
1.002123352050781250e+03
9.977876586914062500e+02
9.935990600585937500e+02
9.895578002929687500e+02
9.856641235351562500e+02
9.819180297851562500e+02
9.783198242187500000e+02
9.748696289062500000e+02
9.715675659179687500e+02
9.684140625000000000e+02
9.654089965820312500e+02
9.625527343750000000e+02
9.598453369140625000e+02
9.572870483398437500e+02
9.548779907226562500e+02
9.526184692382812500e+02
9.505086059570312500e+02
9.485484619140625000e+02
9.467382812500000000e+02
9.450778808593750000e+02
9.435654296875000000e+02
9.421987915039062500e+02
9.409755859375000000e+02
9.398937988281250000e+02
9.389509887695312500e+02
9.381452026367187500e+02
9.374739990234375000e+02
9.369353027343750000e+02
9.365267944335937500e+02
9.362463989257812500e+02
9.360917358398437500e+02
9.360607910156250000e+02
9.361511230468750000e+02
9.363607788085937500e+02
9.366873779296875000e+02
9.371286621093750000e+02
9.376825561523437500e+02
9.383468017578125000e+02
9.391192016601562500e+02
9.399974365234375000e+02
9.409794311523437500e+02
9.420628662109375000e+02
9.432456665039062500e+02
9.445254516601562500e+02
9.459001464843750000e+02
9.473675537109375000e+02
9.489252929687500000e+02
9.505711669921875000e+02
9.523032226562500000e+02
9.541189575195312500e+02
9.560162963867187500e+02
9.579930419921875000e+02
9.600469360351562500e+02
9.621757812500000000e+02
9.643773193359375000e+02
9.666494140625000000e+02
9.689898071289062500e+02
9.713963012695312500e+02
9.738666992187500000e+02
9.763986816406250000e+02
9.789901733398437500e+02
9.816389770507812500e+02
9.843427734375000000e+02
9.870993652343750000e+02
9.899066162109375000e+02
9.927622070312500000e+02
9.956640014648437500e+02
9.986096801757812500e+02
1.001597290039062500e+03
1.004624267578125000e+03
1.007688720703125000e+03
1.010788024902343750e+03
1.013919982910156250e+03
1.017082458496093750e+03
1.020273010253906250e+03
1.023489379882812500e+03
1.026729248046875000e+03
1.029990478515625000e+03
1.033270751953125000e+03
1.036567626953125000e+03
1.039878906250000000e+03
1.043202392578125000e+03
1.046535766601562500e+03
1.049876586914062500e+03
1.053222656250000000e+03
1.056571899414062500e+03
1.059921752929687500e+03
1.063269897460937500e+03
1.066614379882812500e+03
1.069952758789062500e+03
1.073282592773437500e+03
1.076601684570312500e+03
1.079907836914062500e+03
1.083198730468750000e+03
1.086471923828125000e+03
1.089725341796875000e+03
1.092956542968750000e+03
1.096163574218750000e+03
1.099343627929687500e+03
1.102494750976562500e+03
1.105614746093750000e+03
1.108701049804687500e+03
1.111751464843750000e+03
1.114763793945312500e+03
1.117735717773437500e+03
1.120665039062500000e+03
1.123549316406250000e+03
1.126386352539062500e+03
1.129173706054687500e+03
1.131909301757812500e+03
1.134590820312500000e+03
1.137215820312500000e+03
1.139782226562500000e+03
1.142287597656250000e+03
1.144729736328125000e+03
1.147106323242187500e+03
1.149415039062500000e+03
1.151653686523437500e+03
1.153819946289062500e+03
1.155911865234375000e+03
1.157928710937500000e+03
1.159870239257812500e+03
1.161736206054687500e+03
1.163526245117187500e+03
1.165239990234375000e+03
1.166877197265625000e+03
1.168437622070312500e+03
1.169920776367187500e+03
1.171326538085937500e+03
1.172654418945312500e+03
1.173904174804687500e+03
1.175075683593750000e+03
1.176168334960937500e+03
1.177181884765625000e+03
1.178116088867187500e+03
1.178970703125000000e+03
1.179745483398437500e+03
1.180439819335937500e+03
1.181053466796875000e+03
1.181586425781250000e+03
1.182037963867187500e+03
1.182408081054687500e+03
1.182696289062500000e+03
1.182902465820312500e+03
1.183026123046875000e+03
1.183067016601562500e+03
1.183024780273437500e+03
1.182899169921875000e+03
1.182689819335937500e+03
1.182396606445312500e+03
1.182018798828125000e+03
1.181556518554687500e+03
1.181009277343750000e+03
1.180376831054687500e+03
1.179658569335937500e+03
1.178854736328125000e+03
1.177964599609375000e+03
1.176987792968750000e+03
1.175924438476562500e+03
1.174773803710937500e+03
1.173535644531250000e+03
1.172209838867187500e+03
1.170796020507812500e+03
1.169293701171875000e+03
1.167702880859375000e+03
1.166022949218750000e+03
1.164253662109375000e+03
1.162394775390625000e+03
1.160446166992187500e+03
1.158407348632812500e+03
1.156279907226562500e+03
1.154065063476562500e+03
1.151764404296875000e+03
1.149379272460937500e+03
1.146911376953125000e+03
1.144361938476562500e+03
1.141732666015625000e+03
1.139024658203125000e+03
1.136239746093750000e+03
1.133379028320312500e+03
1.130444335937500000e+03
1.127437011718750000e+03
1.124358276367187500e+03
1.121209960937500000e+03
1.117993286132812500e+03
1.114709838867187500e+03
1.111361083984375000e+03
1.107948242187500000e+03
1.104473144531250000e+03
1.100937011718750000e+03
1.097341430664062500e+03
1.093687866210937500e+03
1.089977661132812500e+03
1.086212280273437500e+03
1.082393310546875000e+03
1.078522216796875000e+03
1.074600341796875000e+03
1.070629272460937500e+03
1.066610351562500000e+03
1.062545043945312500e+03
1.058435058593750000e+03
1.054281494140625000e+03
1.050086059570312500e+03
1.045850219726562500e+03
1.041575317382812500e+03
1.037262817382812500e+03
1.032914306640625000e+03
1.028531250000000000e+03
1.024114868164062500e+03
1.019666931152343750e+03
1.015188720703125000e+03
1.010681762695312500e+03
1.006147583007812500e+03
1.001587524414062500e+03
9.970029907226562500e+02
9.923956909179687500e+02
9.877667846679687500e+02
9.831180419921875000e+02
9.784508056640625000e+02
9.737664794921875000e+02
9.690666503906250000e+02
9.643529052734375000e+02
9.596267700195312500e+02
9.548898315429687500e+02
9.501436157226562500e+02
9.453897705078125000e+02
9.406296997070312500e+02
9.358651123046875000e+02
9.310975952148437500e+02
9.263285522460937500e+02
9.215596313476562500e+02
9.167923583984375000e+02
9.120283203125000000e+02
9.072691040039062500e+02
9.025161743164062500e+02
8.977711791992187500e+02
8.930355834960937500e+02
8.883110961914062500e+02
8.835991210937500000e+02
8.789013671875000000e+02
8.742192993164062500e+02
8.695545654296875000e+02
8.649085083007812500e+02
8.602828979492187500e+02
8.556792602539062500e+02
8.510990600585937500e+02
8.465439453125000000e+02
8.420155029296875000e+02
8.375151977539062500e+02
8.330446777343750000e+02
8.286054077148437500e+02
8.241990356445312500e+02
8.198270263671875000e+02
8.154910888671875000e+02
8.111926269531250000e+02
8.069332885742187500e+02
8.027145996093750000e+02
7.985381469726562500e+02
7.944053955078125000e+02
7.903180541992187500e+02
7.862776489257812500e+02
7.822856445312500000e+02
7.783436889648437500e+02
7.744533081054687500e+02
7.706160278320312500e+02
7.668334960937500000e+02
7.631071777343750000e+02
7.594386596679687500e+02
7.558295898437500000e+02
7.522811889648437500e+02
7.487939453125000000e+02
7.453680419921875000e+02
7.420036621093750000e+02
7.387011108398437500e+02
7.354604492187500000e+02
7.322819213867187500e+02
7.291658325195312500e+02
7.261123657226562500e+02
7.231215820312500000e+02
7.201938476562500000e+02
7.173292846679687500e+02
7.145280761718750000e+02
7.117904663085937500e+02
7.091166992187500000e+02
7.065069580078125000e+02
7.039614257812500000e+02
7.014802856445312500e+02
6.990637207031250000e+02
6.967120971679687500e+02
6.944253540039062500e+02
6.922039794921875000e+02
6.900479736328125000e+02
6.879577026367187500e+02
6.859332275390625000e+02
6.839748535156250000e+02
6.820826416015625000e+02
6.802569580078125000e+02
6.784979248046875000e+02
6.768058471679687500e+02
6.751807250976562500e+02
6.736230468750000000e+02
6.721327514648437500e+02
6.707101440429687500e+02
6.693554687500000000e+02
6.680689086914062500e+02
6.668505859375000000e+02
6.657008666992187500e+02
6.646198730468750000e+02
6.636077270507812500e+02
6.626647949218750000e+02
6.617911376953125000e+02
6.609869995117187500e+02
6.602526855468750000e+02
6.595882568359375000e+02
6.589940185546875000e+02
6.584700927734375000e+02
6.580167846679687500e+02
6.576341552734375000e+02
6.573226318359375000e+02
6.570819702148437500e+02
6.569113769531250000e+02
6.568097534179687500e+02
6.567760009765625000e+02
6.568089599609375000e+02
6.569074707031250000e+02
6.570705566406250000e+02
6.572969360351562500e+02
6.575855712890625000e+02
6.579354248046875000e+02
6.583452758789062500e+02
6.588140869140625000e+02
6.593406982421875000e+02
6.599239501953125000e+02
6.605628051757812500e+02
6.612561645507812500e+02
6.620028076171875000e+02
6.628016967773437500e+02
6.636517333984375000e+02
6.645518188476562500e+02
6.655007324218750000e+02
6.664974365234375000e+02
6.675408325195312500e+02
6.686297607421875000e+02
6.697631225585937500e+02
6.709398193359375000e+02
6.721586914062500000e+02
6.734187011718750000e+02
6.747186279296875000e+02
6.760574340820312500e+02
6.774340209960937500e+02
6.788472290039062500e+02
6.802959594726562500e+02
6.817791137695312500e+02
6.832955932617187500e+02
6.848441772460937500e+02
6.864238281250000000e+02
6.880335083007812500e+02
6.896719360351562500e+02
6.913381347656250000e+02
6.930309448242187500e+02
6.947492675781250000e+02
6.964918823242187500e+02
6.982578125000000000e+02
7.000458984375000000e+02
7.018550415039062500e+02
7.036840820312500000e+02
7.055319213867187500e+02
7.073975219726562500e+02
7.092796020507812500e+02
7.111771850585937500e+02
7.130889892578125000e+02
7.150137939453125000e+02
7.169504394531250000e+02
7.188976440429687500e+02
7.208541259765625000e+02
7.228187255859375000e+02
7.247902221679687500e+02
7.267673950195312500e+02
7.287489624023437500e+02
7.307337646484375000e+02
7.327205200195312500e+02
7.347080688476562500e+02
7.366951293945312500e+02
7.386805419921875000e+02
7.406629028320312500e+02
7.426412353515625000e+02
7.446141357421875000e+02
7.465804443359375000e+02
7.485389404296875000e+02
7.504883422851562500e+02
7.524274902343750000e+02
7.543551635742187500e+02
7.562700805664062500e+02
7.581710205078125000e+02
7.600567626953125000e+02
7.619261474609375000e+02
7.637778930664062500e+02
7.656107177734375000e+02
7.674234619140625000e+02
7.692149658203125000e+02
7.709838867187500000e+02
7.727290039062500000e+02
7.744492187500000000e+02
7.761431274414062500e+02
7.778096923828125000e+02
7.794475097656250000e+02
7.810554199218750000e+02
7.826322631835937500e+02
7.841767578125000000e+02
7.856876220703125000e+02
7.871636962890625000e+02
7.886037597656250000e+02
7.900066528320312500e+02
7.913710327148437500e+02
7.926956176757812500e+02
7.939793701171875000e+02
7.952209472656250000e+02
7.964191284179687500e+02
7.975726928710937500e+02
7.986806030273437500e+02
7.997424316406250000e+02
8.007579345703125000e+02
8.017268676757812500e+02
8.026489868164062500e+02
8.035240478515625000e+02
8.043518066406250000e+02
8.051320190429687500e+02
8.058643188476562500e+02
8.065486450195312500e+02
8.071846923828125000e+02
8.077721557617187500e+02
8.083108520507812500e+02
8.088004760742187500e+02
8.092408447265625000e+02
8.096316528320312500e+02
8.099726562500000000e+02
8.102637329101562500e+02
8.105044555664062500e+02
8.106947021484375000e+02
8.108341064453125000e+02
8.109225463867187500e+02
8.109597167968750000e+02
8.109454345703125000e+02
8.108793334960937500e+02
8.107612304687500000e+02
8.105909423828125000e+02
8.103680419921875000e+02
8.100925292968750000e+02
8.097639770507812500e+02
8.093822021484375000e+02
8.089468994140625000e+02
8.084578857421875000e+02
8.079149169921875000e+02
8.073177490234375000e+02
8.066661376953125000e+02
8.059597167968750000e+02
8.051984252929687500e+02
8.043818359375000000e+02
8.035098266601562500e+02
8.025820922851562500e+02
8.015985107421875000e+02
8.005586547851562500e+02
7.994623413085937500e+02
7.983093872070312500e+02
7.970994873046875000e+02
7.958323974609375000e+02
7.945078735351562500e+02
7.931256713867187500e+02
7.916855468750000000e+02
7.901874389648437500e+02
7.886318969726562500e+02
7.870197753906250000e+02
7.853517456054687500e+02
7.836287231445312500e+02
7.818513793945312500e+02
7.800205078125000000e+02
7.781368408203125000e+02
7.762012329101562500e+02
7.742144165039062500e+02
7.721771240234375000e+02
7.700902099609375000e+02
7.679544067382812500e+02
7.657705078125000000e+02
7.635392456054687500e+02
7.612613525390625000e+02
7.589377441406250000e+02
7.565690917968750000e+02
7.541562500000000000e+02
7.516998901367187500e+02
7.492008666992187500e+02
7.466598510742187500e+02
7.440777587890625000e+02
7.414552001953125000e+02
7.387930908203125000e+02
7.360921630859375000e+02
7.333531494140625000e+02
7.305769042968750000e+02
7.277640991210937500e+02
7.249155883789062500e+02
7.220320434570312500e+02
7.191143798828125000e+02
7.161633300781250000e+02
7.131795043945312500e+02
7.101639404296875000e+02
7.071172485351562500e+02
7.040402221679687500e+02
7.009336547851562500e+02
6.977982788085937500e+02
6.946349487304687500e+02
6.914443969726562500e+02
6.882273559570312500e+02
6.849846191406250000e+02
6.817169799804687500e+02
6.784252929687500000e+02
6.751101684570312500e+02
6.717725219726562500e+02
6.684129638671875000e+02
6.650324096679687500e+02
6.616316528320312500e+02
6.582113647460937500e+02
6.547725219726562500e+02
6.513161621093750000e+02
6.478432006835937500e+02
6.443545532226562500e+02
6.408512573242187500e+02
6.373341674804687500e+02
6.338043823242187500e+02
6.302627563476562500e+02
6.267102661132812500e+02
6.231478881835937500e+02
6.195765991210937500e+02
6.159973144531250000e+02
6.124110717773437500e+02
6.088187255859375000e+02
6.052213745117187500e+02
6.016198730468750000e+02
5.980151367187500000e+02
5.944082641601562500e+02
5.908001098632812500e+02
5.871916503906250000e+02
5.835839233398437500e+02
5.799778442382812500e+02
5.763743286132812500e+02
5.727743530273437500e+02
5.691788940429687500e+02
5.655889282226562500e+02
5.620054321289062500e+02
5.584292602539062500e+02
5.548615112304687500e+02
5.513030395507812500e+02
5.477548828125000000e+02
5.442180175781250000e+02
5.406932373046875000e+02
5.371817016601562500e+02
5.336842041015625000e+02
5.302018432617187500e+02
5.267355346679687500e+02
5.232862548828125000e+02
5.198549194335937500e+02
5.164424438476562500e+02
5.130499267578125000e+02
5.096782226562500000e+02
5.063283386230468750e+02
5.030011901855468750e+02
4.996977539062500000e+02
4.964190368652343750e+02
4.931659545898437500e+02
4.899395141601562500e+02
4.867406005859375000e+02
4.835700988769531250e+02
4.804284973144531250e+02
4.773160095214843750e+02
4.742330322265625000e+02
4.711797790527343750e+02
4.681567077636718750e+02
4.651640625000000000e+02
4.622021484375000000e+02
4.592713317871093750e+02
4.563719177246093750e+02
4.535041503906250000e+02
4.506684570312500000e+02
4.478650817871093750e+02
4.450943603515625000e+02
4.423565979003906250e+02
4.396521301269531250e+02
4.369812927246093750e+02
4.343443908691406250e+02
4.317417297363281250e+02
4.291736145019531250e+02
4.266404113769531250e+02
4.241423645019531250e+02
4.216798706054687500e+02
4.192532043457031250e+02
4.168626708984375000e+02
4.145086059570312500e+02
4.121913452148437500e+02
4.099111938476562500e+02
4.076684570312500000e+02
4.054634704589843750e+02
4.032965087890625000e+02
4.011679382324218750e+02
3.990780639648437500e+02
3.970272216796875000e+02
3.950156860351562500e+02
3.930438232421875000e+02
3.911118774414062500e+02
3.892202453613281250e+02
3.873692321777343750e+02
3.855591125488281250e+02
3.837902221679687500e+02
3.820628967285156250e+02
3.803774108886718750e+02
3.787341308593750000e+02
3.771333923339843750e+02
3.755754089355468750e+02
3.740606384277343750e+02
3.725892944335937500e+02
3.711616821289062500e+02
3.697782287597656250e+02
3.684390258789062500e+02
3.671437988281250000e+02
3.658921203613281250e+02
3.646835021972656250e+02
3.635174865722656250e+02
3.623936767578125000e+02
3.613116149902343750e+02
3.602708435058593750e+02
3.592709045410156250e+02
3.583114013671875000e+02
3.573918457031250000e+02
3.565117797851562500e+02
3.556708068847656250e+02
3.548684387207031250e+02
3.541042785644531250e+02
3.533778076171875000e+02
3.526886596679687500e+02
3.520363464355468750e+02
3.514204101562500000e+02
3.508404541015625000e+02
3.502959899902343750e+02
3.497865600585937500e+02
3.493117980957031250e+02
3.488711547851562500e+02
3.484642639160156250e+02
3.480906372070312500e+02
3.477498779296875000e+02
3.474414672851562500e+02
3.471650085449218750e+02
3.469200744628906250e+02
3.467061767578125000e+02
3.465228576660156250e+02
3.463697509765625000e+02
3.462463378906250000e+02
3.461521911621093750e+02
3.460868835449218750e+02
3.460499267578125000e+02
3.460409240722656250e+02
3.460594177246093750e+02
3.461049499511718750e+02
3.461770935058593750e+02
3.462753906250000000e+02
3.463993835449218750e+02
3.465486145019531250e+02
3.467227172851562500e+02
3.469211730957031250e+02
3.471435546875000000e+02
3.473894042968750000e+02
3.476582946777343750e+02
3.479497985839843750e+02
3.482633972167968750e+02
3.485984802246093750e+02
3.489543762207031250e+02
3.493304443359375000e+02
3.497259826660156250e+02
3.501403503417968750e+02
3.505728759765625000e+02
3.510229187011718750e+02
3.514897766113281250e+02
3.519727478027343750e+02
3.524713134765625000e+02
3.529846496582031250e+02
3.535121765136718750e+02
3.540532531738281250e+02
3.546071166992187500e+02
3.551731872558593750e+02
3.557507629394531250e+02
3.563392028808593750e+02
3.569378356933593750e+02
3.575459899902343750e+02
3.581629943847656250e+02
3.587882080078125000e+02
3.594209289550781250e+02
3.600605468750000000e+02
3.607063293457031250e+02
3.613576354980468750e+02
3.620138549804687500e+02
3.626742553710937500e+02
3.633382263183593750e+02
3.640050659179687500e+02
3.646741027832031250e+02
3.653447265625000000e+02
3.660162048339843750e+02
3.666879272460937500e+02
3.673591918945312500e+02
3.680293273925781250e+02
3.686977233886718750e+02
3.693636779785156250e+02
3.700265197753906250e+02
3.706856079101562500e+02
3.713402709960937500e+02
3.719898376464843750e+02
3.726336364746093750e+02
3.732710266113281250e+02
3.739013061523437500e+02
3.745238647460937500e+02
3.751380004882812500e+02
3.757430419921875000e+02
3.763383483886718750e+02
3.769232177734375000e+02
3.774971313476562500e+02
3.780596618652343750e+02
3.786105651855468750e+02
3.791495666503906250e+02
3.796763916015625000e+02
3.801907348632812500e+02
3.806923828125000000e+02
3.811809692382812500e+02
3.816562805175781250e+02
3.821180419921875000e+02
3.825659179687500000e+02
3.829996948242187500e+02
3.834190673828125000e+02
3.838237609863281250e+02
3.842134704589843750e+02
3.845879821777343750e+02
3.849469604492187500e+02
3.852901611328125000e+02
3.856172790527343750e+02
3.859280700683593750e+02
3.862221984863281250e+02
3.864994812011718750e+02
3.867595520019531250e+02
3.870021972656250000e+02
3.872270812988281250e+02
3.874339904785156250e+02
3.876225891113281250e+02
3.877926025390625000e+02
3.879438171386718750e+02
3.880758666992187500e+02
3.881885681152343750e+02
3.882815551757812500e+02
3.883546142578125000e+02
3.884074401855468750e+02
3.884397583007812500e+02
3.884512939453125000e+02
3.884417724609375000e+02
3.884109191894531250e+02
3.883584289550781250e+02
3.882840576171875000e+02
3.881875000000000000e+02
3.880685119628906250e+02
3.879267883300781250e+02
3.877620849609375000e+02
3.875740661621093750e+02
3.873625183105468750e+02
3.871271057128906250e+02
3.868676147460937500e+02
3.865837097167968750e+02
3.862751159667968750e+02
3.859417114257812500e+02
3.855835571289062500e+02
3.852009887695312500e+02
3.847942199707031250e+02
3.843634948730468750e+02
3.839090576171875000e+02
3.834311523437500000e+02
3.829300537109375000e+02
3.824059753417968750e+02
3.818591918945312500e+02
3.812899169921875000e+02
3.806984558105468750e+02
3.800850219726562500e+02
3.794498596191406250e+02
3.787931823730468750e+02
3.781152954101562500e+02
3.774164733886718750e+02
3.766968688964843750e+02
3.759567871093750000e+02
3.751964721679687500e+02
3.744161682128906250e+02
3.736161193847656250e+02
3.727965698242187500e+02
3.719577941894531250e+02
3.711000061035156250e+02
3.702234497070312500e+02
3.693283996582031250e+02
3.684151000976562500e+02
3.674837951660156250e+02
3.665347290039062500e+02
3.655681457519531250e+02
3.645843200683593750e+02
3.635834350585937500e+02
3.625657958984375000e+02
3.615316467285156250e+02
3.604812316894531250e+02
3.594147644042968750e+02
3.583325500488281250e+02
3.572347717285156250e+02
3.561217346191406250e+02
3.549936523437500000e+02
3.538507995605468750e+02
3.526933898925781250e+02
3.515216674804687500e+02
3.503359375000000000e+02
3.491364135742187500e+02
3.479233398437500000e+02
3.466969604492187500e+02
3.454574890136718750e+02
3.442052612304687500e+02
3.429404907226562500e+02
3.416636047363281250e+02
3.403750305175781250e+02
3.390751647949218750e+02
3.377645263671875000e+02
3.364435119628906250e+02
3.351125488281250000e+02
3.337720336914062500e+02
3.324224853515625000e+02
3.310642700195312500e+02
3.296978759765625000e+02
3.283236999511718750e+02
3.269421691894531250e+02
3.255537719726562500e+02
3.241589050292968750e+02
3.227579956054687500e+02
3.213515014648437500e+02
3.199398498535156250e+02
3.185234680175781250e+02
3.171028137207031250e+02
3.156782836914062500e+02
3.142503356933593750e+02
3.128194274902343750e+02
3.113859558105468750e+02
3.099503784179687500e+02
3.085131530761718750e+02
3.070746154785156250e+02
3.056353149414062500e+02
3.041956481933593750e+02
3.027560424804687500e+02
3.013169250488281250e+02
2.998787536621093750e+02
2.984419555664062500e+02
2.970069580078125000e+02
2.955741882324218750e+02
2.941440734863281250e+02
2.927171020507812500e+02
2.912936706542968750e+02
2.898742370605468750e+02
2.884591979980468750e+02
2.870490112304687500e+02
2.856441345214843750e+02
2.842449645996093750e+02
2.828519287109375000e+02
2.814655151367187500e+02
2.800861206054687500e+02
2.787142028808593750e+02
2.773501586914062500e+02
2.759944458007812500e+02
2.746475219726562500e+02
2.733097534179687500e+02
2.719813842773437500e+02
2.706626281738281250e+02
2.693536682128906250e+02
2.680547180175781250e+02
2.667659606933593750e+02
2.654876098632812500e+02
2.642198791503906250e+02
2.629629211425781250e+02
2.617170104980468750e+02
2.604822692871093750e+02
2.592589416503906250e+02
2.580472106933593750e+02
2.568472900390625000e+02
2.556593780517578125e+02
2.544836578369140625e+02
2.533203277587890625e+02
2.521696319580078125e+02
2.510317230224609375e+02
2.499068145751953125e+02
2.487951049804687500e+02
2.476968231201171875e+02
2.466121368408203125e+02
2.455412292480468750e+02
2.444843292236328125e+02
2.434416656494140625e+02
2.424133605957031250e+02
2.413996887207031250e+02
2.404008026123046875e+02
2.394169464111328125e+02
2.384482727050781250e+02
2.374949951171875000e+02
2.365573272705078125e+02
2.356354522705078125e+02
2.347295989990234375e+02
2.338399200439453125e+02
2.329666748046875000e+02
2.321100158691406250e+02
2.312701721191406250e+02
2.304473266601562500e+02
2.296416625976562500e+02
2.288534240722656250e+02
2.280827789306640625e+02
2.273299407958984375e+02
2.265951080322265625e+02
2.258784484863281250e+02
2.251802368164062500e+02
2.245005950927734375e+02
2.238397521972656250e+02
2.231979522705078125e+02
2.225752563476562500e+02
2.219716033935546875e+02
2.213868255615234375e+02
2.208207550048828125e+02
2.202732391357421875e+02
2.197441101074218750e+02
2.192331695556640625e+02
2.187402954101562500e+02
2.182653198242187500e+02
2.178080749511718750e+02
2.173683929443359375e+02
2.169460906982421875e+02
2.165410308837890625e+02
2.161530303955078125e+02
2.157819519042968750e+02
2.154275970458984375e+02
2.150898284912109375e+02
2.147684631347656250e+02
2.144633483886718750e+02
2.141743316650390625e+02
2.139012145996093750e+02
2.136438751220703125e+02
2.134021148681640625e+02
2.131757965087890625e+02
2.129647216796875000e+02
2.127687683105468750e+02
2.125877227783203125e+02
2.124214782714843750e+02
2.122698211669921875e+02
2.121326293945312500e+02
2.120097045898437500e+02
2.119008789062500000e+02
2.118060150146484375e+02
2.117249450683593750e+02
2.116575012207031250e+02
2.116035156250000000e+02
2.115628204345703125e+02
2.115352478027343750e+02
2.115206604003906250e+02
2.115188598632812500e+02
2.115297088623046875e+02
2.115530242919921875e+02
2.115886535644531250e+02
2.116364288330078125e+02
2.116961975097656250e+02
2.117677764892578125e+02
2.118509979248046875e+02
2.119457244873046875e+02
2.120517730712890625e+02
2.121689758300781250e+02
2.122971649169921875e+02
2.124360198974609375e+02
2.125852508544921875e+02
2.127445373535156250e+02
2.129135284423828125e+02
2.130919342041015625e+02
2.132794494628906250e+02
2.134757385253906250e+02
2.136804962158203125e+02
2.138933868408203125e+02
2.141141052246093750e+02
2.143423309326171875e+02
2.145777435302734375e+02
2.148200378417968750e+02
2.150689086914062500e+02
2.153239898681640625e+02
2.155850219726562500e+02
2.158516387939453125e+02
2.161235504150390625e+02
2.164004364013671875e+02
2.166819763183593750e+02
2.169678497314453125e+02
2.172577667236328125e+02
2.175513763427734375e+02
2.178483428955078125e+02
2.181484222412109375e+02
2.184512329101562500e+02
2.187564697265625000e+02
2.190638275146484375e+02
2.193730010986328125e+02
2.196836547851562500e+02
2.199954833984375000e+02
2.203081359863281250e+02
2.206213378906250000e+02
2.209347381591796875e+02
2.212480621337890625e+02
2.215609588623046875e+02
2.218731231689453125e+02
2.221842041015625000e+02
2.224939422607421875e+02
2.228019866943359375e+02
2.231080474853515625e+02
2.234117584228515625e+02
2.237128295898437500e+02
2.240109558105468750e+02
2.243058166503906250e+02
2.245970764160156250e+02
2.248844146728515625e+02
2.251675415039062500e+02
2.254461212158203125e+02
2.257198638916015625e+02
2.259886016845703125e+02
2.262521362304687500e+02
2.265102844238281250e+02
2.267628936767578125e+02
2.270098114013671875e+02
2.272508392333984375e+02
2.274858398437500000e+02
2.277146301269531250e+02
2.279370269775390625e+02
2.281528778076171875e+02
2.283619842529296875e+02
2.285642242431640625e+02
2.287593841552734375e+02
2.289473114013671875e+02
2.291278381347656250e+02
2.293008117675781250e+02
2.294660491943359375e+02
2.296233367919921875e+02
2.297725830078125000e+02
2.299135589599609375e+02
2.300461578369140625e+02
2.301701507568359375e+02
2.302853698730468750e+02
2.303916625976562500e+02
2.304888916015625000e+02
2.305768280029296875e+02
2.306553344726562500e+02
2.307242431640625000e+02
2.307833862304687500e+02
2.308325805664062500e+02
2.308716735839843750e+02
2.309004669189453125e+02
2.309188232421875000e+02
2.309265594482421875e+02
2.309234924316406250e+02
2.309094696044921875e+02
2.308843231201171875e+02
2.308479003906250000e+02
2.307999877929687500e+02
2.307404327392578125e+02
2.306690979003906250e+02
2.305857696533203125e+02
2.304903106689453125e+02
2.303825073242187500e+02
2.302622375488281250e+02
2.301293334960937500e+02
2.299835815429687500e+02
2.298248443603515625e+02
2.296529693603515625e+02
2.294677734375000000e+02
2.292693481445312500e+02
2.290577850341796875e+02
2.288331451416015625e+02
2.285955505371093750e+02
2.283450775146484375e+02
2.280818176269531250e+02
2.278058471679687500e+02
2.275173034667968750e+02
2.272162170410156250e+02
2.269027099609375000e+02
2.265768890380859375e+02
2.262387847900390625e+02
2.258885650634765625e+02
2.255262451171875000e+02
2.251519927978515625e+02
2.247658386230468750e+02
2.243679046630859375e+02
2.239582519531250000e+02
2.235370025634765625e+02
2.231042327880859375e+02
2.226600341796875000e+02
2.222045135498046875e+02
2.217377166748046875e+02
2.212597961425781250e+02
2.207707977294921875e+02
2.202708129882812500e+02
2.197599487304687500e+02
2.192382965087890625e+02
2.187059326171875000e+02
2.181629638671875000e+02
2.176094512939453125e+02
2.170455322265625000e+02
2.164712677001953125e+02
2.158867492675781250e+02
2.152920837402343750e+02
2.146873321533203125e+02
2.140726013183593750e+02
2.134479980468750000e+02
2.128135833740234375e+02
2.121694641113281250e+02
2.115157318115234375e+02
2.108524780273437500e+02
2.101797790527343750e+02
2.094977569580078125e+02
2.088064575195312500e+02
2.081060028076171875e+02
2.073964691162109375e+02
2.066779632568359375e+02
2.059505615234375000e+02
2.052143707275390625e+02
2.044696350097656250e+02
2.037165069580078125e+02
2.029552764892578125e+02
2.021861114501953125e+02
2.014092712402343750e+02
2.006249694824218750e+02
1.998334197998046875e+02
1.990348510742187500e+02
1.982294921875000000e+02
1.974175567626953125e+02
1.965992736816406250e+02
1.957748718261718750e+02
1.949445495605468750e+02
1.941085662841796875e+02
1.932671051025390625e+02
1.924204254150390625e+02
1.915687255859375000e+02
1.907122192382812500e+02
1.898511810302734375e+02
1.889857788085937500e+02
1.881162414550781250e+02
1.872428283691406250e+02
1.863657379150390625e+02
1.854851837158203125e+02
1.846013946533203125e+02
1.837146148681640625e+02
1.828250427246093750e+02
1.819329071044921875e+02
1.810384368896484375e+02
1.801418457031250000e+02
1.792433624267578125e+02
1.783432159423828125e+02
1.774416198730468750e+02
1.765387878417968750e+02
1.756349792480468750e+02
1.747303619384765625e+02
1.738252105712890625e+02
1.729197082519531250e+02
1.720141143798828125e+02
1.711086120605468750e+02
1.702034606933593750e+02
1.692988586425781250e+02
1.683950347900390625e+02
1.674922332763671875e+02
1.665906524658203125e+02
1.656905212402343750e+02
1.647920532226562500e+02
1.638954925537109375e+02
1.630010223388671875e+02
1.621089019775390625e+02
1.612192687988281250e+02
1.603322601318359375e+02
1.594480285644531250e+02
1.585667266845703125e+02
1.576884918212890625e+02
1.568134613037109375e+02
1.559417877197265625e+02
1.550736236572265625e+02
1.542091064453125000e+02
1.533483734130859375e+02
1.524915924072265625e+02
1.516388854980468750e+02
1.507904205322265625e+02
1.499463348388671875e+02
1.491067504882812500e+02
1.482718353271484375e+02
1.474417419433593750e+02
1.466165924072265625e+02
1.457965545654296875e+02
1.449817657470703125e+02
1.441723632812500000e+02
1.433684997558593750e+02
1.425703277587890625e+02
1.417779693603515625e+02
1.409915924072265625e+02
1.402113189697265625e+02
1.394373321533203125e+02
1.386697387695312500e+02
1.379087066650390625e+02
1.371543731689453125e+02
1.364068908691406250e+02
1.356663970947265625e+02
1.349330291748046875e+02
1.342069549560546875e+02
1.334882965087890625e+02
1.327772064208984375e+02
1.320738372802734375e+02
1.313783569335937500e+02
1.306908569335937500e+02
1.300115051269531250e+02
1.293404693603515625e+02
1.286778564453125000e+02
1.280238494873046875e+02
1.273785705566406250e+02
1.267421722412109375e+02
1.261148147583007812e+02
1.254966049194335938e+02
1.248877182006835938e+02
1.242882843017578125e+02
1.236984405517578125e+02
1.231181716918945312e+02
1.225474395751953125e+02
1.219862213134765625e+02
1.214344711303710938e+02
1.208921813964843750e+02
1.203592987060546875e+02
1.198358078002929688e+02
1.193216705322265625e+02
1.188168487548828125e+02
1.183213043212890625e+02
1.178350372314453125e+02
1.173579864501953125e+02
1.168901214599609375e+02
1.164314270019531250e+02
1.159818649291992188e+02
1.155413970947265625e+02
1.151099929809570312e+02
1.146876296997070312e+02
1.142742767333984375e+02
1.138698883056640625e+02
1.134744338989257812e+02
1.130878829956054688e+02
1.127102203369140625e+02
1.123414001464843750e+02
1.119813919067382812e+02
1.116301651000976562e+02
1.112876815795898438e+02
1.109539260864257812e+02
1.106288528442382812e+02
1.103124313354492188e+02
1.100046234130859375e+02
1.097054290771484375e+02
1.094147796630859375e+02
1.091326599121093750e+02
1.088590240478515625e+02
1.085938720703125000e+02
1.083371353149414062e+02
1.080888137817382812e+02
1.078488464355468750e+02
1.076172256469726562e+02
1.073939056396484375e+02
1.071788635253906250e+02
1.069720611572265625e+02
1.067734680175781250e+02
1.065830535888671875e+02
1.064007873535156250e+02
1.062266311645507812e+02
1.060605621337890625e+02
1.059025421142578125e+02
1.057525253295898438e+02
1.056103897094726562e+02
1.054759826660156250e+02
1.053491744995117188e+02
1.052298126220703125e+02
1.051177673339843750e+02
1.050128936767578125e+02
1.049150466918945312e+02
1.048240814208984375e+02
1.047398681640625000e+02
1.046622467041015625e+02
1.045910873413085938e+02
1.045262527465820312e+02
1.044675979614257812e+02
1.044149703979492188e+02
1.043682403564453125e+02
1.043272628784179688e+02
1.042918853759765625e+02
1.042619857788085938e+02
1.042374114990234375e+02
1.042180252075195312e+02
1.042036743164062500e+02
1.041942291259765625e+02
1.041895446777343750e+02
1.041894760131835938e+02
1.041938858032226562e+02
1.042026290893554688e+02
1.042155609130859375e+02
1.042325515747070312e+02
1.042534484863281250e+02
1.042781066894531250e+02
1.043063964843750000e+02
1.043381729125976562e+02
1.043732833862304688e+02
1.044116058349609375e+02
1.044529800415039062e+02
1.044972686767578125e+02
1.045443344116210938e+02
1.045940399169921875e+02
1.046462249755859375e+02
1.047007751464843750e+02
1.047575225830078125e+02
1.048163375854492188e+02
1.048770828247070312e+02
1.049396133422851562e+02
1.050037765502929688e+02
1.050694427490234375e+02
1.051364669799804688e+02
1.052047119140625000e+02
1.052740249633789062e+02
1.053442764282226562e+02
1.054153518676757812e+02
1.054871520996093750e+02
1.055595550537109375e+02
1.056324691772460938e+02
1.057057723999023438e+02
1.057793655395507812e+02
1.058531341552734375e+02
1.059269790649414062e+02
1.060007934570312500e+02
1.060744628906250000e+02
1.061478805541992188e+02
1.062209396362304688e+02
1.062935333251953125e+02
1.063655548095703125e+02
1.064368972778320312e+02
1.065074539184570312e+02
1.065771179199218750e+02
1.066457748413085938e+02
1.067133178710937500e+02
1.067796478271484375e+02
1.068446502685546875e+02
1.069082260131835938e+02
1.069702529907226562e+02
1.070306396484375000e+02
1.070892639160156250e+02
1.071460266113281250e+02
1.072008285522460938e+02
1.072535476684570312e+02
1.073040771484375000e+02
1.073523178100585938e+02
1.073981552124023438e+02
1.074414825439453125e+02
1.074822006225585938e+02
1.075201950073242188e+02
1.075553512573242188e+02
1.075875778198242188e+02
1.076167602539062500e+02
1.076427841186523438e+02
1.076655426025390625e+02
1.076849441528320312e+02
1.077008666992187500e+02
1.077132034301757812e+02
1.077218551635742188e+02
1.077266998291015625e+02
1.077276458740234375e+02
1.077245788574218750e+02
1.077173843383789062e+02
1.077059707641601562e+02
1.076902160644531250e+02
1.076700363159179688e+02
1.076454086303710938e+02
1.076163330078125000e+02
1.075828094482421875e+02
1.075448303222656250e+02
1.075023956298828125e+02
1.074554977416992188e+02
1.074041290283203125e+02
1.073483047485351562e+02
1.072880096435546875e+02
1.072232437133789062e+02
1.071539993286132812e+02
1.070802841186523438e+02
1.070020904541015625e+02
1.069194107055664062e+02
1.068322448730468750e+02
1.067405929565429688e+02
1.066444473266601562e+02
1.065438079833984375e+02
1.064386749267578125e+02
1.063290405273437500e+02
1.062149047851562500e+02
1.060962677001953125e+02
1.059731216430664062e+02
1.058454589843750000e+02
1.057132873535156250e+02
1.055765991210937500e+02
1.054353942871093750e+02
1.052896652221679688e+02
1.051394119262695312e+02
1.049846343994140625e+02
1.048253250122070312e+02
1.046614837646484375e+02
1.044931030273437500e+02
1.043201828002929688e+02
1.041427230834960938e+02
1.039607238769531250e+02
1.037741775512695312e+02
1.035830764770507812e+02
1.033874206542968750e+02
1.031872100830078125e+02
1.029824447631835938e+02
1.027731246948242188e+02
1.025592346191406250e+02
1.023407745361328125e+02
1.021177520751953125e+02
1.018901596069335938e+02
1.016579818725585938e+02
1.014212341308593750e+02
1.011799011230468750e+02
1.009340057373046875e+02
1.006836318969726562e+02
1.004288864135742188e+02
1.001698913574218750e+02
9.990673828125000000e+01
9.963953399658203125e+01
9.936840057373046875e+01
9.909342193603515625e+01
9.881473541259765625e+01
9.853242492675781250e+01
9.824660491943359375e+01
9.795738983154296875e+01
9.766487121582031250e+01
9.736917114257812500e+01
9.707038879394531250e+01
9.676864624023437500e+01
9.646402740478515625e+01
9.615665435791015625e+01
9.584663391113281250e+01
9.553408050537109375e+01
9.521908569335937500e+01
9.490176391601562500e+01
9.458222961425781250e+01
9.426057434082031250e+01
9.393691253662109375e+01
9.361136627197265625e+01
9.328401947021484375e+01
9.295500183105468750e+01
9.262440490722656250e+01
9.229233551025390625e+01
9.195891571044921875e+01
9.162424468994140625e+01
9.128842163085937500e+01
9.095156097412109375e+01
9.061377716064453125e+01
9.027516937255859375e+01
8.993585205078125000e+01
8.959591674804687500e+01
8.925548553466796875e+01
8.891467285156250000e+01
8.857356262207031250e+01
8.823227691650390625e+01
8.789092254638671875e+01
8.754961395263671875e+01
8.720844268798828125e+01
8.686752319335937500e+01
8.652696228027343750e+01
8.618687438964843750e+01
8.584736633300781250e+01
8.550852966308593750e+01
8.517047119140625000e+01
8.483318328857421875e+01
8.449665069580078125e+01
8.416086578369140625e+01
8.382580566406250000e+01
8.349146270751953125e+01
8.315780639648437500e+01
8.282483673095703125e+01
8.249251556396484375e+01
8.216085815429687500e+01
8.182982635498046875e+01
8.149941253662109375e+01
8.116960144042968750e+01
8.084037017822265625e+01
8.051171112060546875e+01
8.018360137939453125e+01
7.985603332519531250e+01
7.952898406982421875e+01
7.920243835449218750e+01
7.887638854980468750e+01
7.855081176757812500e+01
7.822568511962890625e+01
7.790100860595703125e+01
7.757675170898437500e+01
7.725291442871093750e+01
7.692946624755859375e+01
7.660639953613281250e+01
7.628369903564453125e+01
7.596134185791015625e+01
7.563932037353515625e+01
7.531761169433593750e+01
7.499620056152343750e+01
7.467507934570312500e+01
7.435422515869140625e+01
7.403362274169921875e+01
7.371325683593750000e+01
7.339311218261718750e+01
7.307317352294921875e+01
7.275342559814453125e+01
7.243385314941406250e+01
7.211443328857421875e+01
7.179516601562500000e+01
7.147601318359375000e+01
7.115697479248046875e+01
7.083803558349609375e+01
7.051917266845703125e+01
7.020036315917968750e+01
6.988161468505859375e+01
6.956288909912109375e+01
6.924418640136718750e+01
