# a
6.250000000000000000e-02
6.261764336805120124e-02
6.273573045008801197e-02
6.285426376117898839e-02
6.297324583543664756e-02
6.309267922619800351e-02
6.321256650620725448e-02
6.333291026780048238e-02
6.345371312309257272e-02
6.357497770416613292e-02
6.369670666326270048e-02
6.381890267297608832e-02
6.394156842644797833e-02
6.406470663756580475e-02
6.418832004116284407e-02
6.431241139322077527e-02
6.443698347107437718e-02
6.456203907361883487e-02
6.468758102151932199e-02
6.481361215742303949e-02
6.494013534617386341e-02
6.506715347502933788e-02
6.519466945388033285e-02
6.532268621547324128e-02
6.545120671563484094e-02
6.558023393349980690e-02
6.570977087174084685e-02
6.583982055680169532e-02
6.597038603913274457e-02
6.610147039342958997e-02
6.623307671887443404e-02
6.636520813938023844e-02
6.649786780383795670e-02
6.663105888636668139e-02
6.676478458656676107e-02
6.689904812977610915e-02
6.703385276732939935e-02
6.716920177682057791e-02
6.730509846236849836e-02
6.744154615488578974e-02
6.757854821235102782e-02
6.771610802008413976e-02
6.785422899102529215e-02
6.799291456601717909e-02
6.813216821409065482e-02
6.827199343275414112e-02
6.841239374828626818e-02
6.855337271603242910e-02
6.869493392070484539e-02
6.883708097668643500e-02
6.897981752833839963e-02
6.912314725031168394e-02
6.926707384786230659e-02
6.941160105717067430e-02
6.955673264566490654e-02
6.970247241234810154e-02
6.984882418812990434e-02
6.999579183616215505e-02
7.014337925217879743e-02
7.029159036484011747e-02
7.044042913608131173e-02
7.058989956146555222e-02
7.074000567054154753e-02
7.089075152720557271e-02
7.104214123006834247e-02
7.119417891282636690e-02
7.134686874463826156e-02
7.150021493050580379e-02
7.165422171165997112e-02
7.180889336595193406e-02
7.196423420824921147e-02
7.212024859083683570e-02
7.227694090382387471e-02
7.243431557555522760e-02
7.259237707302880482e-02
7.275112990231812071e-02
7.291057860900058973e-02
7.307072777859130452e-02
7.323158203698268420e-02
7.339314605088984034e-02
7.355542452830189648e-02
7.371842221893928904e-02
7.388214391471721598e-02
7.404659445021516406e-02
7.421177870315288916e-02
7.437770159487255839e-02
7.454436809082760906e-02
7.471178320107800530e-02
7.487995198079232251e-02
7.504887953075650708e-02
7.521857099788965828e-02
7.538903157576673508e-02
7.556026650514839627e-02
7.573228107451814017e-02
7.590508062062671646e-02
7.607867052904405958e-02
7.625305623471882732e-02
7.642824322254555824e-02
7.660423702793982270e-02
7.678104323742114545e-02
7.695866748920419942e-02
7.713711547379811795e-02
7.731639293461418927e-02
7.749650566858207190e-02
7.767745952677460042e-02
7.785926041504134809e-02
7.804191429465123786e-02
7.822542718294403508e-02
7.840980515399120776e-02
7.859505433926602946e-02
7.878118092832334107e-02
7.896819116948884665e-02
7.915609137055837352e-02
7.934488789950708276e-02
7.953458718520879656e-02
7.972519571816584494e-02
7.991672005124920986e-02
8.010916680044950777e-02
8.030254264563888023e-02
8.049685433134376455e-02
8.069210866752911382e-02
8.088831253039391322e-02
8.108547286317842329e-02
8.128359667698321911e-02
8.148269105160026171e-02
8.168276313635619568e-02
8.188382015096816458e-02
8.208586938641224129e-02
8.228891820580475081e-02
8.249297404529674915e-02
8.269804441498178338e-02
8.290413689981723788e-02
8.311125916055962792e-02
8.331941893471364602e-02
8.352862403749582165e-02
8.373888236281255837e-02
8.395020188425302010e-02
8.416259065609714429e-02
8.437605681433886506e-02
8.459060857772504605e-02
8.480625424881034491e-02
8.502300221502810673e-02
8.524086094977792460e-02
8.545983901352971479e-02
8.567994505494505586e-02
8.590118781201584730e-02
8.612357611322056516e-02
8.634711887869873925e-02
8.657182512144344366e-02
8.679770394851278603e-02
8.702476456226021506e-02
8.725301626158418755e-02
8.748246844319775006e-02
8.771313060291791031e-02
8.794501233697568643e-02
8.817812334334688973e-02
8.841247342310418200e-02
8.864807248179072674e-02
8.888493053081582274e-02
8.912305768887301971e-02
8.936246418338110453e-02
8.960316035194827722e-02
8.984515664386028000e-02
9.008846362159235455e-02
9.033309196234613758e-02
9.057905245961153651e-02
9.082635602475427894e-02
9.107501368862931657e-02
9.132503660322108252e-02
9.157643604331071330e-02
9.182922340817077644e-02
9.208341022328843384e-02
9.233900814211695729e-02
9.259602894785674831e-02
9.285448455526609801e-02
9.311438701250232541e-02
9.337574850299401596e-02
9.363858134734472094e-02
9.390289800526910313e-02
9.416871107756182024e-02
9.443603330809992313e-02
9.470487758587967098e-02
9.497525694708792987e-02
9.524718457720940390e-02
9.552067381316999006e-02
9.579573814551736732e-02
9.607239122063919445e-02
9.635064684301988813e-02
9.663051897753680008e-02
9.691202175179647327e-02
9.719516945851187917e-02
9.747997655792146887e-02
9.776645768025078731e-02
9.805462762821773315e-02
9.834450137958219984e-02
9.863609408974105541e-02
9.892942109436954345e-02
9.922449791210977144e-02
9.952134024730754924e-02
9.981996399279857712e-02
1.001203852327447880e-01
1.004226202455222455e-01
1.007266855066612926e-01
1.010325976918404617e-01
1.013403736799350086e-01
1.016500305561214013e-01
1.019615856150388189e-01
1.022750563640090204e-01
1.025904605263158048e-01
1.029078160445452556e-01
1.032271410839884079e-01
1.035484540361070738e-01
1.038717735220649474e-01
1.041971183963249226e-01
1.045245077503142023e-01
1.048539609161588532e-01
1.051854974704890394e-01
1.055191372383167819e-01
1.058549002969877140e-01
1.061928069802085539e-01
1.065328778821520023e-01
1.068751338616406171e-01
1.072195960464116943e-01
1.075662858374649838e-01
1.079152249134948116e-01
1.082664352354089782e-01
1.086199390509360041e-01
1.089757588993230109e-01
1.093339176161262222e-01
1.096944383380962784e-01
1.100573445081605706e-01
1.104226598805045367e-01
1.107904085257548910e-01
1.111606148362664220e-01
1.115333035315154153e-01
1.119084996636017099e-01
1.122862286228622913e-01
1.126665161435990159e-01
1.130493883099229907e-01
1.134348715617185949e-01
1.138229927007299302e-01
1.142137788967727274e-01
1.146072576940743992e-01
1.150034570177460164e-01
1.154024051803885231e-01
1.158041308888373144e-01
1.162086632510479778e-01
1.166160317831269055e-01
1.170262664165103300e-01
1.174393975052953898e-01
1.178554558337269742e-01
1.182744726238445232e-01
1.186964795432920855e-01
1.191215087132967282e-01
1.195495927168183925e-01
1.199807646068766498e-01
1.204150579150579242e-01
1.208525066602083031e-01
1.212931453573165008e-01
1.217370090265918470e-01
1.221841332027424065e-01
1.226345539444581023e-01
1.230883078441045719e-01
1.235454320376330739e-01
1.240059642147117308e-01
1.244699426290845623e-01
1.249374061091637622e-01
1.254083940688615340e-01
1.258829465186680208e-01
1.263611040769815064e-01
1.268429079816980332e-01
1.273284001020668632e-01
1.278176229508196649e-01
1.283106196965801138e-01
1.288074341765616804e-01
1.293081109095620684e-01
1.298126951092611892e-01
1.303212326978323288e-01
1.308337703198741708e-01
1.313503553566728044e-01
1.318710359408033772e-01
1.323958609710798595e-01
1.329248801278636039e-01
1.334581438887403049e-01
1.339957035445757394e-01
1.345376112159611948e-01
1.350839198700595489e-01
1.356346833378635486e-01
1.361899563318777484e-01
1.367497944642367680e-01
1.373142542652724396e-01
1.378833932025421427e-01
1.384572697003329800e-01
1.390359431596545070e-01
1.396194739787353090e-01
1.402079235740376628e-01
1.408013544018058560e-01
1.413998299801643710e-01
1.420034149117814504e-01
1.426121749071163347e-01
1.432261768082663811e-01
1.438454886134332700e-01
1.444701795020266466e-01
1.451003198604245426e-01
1.457359813084112277e-01
1.463772367263127261e-01
1.470241602828520899e-01
1.476768274637466904e-01
1.483353151010701476e-01
1.489997014034040168e-01
1.496700659868026584e-01
1.503464899065983795e-01
1.510290556900726611e-01
1.517178473700212804e-01
1.524129505192425293e-01
1.531144522859772816e-01
1.538224414303329124e-01
1.545370083617219059e-01
1.552582451773490968e-01
1.559862457017818227e-01
1.567211055276381826e-01
1.574629220574313704e-01
1.582117945466074982e-01
1.589678241478177656e-01
1.597311139564660809e-01
1.605017690575747669e-01
1.612798965740142310e-01
1.620656057161416197e-01
1.628590078328981672e-01
1.636602164644145874e-01
1.644693473961766628e-01
1.652865187148062354e-01
1.661118508655126391e-01
1.669454667112746649e-01
1.677874915938130651e-01
1.686380533964177142e-01
1.694972826086956486e-01
1.703653123933082936e-01
1.712422786547700693e-01
1.721283201103828986e-01
1.730235783633841951e-01
1.739281979783896814e-01
1.748423265592151388e-01
1.757661148291652098e-01
1.766997167138810443e-01
1.776432894268422935e-01
1.785969935576234846e-01
1.795609931630082756e-01
1.805354558610709204e-01
1.815205529283376029e-01
1.825164594001462970e-01
1.835233541743288010e-01
1.845414201183431802e-01
1.855708441799925612e-01
1.866118175018698366e-01
1.876645355396765746e-01
1.887291981845688471e-01
1.898060098896919012e-01
1.908951798010711798e-01
1.919969218930357713e-01
1.931114551083591424e-01
1.942390035033086937e-01
1.953797963978073648e-01
1.965340685309177049e-01
1.977020602218700351e-01
1.988840175368672969e-01
2.000801924619085570e-01
2.012908430818878547e-01
2.025162337662337886e-01
2.037566353613720072e-01
2.050123253903040343e-01
2.062835882596114057e-01
2.075707154742096605e-01
2.088740058601925575e-01
2.101937657961247263e-01
2.115303094531581218e-01
2.128839590443685759e-01
2.142550450837269194e-01
2.156439066551426309e-01
2.170508916920400044e-01
2.184763572679509769e-01
2.199206698986337361e-01
2.213842058562555393e-01
2.228673514962036806e-01
2.243705035971222950e-01
2.258940697148031085e-01
2.274384685505925208e-01
2.290041303350160706e-01
2.305914972273567787e-01
2.322010237319683534e-01
2.338331771321461861e-01
2.354884379424256602e-01
2.371673003802281521e-01
2.388702728578267487e-01
2.405978784956605554e-01
2.423506556580864169e-01
2.441291585127201569e-01
2.459339576145884720e-01
2.477656405163853326e-01
2.496248124062031004e-01
2.515120967741935609e-01
2.534281361097003304e-01
2.553735926305015780e-01
2.573491490458999498e-01
2.593555093555093838e-01
2.613933996856993014e-01
2.634635691657866707e-01
2.655667908461947779e-01
2.677038626609442029e-01
2.698756084369929864e-01
2.720828789531079539e-01
2.743265530511270200e-01
2.766075388026607573e-01
2.789267747344885695e-01
2.812852311161218033e-01
2.836839113132461621e-01
2.861238532110091937e-01
2.886061307113938490e-01
2.911318553092182015e-01
2.937021777516186094e-01
2.963182897862233212e-01
2.989814260035949522e-01
3.016928657799274327e-01
3.044539353264185677e-01
3.072660098522168037e-01
3.101305158483530500e-01
3.130489335006273466e-01
3.160227992400253538e-01
3.190537084398977208e-01
3.221433182698514863e-01
3.252933507170795435e-01
3.285055957867017984e-01
3.317819148936170248e-01
3.351242444593687253e-01
3.385345997286296482e-01
3.420150788211103188e-01
3.455678670360111115e-01
3.491952414275717453e-01
3.528995756718529275e-01
3.566833452466047216e-01
3.605491329479768581e-01
3.644996347699051009e-01
3.685376661742983950e-01
3.726661687826736680e-01
3.768882175226586084e-01
3.812070282658517884e-01
3.856259659969088482e-01
3.901485535574667485e-01
3.947784810126582222e-01
3.995196156925540643e-01
4.043760129659643154e-01
4.093519278096801051e-01
4.144518272425248839e-01
4.196804037005887333e-01
4.250425894378194180e-01
4.305435720448662629e-01
4.361888111888112540e-01
4.419840566873338705e-01
4.479353680430880336e-01
4.540491355777980242e-01
4.603321033210332480e-01
4.667913938260055962e-01
4.734345351043642847e-01
4.802694898941290425e-01
4.873046874999999445e-01
4.945490584737363693e-01
5.020120724346076591e-01
5.097037793667007488e-01
5.176348547717842807e-01
5.258166491043203550e-01
5.342612419700214499e-01
5.429815016322089294e-01
5.519911504424778181e-01
5.613048368953880152e-01
5.709382151029748220e-01
5.809080325960419566e-01
5.912322274881517403e-01
6.019300361881785300e-01
6.130221130221129577e-01
6.245306633291615173e-01
6.364795918367346372e-01
6.488946684005202359e-01
6.618037135278515004e-01
6.752368064952638527e-01
6.892265193370165077e-01
7.038081805359661658e-01
7.190201729106627804e-01
7.349042709867452672e-01
7.515060240963855609e-01
7.688751926040061635e-01
7.870662460567823260e-01
8.061389337641357011e-01
8.261589403973510493e-01
8.471986417657045854e-01
8.693379790940766183e-01
8.926654740608229721e-01
9.172794117647059542e-01
9.432892249527409234e-01
9.708171206225681971e-01
1.000000000000000000e+00
