# d_a
# unit = Mpc
6.399669533372849628e+02
6.409418529066567771e+02
6.419197781773930274e+02
6.429007432212194999e+02
6.438847621960184142e+02
6.448718493464656376e+02
6.458620190046881362e+02
6.468552855909092614e+02
6.478516636141156368e+02
6.488511676727182476e+02
6.498538124552246700e+02
6.508596127409173278e+02
6.518685834005345896e+02
6.528807393969615305e+02
6.538960957859205791e+02
6.549146677166778545e+02
6.559364704327440450e+02
6.569615192725913175e+02
6.579898296703704546e+02
6.590214171566364030e+02
6.600562973590782576e+02
6.610944860032612951e+02
6.621359989133654835e+02
6.631808520129400222e+02
6.642290613256587903e+02
6.652806429760844367e+02
6.663356131904396307e+02
6.673939882973821796e+02
6.684557847287903769e+02
6.695210190205517620e+02
6.705897078133631339e+02
6.716618678535330673e+02
6.727375159937938633e+02
6.738166691941195268e+02
6.748993445225524965e+02
6.759855591560359471e+02
6.770753303812514332e+02
6.781686755954723367e+02
6.792656123074107199e+02
6.803661581380863481e+02
6.814703308216924142e+02
6.825781482064742249e+02
6.836896282556153892e+02
6.848047890481277591e+02
6.859236487797548989e+02
6.870462257638772599e+02
6.881725384324338393e+02
6.893026053368402017e+02
6.904364451489253725e+02
6.915740766618708903e+02
6.927155187911603207e+02
6.938607905755359297e+02
6.950099111779639998e+02
6.961628998866101483e+02
6.973197761158180583e+02
6.984805594071076484e+02
6.996452694301681277e+02
7.008139259838690123e+02
7.019865489972786463e+02
7.031631585306902252e+02
7.043437747766544135e+02
7.055284180610267413e+02
7.067171088440200037e+02
7.079098677212668917e+02
7.091067154248916040e+02
7.103076728245935101e+02
7.115127609287327459e+02
7.127220008854377511e+02
7.139354139837092816e+02
7.151530216545429539e+02
7.163748454720584959e+02
7.176009071546380937e+02
7.188312285660758789e+02
7.200658317167385576e+02
7.213047387647343385e+02
7.225479720170899327e+02
7.237955539309436972e+02
7.250475071147457129e+02
7.263038543294663896e+02
7.275646184898192814e+02
7.288298226654909513e+02
7.300994900823874332e+02
7.313736441238822863e+02
7.326523083320857950e+02
7.339355064091149643e+02
7.352232622183864805e+02
7.365155997859053514e+02
7.378125433015815133e+02
7.391141171205433693e+02
7.404203457644740638e+02
7.417312539229490085e+02
7.430468664547951221e+02
7.443672083894517755e+02
7.456923049283509499e+02
7.470221814463073997e+02
7.483568634929172276e+02
7.496963767939737409e+02
7.510407472528884227e+02
7.523900009521343009e+02
7.537441641546907931e+02
7.551032633055064025e+02
7.564673250329750545e+02
7.578363761504182321e+02
7.592104436575928048e+02
7.605895547421918081e+02
7.619737367813781930e+02
7.633630173433166419e+02
7.647574241887275548e+02
7.661569852724466045e+02
7.675617287450060076e+02
7.689716829542170444e+02
7.703868764467808887e+02
7.718073379698937515e+02
7.732330964728886329e+02
7.746641811088660461e+02
7.761006212363580516e+02
7.775424464209939970e+02
7.789896864371834226e+02
7.804423712698167037e+02
7.819005311159693292e+02
7.833641963866317610e+02
7.848333977084431581e+02
7.863081659254498845e+02
7.877885321008610617e+02
7.892745275188414098e+02
7.907661836862924929e+02
7.922635323346730729e+02
7.937666054218119598e+02
7.952754351337488288e+02
7.967900544772867306e+02
7.983104949090248965e+02
7.998367899116611852e+02
8.013689726027288316e+02
8.029070763373705404e+02
8.044511347102584295e+02
8.060011815575330729e+02
8.075572509587560717e+02
8.091193772388737671e+02
8.106875949701995978e+02
8.122619389744094178e+02
8.138424443245476141e+02
8.154291463470582357e+02
8.170220806238152136e+02
8.186212829941803193e+02
8.202267895570704468e+02
8.218386366730373993e+02
8.234568609663651841e+02
8.250814993271808362e+02
8.267125889135783154e+02
8.283501671537593438e+02
8.299942717481843601e+02
8.316449406717416650e+02
8.333022121759266838e+02
8.349661247910412385e+02
8.366367173283979355e+02
8.383140288825456992e+02
8.399980988335078109e+02
8.416889668490281338e+02
8.433866728868400742e+02
8.450912571969363398e+02
8.468027603238659822e+02
8.485212231090333717e+02
8.502466866930124070e+02
8.519791925178803922e+02
8.537187823295524822e+02
8.554654981801394342e+02
8.572193824303085421e+02
8.589804777516633294e+02
8.607488271291300634e+02
8.625244738633557517e+02
8.643074615731208041e+02
8.660978341977571517e+02
8.678956359995833054e+02
8.697009115663393004e+02
8.715137058136426731e+02
8.733340639874459157e+02
8.751620316665052997e+02
8.769976547648584528e+02
8.788409795343083033e+02
8.806920525669164590e+02
8.825509207975032950e+02
8.844176315061536116e+02
8.862922323207279760e+02
8.881747712193822508e+02
8.900652965330872348e+02
8.919638569481580817e+02
8.938705015087834909e+02
8.957852796195592191e+02
8.977082410480215913e+02
8.996394359271877192e+02
9.015789147580910594e+02
9.035267284123189029e+02
9.054829281345502068e+02
9.074475655450883096e+02
9.094206926423953519e+02
9.114023618056188525e+02
9.133926257971157838e+02
9.153915377649715310e+02
9.173991512455091879e+02
9.194155201657908947e+02
9.214406988461169021e+02
9.234747420025062183e+02
9.255177047491628173e+02
9.275696426009452580e+02
9.296306114757992418e+02
9.317006676971936940e+02
9.337798679965248994e+02
9.358682695155141573e+02
9.379659298085737191e+02
9.400729068451546482e+02
9.421892590120727391e+02
9.443150451158051055e+02
9.464503243847582326e+02
9.485951564715081759e+02
9.507496014550080190e+02
9.529137198427555404e+02
9.550875725729337091e+02
9.572712210165019542e+02
9.594647269792553743e+02
9.616681527038284685e+02
9.638815608716620318e+02
9.661050146049143450e+02
9.683385774683198406e+02
9.705823134709945634e+02
9.728362870681806953e+02
9.751005631629290065e+02
9.773752071077155961e+02
9.796602847059890564e+02
9.819558622136431723e+02
9.842620063404183384e+02
9.865787842512136194e+02
9.889062635673210480e+02
9.912445123675637433e+02
9.935935991893476285e+02
9.959535930296093511e+02
9.983245633456594987e+02
1.000706580055921222e+03
1.003099713540554376e+03
1.005504034641955172e+03
1.007919614665136919e+03
1.010346525377977628e+03
1.012784839011327449e+03
1.015234628258975818e+03
1.017695966277468870e+03
1.020168926685764291e+03
1.022653583564726773e+03
1.025150011456450329e+03
1.027658285363398591e+03
1.030178480747358890e+03
1.032710673528201141e+03
1.035254940082425492e+03
1.037811357241502492e+03
1.040380002289989079e+03
1.042960952963404907e+03
1.045554287445867203e+03
1.048160084367474610e+03
1.050778422801421812e+03
1.053409382260834946e+03
1.056053042695322802e+03
1.058709484487220152e+03
1.061378788447520947e+03
1.064061035811479542e+03
1.066756308233873597e+03
1.069464687783902036e+03
1.072186256939718760e+03
1.074921098582577770e+03
1.077669295990562887e+03
1.080430932831907967e+03
1.083206093157869645e+03
1.085994861395148519e+03
1.088797322337823744e+03
1.091613561138795149e+03
1.094443663300706021e+03
1.097287714666328611e+03
1.100145801408373018e+03
1.103018010018729683e+03
1.105904427297078655e+03
1.108805140338881756e+03
1.111720236522693540e+03
1.114649803496793083e+03
1.117593929165087047e+03
1.120552701672269450e+03
1.123526209388191774e+03
1.126514540891425440e+03
1.129517784951969816e+03
1.132536030513081869e+03
1.135569366672176557e+03
1.138617882660779742e+03
1.141681667823469752e+03
1.144760811595783025e+03
1.147855403481037911e+03
1.150965533026022285e+03
1.154091289795505190e+03
1.157232763345527019e+03
1.160390043195405269e+03
1.163563218798408343e+03
1.166752379511052141e+03
1.169957614560934871e+03
1.173179013013077110e+03
1.176416663734690701e+03
1.179670655358307386e+03
1.182941076243203042e+03
1.186228014435052273e+03
1.189531557623721255e+03
1.192851793099135875e+03
1.196188807705137606e+03
1.199542687791241860e+03
1.202913519162210150e+03
1.206301387025338499e+03
1.209706375935379128e+03
1.213128569736976488e+03
1.216568051504517598e+03
1.220024903479299610e+03
1.223499207003872471e+03
1.226991042453465298e+03
1.230500489164345254e+03
1.234027625358992282e+03
1.237572528067950543e+03
1.241135273048200361e+03
1.244715934697920602e+03
1.248314585967464609e+03
1.251931298266396425e+03
1.255566141366413149e+03
1.259219183299965380e+03
1.262890490254404085e+03
1.266580126461442887e+03
1.270288154081725224e+03
1.274014633084304478e+03
1.277759621120779912e+03
1.281523174257901246e+03
1.285305343351115425e+03
1.289106179185794417e+03
1.292925728770043634e+03
1.296764036076620641e+03
1.300621141879725428e+03
1.304497083584551774e+03
1.308391895049277309e+03
1.312305606399137105e+03
1.316238243832230182e+03
1.320189829416682414e+03
1.324160380878759270e+03
1.328149911381526863e+03
1.332158429293618838e+03
1.336185937947652292e+03
1.340232435387811620e+03
1.344297914106108919e+03
1.348382360766769580e+03
1.352485755918219411e+03
1.356608073692057133e+03
1.360749281488430597e+03
1.364909339647151910e+03
1.369088201103890469e+03
1.373285811030721788e+03
1.377502106460302684e+03
1.381737015892865202e+03
1.385990458885233238e+03
1.390262345620959422e+03
1.394552576460708678e+03
1.398861041471892577e+03
1.403187619936569263e+03
1.407532179836528258e+03
1.411894577314451908e+03
1.416274656109969328e+03
1.420672246969356365e+03
1.425087167027578971e+03
1.429519219161300725e+03
1.433968191311398868e+03
1.438433855773451796e+03
1.442915968454592985e+03
1.447414268095022408e+03
1.451928475452370321e+03
1.456458292447034637e+03
1.461003401266468472e+03
1.465563463426325825e+03
1.470138118786219138e+03
1.474726984517737947e+03
1.479329654022248860e+03
1.483945695795825941e+03
1.488574652238553199e+03
1.493216038405250629e+03
1.497869340694518996e+03
1.502534015472819419e+03
1.507209487630105968e+03
1.511895149063341933e+03
1.516590357083997787e+03
1.521294432745416543e+03
1.526006659085675665e+03
1.530726279281323514e+03
1.535452494707092228e+03
1.540184462896394734e+03
1.544921295397100948e+03
1.549662055516755345e+03
1.554405755951045876e+03
1.559151356288959278e+03
1.563897760387641711e+03
1.568643813609578956e+03
1.573388299914225399e+03
1.578129938795739463e+03
1.582867382057964733e+03
1.587599210417218046e+03
1.592323929922886464e+03
1.597039968185153157e+03
1.601745670398544917e+03
1.606439295149230020e+03
1.611119009993232567e+03
1.615782886791911551e+03
1.620428896790144336e+03
1.625054905421718331e+03
1.629658666825414002e+03
1.634237818054181844e+03
1.638789872958629303e+03
1.643312215724803309e+03
1.647802094044912337e+03
1.652256611898184246e+03
1.656672721917522495e+03
1.661047217315980333e+03
1.665376723345280652e+03
1.669657688256714891e+03
1.673886373732713082e+03
1.678058844755176096e+03
1.682170958874290818e+03
1.686218354839036692e+03
1.690196440547836801e+03
1.694100380274878034e+03
1.697925081952815617e+03
1.701665179416607998e+03
1.705315022355555811e+03
1.708868656583155143e+03
1.712319807763849212e+03
1.715661863164637225e+03
1.718887852267645258e+03
1.721990426165954204e+03
1.724961835659184999e+03
1.727793907959205399e+03
1.730478021909564859e+03
1.733005081615035351e+03
1.735365488369854575e+03
1.737549110764749457e+03
1.739545252843697654e+03
1.741342620171481485e+03
1.742929283662334228e+03
1.744292641008378951e+03
1.745419375533943821e+03
1.746295412288156967e+03
1.746905871173406240e+03
1.747235016891075929e+03
1.747266205468489943e+03
1.746981827111873372e+03
1.746363245109369700e+03
1.745390730485514950e+03
1.744043392083798608e+03
1.742299101726970775e+03
1.740134414075121413e+03
1.737524480769218599e+03
1.734442958412196731e+03
1.730861909900609817e+03
1.726751698576815670e+03
1.722080874624145508e+03
1.716816053074981710e+03
1.710921782743419953e+03
1.704360405329457080e+03
1.697091903869530370e+03
1.689073739627606528e+03
1.680260676430651984e+03
1.670604591350678220e+03
1.660054270520859518e+03
1.648555188743310055e+03
1.636049271398483370e+03
1.622474636997673088e+03
1.607765318527214049e+03
1.591850961511149762e+03
1.574656496463197300e+03
1.556101783102291620e+03
1.536101223361169787e+03
1.514563339815042127e+03
1.491390315686064469e+03
1.466477492025422634e+03
1.439712817021863884e+03
1.410976241613194134e+03
1.380139054661395448e+03
1.347063149862757882e+03
1.311600215265676297e+03
1.273590834716592553e+03
1.232863488694964190e+03
1.189233439765641833e+03
1.142501485190681024e+03
1.092452556003443760e+03
1.038854137933396942e+03
9.814544848288691128e+02
9.199805894686368219e+02
8.541358696462676789e+02
7.835975188574429922e+02
7.080134604460405399e+02
6.269988311932822853e+02
5.401319044557699272e+02
4.469493432854106914e+02
3.469406494734183184e+02
2.395416438106647945e+02
1.241267742764803614e+02
0.000000000000000000e+00
