# d_m
# unit = Mpc
1.023947125339655940e+04
1.023580285734097743e+04
1.023212407940477715e+04
1.022843487060773805e+04
1.022473518164579036e+04
1.022102496288817019e+04
1.021730416437476561e+04
1.021357273581317349e+04
1.020983062657596201e+04
1.020607778569772745e+04
1.020231416187220384e+04
1.019853970344936351e+04
1.019475435843240848e+04
1.019095807447481639e+04
1.018715079887724823e+04
1.018333247858457617e+04
1.017950306018270567e+04
1.017566248989550695e+04
1.017181071358163717e+04
1.016794767673134993e+04
1.016407332446324108e+04
1.016018760152106370e+04
1.015629045227033930e+04
1.015238182069508730e+04
1.014846165039443440e+04
1.014452988457921128e+04
1.014058646606853290e+04
1.013663133728629145e+04
1.013266444025765486e+04
1.012868571660550151e+04
1.012469510754684961e+04
1.012069255388920828e+04
1.011667799602691230e+04
1.011265137393739678e+04
1.010861262717747013e+04
1.010456169487950319e+04
1.010049851574756576e+04
1.009642302805363397e+04
1.009233516963355214e+04
1.008823487788316743e+04
1.008412208975426256e+04
1.007999674175051769e+04
1.007585876992343765e+04
1.007170810986815377e+04
1.006754469671928746e+04
1.006336846514665012e+04
1.005917934935104677e+04
1.005497728305983946e+04
1.005076219952263273e+04
1.004653403150681697e+04
1.004229271129309382e+04
1.003803817067092859e+04
1.003377034093397197e+04
1.002948915287543241e+04
1.002519453678332320e+04
1.002088642243583854e+04
1.001656473909643501e+04
1.001222941550902215e+04
1.000788037989306758e+04
1.000351755993861661e+04
9.999140882801242697e+03
9.994750275096988844e+03
9.990345662897227157e+03
9.985926971723441966e+03
9.981494126541960213e+03
9.977047051758669113e+03
9.972585671213540991e+03
9.968109908175289092e+03
9.963619685335774193e+03
9.959114924804447583e+03
9.954595548102712200e+03
9.950061476158198275e+03
9.945512629298973479e+03
9.940948927247718530e+03
9.936370289115799096e+03
9.931776633397234036e+03
9.927167877962681814e+03
9.922543940053303231e+03
9.917904736274516836e+03
9.913250182589741598e+03
9.908580194314008622e+03
9.903894686107574671e+03
9.899193571969339246e+03
9.894476765230312594e+03
9.889744178546870899e+03
9.884995723894096955e+03
9.880231312558817081e+03
9.875450855132790821e+03
9.870654261505613249e+03
9.865841440857691850e+03
9.861012301652992392e+03
9.856166751631841180e+03
9.851304697803485396e+03
9.846426046438686171e+03
9.841530703062173416e+03
9.836618572444976962e+03
9.831689558596721326e+03
9.826743564757733111e+03
9.821780493391188429e+03
9.816800246175020220e+03
9.811802723993794643e+03
9.806787826930491065e+03
9.801755454258114696e+03
9.796705504431341978e+03
9.791637875077834906e+03
9.786552462989684500e+03
9.781449164114561427e+03
9.776327873546879346e+03
9.771188485518738162e+03
9.766030893390867277e+03
9.760854989643306908e+03
9.755660665866147610e+03
9.750447812749920558e+03
9.745216320076146076e+03
9.739966076707465618e+03
9.734696970577884713e+03
9.729408888682737597e+03
9.724101717068568178e+03
9.718775340822927319e+03
9.713429644063915475e+03
9.708064509929719861e+03
9.702679820567906063e+03
9.697275457124686000e+03
9.691851299733840278e+03
9.686407227505780611e+03
9.680943118516153845e+03
9.675458849794584239e+03
9.669954297313015559e+03
9.664429335974053174e+03
9.658883846759734297e+03
9.653317687937988012e+03
9.647730738433445367e+03
9.642122868751070200e+03
9.636493948265555446e+03
9.630843845208584753e+03
9.625172426655990421e+03
9.619479558514722157e+03
9.613765105509584828e+03
9.608028931169859788e+03
9.602270897815713397e+03
9.596490866544363598e+03
9.590688697216202854e+03
9.584864248440509982e+03
9.579017377561160174e+03
9.573147940642040339e+03
9.567255792452251626e+03
9.561340786451142776e+03
9.555402774773101555e+03
9.549441608212155188e+03
9.543457136206336145e+03
9.537449206821820553e+03
9.531417666736855608e+03
9.525362361225423228e+03
9.519283134140749098e+03
9.513179827898455187e+03
9.507052283459570390e+03
9.500900340313262859e+03
9.494723836459277663e+03
9.488522608390219830e+03
9.482296491073439029e+03
9.476045317932799662e+03
9.469768920830074421e+03
9.463467130046074089e+03
9.457139774261600905e+03
9.450786680537970824e+03
9.444407674297372068e+03
9.438002579302836239e+03
9.431571217638002054e+03
9.425113409686506202e+03
9.418628974111072239e+03
9.412117727832341188e+03
9.405579486007307423e+03
9.399014062007510802e+03
9.392421267396797703e+03
9.385800911908847411e+03
9.379152803424294689e+03
9.372476747947503100e+03
9.365772549583027285e+03
9.359040010511651417e+03
9.352278930966111147e+03
9.345489109206428111e+03
9.338670341494836975e+03
9.331822422070350513e+03
9.324945143122931768e+03
9.318038294767229672e+03
9.311101665015943581e+03
9.304135039752747616e+03
9.297138202704803916e+03
9.290110935414795676e+03
9.283053017212603663e+03
9.275964225186451586e+03
9.268844334153627642e+03
9.261693116630749500e+03
9.254510342803514504e+03
9.247295780496018779e+03
9.240049195139530639e+03
9.232770349740785605e+03
9.225459004849783014e+03
9.218114918527018744e+03
9.210737846310195891e+03
9.203327541180455228e+03
9.195883753527961744e+03
9.188406231116938216e+03
9.180894719050236745e+03
9.173348959733137235e+03
9.165768692836722039e+03
9.158153655260506639e+03
9.150503581094575566e+03
9.142818201580967070e+03
9.135097245074459352e+03
9.127340437002725594e+03
9.119547499825781415e+03
9.111718152994746561e+03
9.103852112909924472e+03
9.095949092878172451e+03
9.088008803069486021e+03
9.080030950472941186e+03
9.072015238851778122e+03
9.063961368697813668e+03
9.055869037184949775e+03
9.047737938121974366e+03
9.039567761904498184e+03
9.031358195466053076e+03
9.023108922228342635e+03
9.014819622050636099e+03
9.006489971178236374e+03
8.998119642190071318e+03
8.989708303945337320e+03
8.981255621529191558e+03
8.972761256197522016e+03
8.964224865320646131e+03
8.955646102326099935e+03
8.947024616640293971e+03
8.938360053629221511e+03
8.929652054538020820e+03
8.920900256429449655e+03
8.912104292121270191e+03
8.903263790122475257e+03
8.894378374568315849e+03
8.885447665154180868e+03
8.876471277068243580e+03
8.867448820922823870e+03
8.858379902684531771e+03
8.849264123603081316e+03
8.840101080138767429e+03
8.830890363888593129e+03
8.821631561511016116e+03
8.812324254649262002e+03
8.802968019853182341e+03
8.793562428499650196e+03
8.784107046711402290e+03
8.774601435274345931e+03
8.765045149553336159e+03
8.755437739406219407e+03
8.745778749096292813e+03
8.736067717203059146e+03
8.726304176531246412e+03
8.716487654018010289e+03
8.706617670638392156e+03
8.696693741308848985e+03
8.686715374788927875e+03
8.676682073580981523e+03
8.666593333827904644e+03
8.656448645208778544e+03
8.646247490832522089e+03
8.635989347129367161e+03
8.625673683740094930e+03
8.615299963403129368e+03
8.604867641839267890e+03
8.594376167634150988e+03
8.583824982118232583e+03
8.573213519244363852e+03
8.562541205462837752e+03
8.551807459593890599e+03
8.541011692697469698e+03
8.530153307940436207e+03
8.519231700460863067e+03
8.508246257229615367e+03
8.497196356908923917e+03
8.486081369708050261e+03
8.474900657235850304e+03
8.463653572350267495e+03
8.452339459004551827e+03
8.440957652090259216e+03
8.429507477276823920e+03
8.417988250847736708e+03
8.406399279533106892e+03
8.394739860338693688e+03
8.383009280371128625e+03
8.371206816659343531e+03
8.359331735972127717e+03
8.347383294631612443e+03
8.335360738322646284e+03
8.323263301897988640e+03
8.311090209179114026e+03
8.298840672752574392e+03
8.286513893761861254e+03
8.274109061694467528e+03
8.261625354164234523e+03
8.249061936688742207e+03
8.236417962461608113e+03
8.223692572119582110e+03
8.210884893504349748e+03
8.197994041418793131e+03
8.185019117377637485e+03
8.171959209352332437e+03
8.158813391509969733e+03
8.145580723946108264e+03
8.132260252411299916e+03
8.118851008031231686e+03
8.105352007020198471e+03
8.091762250387762833e+03
8.078080723638488053e+03
8.064306396464401587e+03
8.050438222430150745e+03
8.036475138650504050e+03
8.022416065460061873e+03
8.008259906074973514e+03
7.994005546246324229e+03
7.979651853905105781e+03
7.965197678798411289e+03
7.950641852116653354e+03
7.935983186111556279e+03
7.921220473704592223e+03
7.906352488085687582e+03
7.891377982301855809e+03
7.876295688835386500e+03
7.861104319171488896e+03
7.845802563354848644e+03
7.830389094814309829e+03
7.814862548551672262e+03
7.799221553029886309e+03
7.783464707866154640e+03
7.767590588843725527e+03
7.751597747395397164e+03
7.735484710073524184e+03
7.719249978006157107e+03
7.702892026338822689e+03
7.686409303661560443e+03
7.669800231420765158e+03
7.653063203315314240e+03
7.636196584676553357e+03
7.619198711831640139e+03
7.602067891449668423e+03
7.584802399870099180e+03
7.567400482412946076e+03
7.549860352670048087e+03
7.532180191777018081e+03
7.514358147665021534e+03
7.496392334291974294e+03
7.478280830852330837e+03
7.460021680964885491e+03
7.441612891837819006e+03
7.423052433410328376e+03
7.404338237469983142e+03
7.385468196745160640e+03
7.366440163971576112e+03
7.347251950932271029e+03
7.327901327469993703e+03
7.308386020471230040e+03
7.288703712820819419e+03
7.268852042326306218e+03
7.248828600610945614e+03
7.228630931974339546e+03
7.208256532219657856e+03
7.187702847446299529e+03
7.166967272806871733e+03
7.146047151227228824e+03
7.124939772088410791e+03
7.103642369869156937e+03
7.082152122747633257e+03
7.060466151161076596e+03
7.038581516321823983e+03
7.016495218688361092e+03
6.994204196389746357e+03
6.971705323601890996e+03
6.948995408874051463e+03
6.926071193403764482e+03
6.902929349258540242e+03
6.879566477542427492e+03
6.855979106505573327e+03
6.832163689594844982e+03
6.808116603443404529e+03
6.783834145797239216e+03
6.759312533376374631e+03
6.734547899668586979e+03
6.709536292653251621e+03
6.684273672452913161e+03
6.658755908910114158e+03
6.632978779086878603e+03
6.606937964684196231e+03
6.580629049378766467e+03
6.554047516074148916e+03
6.527188744063398190e+03
6.500048006100138082e+03
6.472620465374996456e+03
6.444901172394142122e+03
6.416885061756623145e+03
6.388566948827135093e+03
6.359941526300638543e+03
6.331003360655324286e+03
6.301746888490113633e+03
6.272166412742999455e+03
6.242256098786286202e+03
6.212009970394748052e+03
6.181421905582683394e+03
6.150485632305678337e+03
6.119194724022863738e+03
6.087542595115373842e+03
6.055522496156677335e+03
6.023127509030312467e+03
5.990350541890615204e+03
5.957184323961967493e+03
5.923621400172046378e+03
5.889654125614598343e+03
5.855274659837293257e+03
5.820474960950239620e+03
5.785246779550821884e+03
5.749581652460661644e+03
5.713470896270629055e+03
5.676905600689990933e+03
5.639876621696096663e+03
5.602374574481206764e+03
5.564389826193437329e+03
5.525912491165075153e+03
5.486932412187018599e+03
5.447439169608729571e+03
5.407422061612829566e+03
5.366870098883086939e+03
5.325771996076198775e+03
5.284116163083302126e+03
5.241890696084336923e+03
5.199083368399627943e+03
5.155681621144803103e+03
5.111672553696789691e+03
5.067042913980634694e+03
5.021779088589318235e+03
4.975867092751155724e+03
4.929292560162301925e+03
4.882040732705215305e+03
4.834096450077496229e+03
4.785444139359660767e+03
4.736067804555029397e+03
4.685951016139963940e+03
4.635076900668516828e+03
4.583428130481800508e+03
4.530986913579610700e+03
4.477734983719611591e+03
4.423653590818122211e+03
4.368723491736288452e+03
4.312924941545907132e+03
4.256237685381116535e+03
4.198640950994882587e+03
4.140113442153508913e+03
4.080633333017873611e+03
4.020178263676967617e+03
3.958725337017789116e+03
3.896251117135591812e+03
3.832731629510079074e+03
3.768142363196429869e+03
3.702458275304872586e+03
3.635653798069194181e+03
3.567702848832660038e+03
3.498578843309513559e+03
3.428254712511211892e+03
3.356702923758611632e+03
3.283895506234168806e+03
3.209804081561353087e+03
3.134399899931376240e+03
3.057653882329310818e+03
2.979536669441711183e+03
2.900018677855066471e+03
2.819070164177298011e+03
2.736661297731623108e+03
2.652762242481656813e+03
2.567343248846351344e+03
2.480374756051015538e+03
2.391827505633517376e+03
2.301672666679639406e+03
2.209881973295500757e+03
2.116427874734272791e+03
2.021283698475561096e+03
1.924423826405432465e+03
1.825823884059275770e+03
1.725460942665981520e+03
1.623313733467320390e+03
1.519362873479739392e+03
1.413591101516586150e+03
1.305983522898535284e+03
1.196527860851994546e+03
1.085214712135738864e+03
9.720378039534213030e+02
8.569942487162493308e+02
7.400847927311488093e+02
6.213140544240720828e+02
5.006907472876644647e+02
3.782278823918628632e+02
2.539429450417669045e+02
1.278580400362943834e+02
0.000000000000000000e+00
