# mu
5.107198756871454037e+01
5.106712596969668283e+01
5.106225419491062922e+01
5.105737220233541507e+01
5.105247994969108305e+01
5.104757739443659403e+01
5.104266449376765280e+01
5.103774120461454800e+01
5.103280748363997077e+01
5.102786328723679787e+01
5.102290857152585346e+01
5.101794329235364955e+01
5.101296740529010521e+01
5.100798086562625144e+01
5.100298362837187938e+01
5.099797564825320961e+01
5.099295687971050484e+01
5.098792727689564686e+01
5.098288679366974918e+01
5.097783538360067723e+01
5.097277299996054722e+01
5.096769959572327480e+01
5.096261512356198153e+01
5.095751953584648675e+01
5.095241278464068557e+01
5.094729482169995549e+01
5.094216559846849179e+01
5.093702506607667146e+01
5.093187317533831049e+01
5.092670987674796379e+01
5.092153512047816832e+01
5.091634885637664354e+01
5.091115103396347763e+01
5.090594160242829957e+01
5.090072051062733749e+01
5.089548770708059067e+01
5.089024313996883109e+01
5.088498675713065467e+01
5.087971850605946145e+01
5.087443833390040027e+01
5.086914618744735606e+01
5.086384201313977371e+01
5.085852575705955303e+01
5.085319736492783704e+01
5.084785678210187143e+01
5.084250395357167918e+01
5.083713882395682049e+01
5.083176133750306747e+01
5.082637143807902191e+01
5.082096906917275447e+01
5.081555417388835849e+01
5.081012669494246836e+01
5.080468657466074944e+01
5.079923375497436666e+01
5.079376817741635364e+01
5.078828978311804576e+01
5.078279851280534274e+01
5.077729430679499956e+01
5.077177710499091745e+01
5.076624684688028566e+01
5.076070347152978002e+01
5.075514691758165498e+01
5.074957712324979298e+01
5.074399402631574674e+01
5.073839756412471047e+01
5.073278767358144137e+01
5.072716429114614556e+01
5.072152735283030722e+01
5.071587679419245376e+01
5.071021255033392805e+01
5.070453455589451153e+01
5.069884274504813959e+01
5.069313705149838967e+01
5.068741740847408295e+01
5.068168374872471560e+01
5.067593600451589708e+01
5.067017410762470320e+01
5.066439798933501493e+01
5.065860758043274359e+01
5.065280281120102757e+01
5.064698361141540772e+01
5.064114991033885360e+01
5.063530163671683226e+01
5.062943871877225632e+01
5.062356108420035383e+01
5.061766866016355948e+01
5.061176137328622815e+01
5.060583914964939822e+01
5.059990191478539145e+01
5.059394959367244837e+01
5.058798211072916473e+01
5.058199938980900612e+01
5.057600135419464493e+01
5.056998792659228315e+01
5.056395902912585427e+01
5.055791458333123245e+01
5.055185451015029230e+01
5.054577872992493326e+01
5.053968716239100445e+01
5.053357972667220110e+01
5.052745634127380470e+01
5.052131692407642305e+01
5.051516139232960967e+01
5.050898966264540491e+01
5.050280165099178475e+01
5.049659727268607412e+01
5.049037644238821798e+01
5.048413907409398149e+01
5.047788508112808614e+01
5.047161437613723933e+01
5.046532687108305026e+01
5.045902247723492451e+01
5.045270110516277384e+01
5.044636266472969766e+01
5.044000706508455067e+01
5.043363421465438989e+01
5.042724402113686466e+01
5.042083639149247176e+01
5.041441123193671103e+01
5.040796844793216280e+01
5.040150794418042324e+01
5.039502962461396862e+01
5.038853339238787044e+01
5.038201914987143937e+01
5.037548679863974144e+01
5.036893623946497200e+01
5.036236737230775873e+01
5.035578009630833662e+01
5.034917430977755259e+01
5.034254991179764716e+01
5.033590679574340498e+01
5.032924485902326239e+01
5.032256399653856249e+01
5.031586410231464868e+01
5.030914506949113729e+01
5.030240679031200557e+01
5.029564915611568665e+01
5.028887205732488042e+01
5.028207538343628613e+01
5.027525902301020722e+01
5.026842286365996415e+01
5.026156679204120792e+01
5.025469069384102028e+01
5.024779445376693587e+01
5.024087795553572988e+01
5.023394108186211326e+01
5.022698371444721488e+01
5.022000573396694278e+01
5.021300702006013239e+01
5.020598745131654539e+01
5.019894690526474790e+01
5.019188525835967596e+01
5.018480238597018683e+01
5.017769816236629055e+01
5.017057246070628196e+01
5.016342515302364546e+01
5.015625611021378205e+01
5.014906520202051610e+01
5.014185229702243163e+01
5.013461726261900964e+01
5.012735996501649538e+01
5.012008026921368042e+01
5.011277803898730099e+01
5.010545313687738656e+01
5.009810542417228163e+01
5.009073476089346855e+01
5.008334100578014869e+01
5.007592401627364609e+01
5.006848364850149835e+01
5.006101975726133446e+01
5.005353219600452519e+01
5.004602081681953507e+01
5.003848547041509676e+01
5.003092600610300877e+01
5.002334227178079118e+01
5.001573411391398594e+01
5.000810137751820150e+01
5.000044390614086609e+01
4.999276154184277488e+01
4.998505412517920377e+01
4.997732149518084555e+01
4.996956348933437653e+01
4.996177994356275320e+01
4.995397069220518205e+01
4.994613556799674825e+01
4.993827440204772472e+01
4.993038702382258975e+01
4.992247326111863970e+01
4.991453294004429608e+01
4.990656588499705038e+01
4.989857191864106767e+01
4.989055086188436405e+01
4.988250253385569977e+01
4.987442675188097496e+01
4.986632333145935547e+01
4.985819208623895094e+01
4.985003282799203106e+01
4.984184536658993636e+01
4.983362950997747731e+01
4.982538506414696400e+01
4.981711183311176683e+01
4.980880961887940828e+01
4.980047822142429936e+01
4.979211743865982953e+01
4.978372706641017942e+01
4.977530689838152256e+01
4.976685672613275813e+01
4.975837633904575341e+01
4.974986552429508890e+01
4.974132406681721363e+01
4.973275174927911735e+01
4.972414835204645556e+01
4.971551365315104221e+01
4.970684742825790892e+01
4.969814945063161815e+01
4.968941949110210032e+01
4.968065731802980167e+01
4.967186269727029924e+01
4.966303539213816975e+01
4.965417516337031145e+01
4.964528176908850554e+01
4.963635496476142350e+01
4.962739450316578882e+01
4.961840013434695607e+01
4.960937160557873682e+01
4.960030866132240135e+01
4.959121104318507633e+01
4.958207848987723310e+01
4.957291073716945107e+01
4.956370751784835704e+01
4.955446856167178282e+01
4.954519359532298495e+01
4.953588234236408283e+01
4.952653452318861582e+01
4.951714985497311261e+01
4.950772805162782930e+01
4.949826882374651404e+01
4.948877187855518400e+01
4.947923691985992178e+01
4.946966364799368421e+01
4.946005175976205237e+01
4.945040094838792299e+01
4.944071090345513397e+01
4.943098131085095304e+01
4.942121185270745087e+01
4.941140220734170896e+01
4.940155204919481946e+01
4.939166104876970564e+01
4.938172887256764199e+01
4.937175518302352373e+01
4.936173963843984325e+01
4.935168189291927376e+01
4.934158159629595986e+01
4.933143839406528741e+01
4.932125192731234620e+01
4.931102183263880079e+01
4.930074774208826227e+01
4.929042928307022464e+01
4.928006607828223196e+01
4.926965774563055334e+01
4.925920389814911715e+01
4.924870414391673989e+01
4.923815808597264976e+01
4.922756532223009884e+01
4.921692544538824166e+01
4.920623804284207381e+01
4.919550269659033859e+01
4.918471898314163582e+01
4.917388647341824992e+01
4.916300473265806659e+01
4.915207332031420151e+01
4.914109178995252591e+01
4.913005968914680466e+01
4.911897655937160323e+01
4.910784193589270075e+01
4.909665534765516526e+01
4.908541631716879294e+01
4.907412436039096093e+01
4.906277898660693637e+01
4.905137969830726519e+01
4.903992599106249628e+01
4.902841735339492857e+01
4.901685326664744480e+01
4.900523320484922607e+01
4.899355663457838972e+01
4.898182301482135870e+01
4.897003179682892693e+01
4.895818242396893538e+01
4.894627433157538121e+01
4.893430694679394577e+01
4.892227968842384911e+01
4.891019196675581071e+01
4.889804318340613065e+01
4.888583273114667804e+01
4.887355999373077253e+01
4.886122434571473150e+01
4.884882515227501187e+01
4.883636176902081161e+01
4.882383354180197443e+01
4.881123980651211269e+01
4.879857988888669951e+01
4.878585310429608057e+01
4.877305875753323505e+01
4.876019614259602264e+01
4.874726454246389551e+01
4.873426322886883355e+01
4.872119146206024709e+01
4.870804849056386843e+01
4.869483355093413479e+01
4.868154586750020485e+01
4.866818465210513978e+01
4.865474910383814233e+01
4.864123840875957683e+01
4.862765173961871312e+01
4.861398825556364045e+01
4.860024710184340080e+01
4.858642740950190841e+01
4.857252829506347780e+01
4.855854886020962624e+01
4.854448819144684535e+01
4.853034535976514263e+01
4.851611942028694102e+01
4.850180941190600947e+01
4.848741435691620438e+01
4.847293326062945340e+01
4.845836511098293897e+01
4.844370887813473558e+01
4.842896351404775857e+01
4.841412795206158393e+01
4.839920110791560148e+01
4.838418187337872212e+01
4.836906912474914577e+01
4.835386171633173547e+01
4.833855848146863821e+01
4.832315823202835503e+01
4.830765975787922173e+01
4.829206182634685973e+01
4.827636318165476581e+01
4.826056254434763559e+01
4.824465861069663930e+01
4.822865005208605282e+01
4.821253551438049811e+01
4.819631361727203966e+01
4.817998295360644079e+01
4.816354208868773412e+01
4.814698955956018978e+01
4.813032387426702030e+01
4.811354351108463590e+01
4.809664691773168954e+01
4.807963251055184628e+01
4.806249867366921080e+01
4.804524375811534753e+01
4.802786608092669951e+01
4.801036392421128340e+01
4.799273553418327509e+01
4.797497912016432764e+01
4.795709285355007978e+01
4.793907486674049778e+01
4.792092325203250880e+01
4.790263606047331280e+01
4.788421130067271747e+01
4.786564693757270561e+01
4.784694089117243010e+01
4.782809103520666838e+01
4.780909519577568290e+01
4.778995114992435589e+01
4.777065662416840297e+01
4.775120929296515015e+01
4.773160677712652955e+01
4.771184664217155813e+01
4.769192639661562083e+01
4.767184349019353107e+01
4.765159531201339149e+01
4.763117918863797229e+01
4.761059238209021771e+01
4.758983208777918605e+01
4.756889543234275664e+01
4.754777947140297556e+01
4.752648118722977699e+01
4.750499748630875274e+01
4.748332519680800345e+01
4.746146106593918290e+01
4.743940175720743468e+01
4.741714384754451572e+01
4.739468382431919480e+01
4.737201808221861654e+01
4.734914291999390201e+01
4.732605453706295862e+01
4.730274902996282549e+01
4.727922238864368865e+01
4.725547049259603227e+01
4.723148910680180990e+01
4.720727387750014969e+01
4.718282032775724844e+01
4.715812385282966801e+01
4.713317971530942430e+01
4.710798304003844805e+01
4.708252880877929414e+01
4.705681185462809424e+01
4.703082685615461145e+01
4.700456833125350897e+01
4.697803063068960228e+01
4.695120793131874848e+01
4.692409422896490412e+01
4.689668333093214869e+01
4.686896884812922082e+01
4.684094418678252225e+01
4.681260253971151286e+01
4.678393687713875693e+01
4.675493993700465012e+01
4.672560421475471060e+01
4.669592195256468870e+01
4.666588512796631960e+01
4.663548544183336020e+01
4.660471430568456697e+01
4.657356282825668359e+01
4.654202180129690447e+01
4.651008168451974001e+01
4.647773258966922327e+01
4.644496426362189823e+01
4.641176607046091362e+01
4.637812697244541482e+01
4.634403550979283892e+01
4.630947977918447833e+01
4.627444741195602518e+01
4.623892554541344424e+01
4.620290080354114792e+01
4.616635926478677732e+01
4.612928643369160397e+01
4.609166720934095451e+01
4.605348585163187636e+01
4.601472594517478143e+01
4.597537036062684734e+01
4.593540121323503200e+01
4.589479981834330857e+01
4.585354664359314825e+01
4.581162125751744441e+01
4.576900227419579892e+01
4.572566729360230653e+01
4.568159283723606734e+01
4.563675427857779709e+01
4.559112576786322535e+01
4.554468015060386676e+01
4.549738887921740371e+01
4.544922191705208547e+01
4.540014763400017017e+01
4.535013269279333770e+01
4.529914192495532177e+01
4.524713819525167224e+01
4.519408225331972773e+01
4.513993257098057654e+01
4.508464516352356100e+01
4.502817339300779054e+01
4.497046775133740226e+01
4.491147562052893250e+01
4.485114100719146535e+01
4.478940424776928353e+01
4.472620168053840928e+01
4.466146527968317059e+01
4.459512224598299213e+01
4.452709454768359620e+01
4.445729840397335408e+01
4.438564370208656840e+01
4.431203333735167860e+01
4.423636246341573752e+01
4.415851763730677249e+01
4.407837584081445925e+01
4.399580335570583856e+01
4.391065446532424232e+01
4.382276994884857402e+01
4.373197532651985853e+01
4.363807880393471095e+01
4.354086885032914722e+01
4.344011132862128477e+01
4.333554607244244750e+01
4.322688277548371616e+01
4.311379601839489339e+01
4.299591920411602075e+01
4.287283709791759634e+01
4.274407656467205641e+01
4.260909494950034571e+01
4.246726533815881055e+01
4.231785762767956527e+01
4.216001388332618660e+01
4.199271576836470388e+01
4.181474076210575674e+01
4.162460217394884410e+01
4.142046515651477989e+01
4.120002615694296821e+01
4.096033483341282988e+01
4.069752192535016633e+01
4.040636629495400456e+01
4.007957150191404594e+01
3.970648114788973260e+01
3.927061262224901839e+01
3.874440414009880840e+01
3.807625947650686982e+01
3.715045639159754387e+01
3.559795308063091568e+01
-inf
