# rho
# unit = KG/M^3
1.131190456017134898e-23
1.124826690315708091e-23
1.118486922134848071e-23
1.112170987668953611e-23
1.105878805015224246e-23
1.099610456076460589e-23
1.093365858949862027e-23
1.087144931732627799e-23
1.080947674424758201e-23
1.074773923220652006e-23
1.068623841925910145e-23
1.062497184832131222e-23
1.056394033842115555e-23
1.050314225150262213e-23
1.044257840659371661e-23
1.038224798466643286e-23
1.032215016669276475e-23
1.026228495267271524e-23
1.020265152357827523e-23
1.014324906038144009e-23
1.008407838211021740e-23
1.002513785070859197e-23
9.966427466176568207e-24
9.907947228514141703e-24
9.849695499665304610e-24
9.791673098658061587e-24
9.733878387436400376e-24
9.676312185028327105e-24
9.618972853377830987e-24
9.561860392484912022e-24
9.504974802349568741e-24
9.448316082971802612e-24
9.391881777267596720e-24
9.335672704264955723e-24
9.279688863963879622e-24
9.223929437336363756e-24
9.168393605354400529e-24
9.113080548989986751e-24
9.057991087271127079e-24
9.003123582141809258e-24
8.948478852630039416e-24
8.894055260679806765e-24
8.839852806291111304e-24
8.785870670435946906e-24
8.732108853114313570e-24
8.678567354326211296e-24
8.625244536015629297e-24
8.572141217210572231e-24
8.519255759855029310e-24
8.466588163949000535e-24
8.414138429492485906e-24
8.361905737457480763e-24
8.309889268815976039e-24
8.258089842595982271e-24
8.206505001713478133e-24
8.155136384224477354e-24
8.103982352072967674e-24
8.053042086230942966e-24
8.002316405726410828e-24
7.951804491531363661e-24
7.901504705589790678e-24
7.851417866929696538e-24
7.801543156523078051e-24
7.751879755341929088e-24
7.702428482414252840e-24
7.653186880656033858e-24
7.604155769095278273e-24
7.555335147731984613e-24
7.506723378510143562e-24
7.458321280457758308e-24
7.410127215518821002e-24
7.362141183693327237e-24
7.314362365953275291e-24
7.266791581326668355e-24
7.219427191757495641e-24
7.172268378217751020e-24
7.125315959735442090e-24
7.078569117282561253e-24
7.032027031831103849e-24
6.985689703381069880e-24
6.939555493876445617e-24
6.893625222345240129e-24
6.847898479273449617e-24
6.802374036119064152e-24
6.757051892882085204e-24
6.711931640048508974e-24
6.667012458590329334e-24
6.622294348507547753e-24
6.577776490772158836e-24
6.533458475870157316e-24
6.489340303801545396e-24
6.445420746024313883e-24
6.401700212052465843e-24
6.358177882857994411e-24
6.314852939412894928e-24
6.271725381717168129e-24
6.228794800256809480e-24
6.186060376003814322e-24
6.143521699444179590e-24
6.101178770577904550e-24
6.059030770376985278e-24
6.017077289327417239e-24
5.975317917915198838e-24
5.933752246626325542e-24
5.892379865946796491e-24
5.851200366362607885e-24
5.810212928845753597e-24
5.769417143882231295e-24
5.728813011472041715e-24
5.688400122101180324e-24
5.648177247227640132e-24
5.608144796365422734e-24
5.568301540972520406e-24
5.528647890562936213e-24
5.489182616594660963e-24
5.449905719067694654e-24
5.410816788468034958e-24
5.371915005767675745e-24
5.333200370966617015e-24
5.294672065036853376e-24
5.256329678464381761e-24
5.218172801735199842e-24
5.180201025335303820e-24
5.142413939750691365e-24
5.104811135467360147e-24
5.067392202971306367e-24
5.030156323234524632e-24
4.993103496257015676e-24
4.956232903010772635e-24
4.919544543495796245e-24
4.883037598684081111e-24
4.846711659061623434e-24
4.810566315114420885e-24
4.774601157328470399e-24
4.738815366675766583e-24
4.703209352670312500e-24
4.667781886770098958e-24
4.632532559461123627e-24
4.597461370743386507e-24
4.562567911102883799e-24
4.527850951997608514e-24
4.493310902941562247e-24
4.458946944906740339e-24
4.424758258865135926e-24
4.390745254330752808e-24
4.356906702761581791e-24
4.323242604157623610e-24
4.289752549004875201e-24
4.256435718275329700e-24
4.223291702454986247e-24
4.190320092029840309e-24
4.157520886999892620e-24
4.124892858823134722e-24
4.092436417013569678e-24
4.060150742543190627e-24
4.028035016383993643e-24
3.996089238535977256e-24
3.964312589971136073e-24
3.932705070689470094e-24
3.901265861662974660e-24
3.869994553377645236e-24
3.838891145833483292e-24
3.807954820002482700e-24
3.777184756856636596e-24
3.746581365909949514e-24
3.716143418620412261e-24
3.685870914988024836e-24
3.655763035984781847e-24
3.625819781610682557e-24
3.596040332837721574e-24
3.566424689665898897e-24
3.536971623553206068e-24
3.507681544013646151e-24
3.478553632019213752e-24
3.449587068541902008e-24
3.420782058338713553e-24
3.392137782381641524e-24
3.363653831156684326e-24
3.335329795149838159e-24
3.307165264847100695e-24
3.279159625977467335e-24
3.251312673783936917e-24
3.223623793995505210e-24
3.196092577098168784e-24
3.168718408820924142e-24
3.141501084406769754e-24
3.114439989584700655e-24
3.087534919597716049e-24
3.060785055417810173e-24
3.034190397044983027e-24
3.007749920694227319e-24
2.981463831122544580e-24
2.955331104544927516e-24
2.929351536204374964e-24
2.903524716586884226e-24
2.877850236178451870e-24
2.852327480708074034e-24
2.826956040661748022e-24
2.801735506525470402e-24
2.776665468785239211e-24
2.751745313170049119e-24
2.726974834922899694e-24
2.702353419772785975e-24
2.677880658205705629e-24
2.653556140707655227e-24
2.629379253007630906e-24
2.605349790348631134e-24
2.581467138459651682e-24
2.557730887826689853e-24
2.534140628935742583e-24
2.510695747515805641e-24
2.487396038809877497e-24
2.464240683789952757e-24
2.441229682456031052e-24
2.418362420537108521e-24
2.395638283762180568e-24
2.373057067374245660e-24
2.350618157102300303e-24
2.328321143432340698e-24
2.306165616850364516e-24
2.284150963085367159e-24
2.262276977380347463e-24
2.240543045464301199e-24
2.218948757823225669e-24
2.197493500186115911e-24
2.176177272552972658e-24
2.154999255895790149e-24
2.133959040700564954e-24
2.113056217453294741e-24
2.092290376639976447e-24
2.071660903989606209e-24
2.051167594745181762e-24
2.030810039392701142e-24
2.010587418904158221e-24
1.990499528522551835e-24
1.970545958733878551e-24
1.950726095267134875e-24
1.931039528608317375e-24
1.911486054000424519e-24
1.892064852415451282e-24
1.872775719096396129e-24
1.853618244529255630e-24
1.834591609686024391e-24
1.815695814566702779e-24
1.796930244900285830e-24
1.778294286415770050e-24
1.759787734356153539e-24
1.741409769693430536e-24
1.723160597184602573e-24
1.705039090666161774e-24
1.687045147759607925e-24
1.669178256572436643e-24
1.651438007590645599e-24
1.633823786543230564e-24
1.616335388673189821e-24
1.598972199709519327e-24
1.581733707759715433e-24
1.564619708066776792e-24
1.547629483981198224e-24
1.530762830745978564e-24
1.514019031711612818e-24
1.497397882121099269e-24
1.480898767703433872e-24
1.464521381323114513e-24
1.448265108709136962e-24
1.432129540347498154e-24
1.416114369102695976e-24
1.400218980703726382e-24
1.384442965636586491e-24
1.368785914387273239e-24
1.353247417441783929e-24
1.337826962907615098e-24
1.322524038892262915e-24
1.307338235881724867e-24
1.292269144361997889e-24
1.277316354819079102e-24
1.262479355360465042e-24
1.247757634093652246e-24
1.233150883883138415e-24
1.218658490457919320e-24
1.204280146682492848e-24
1.190015340664355535e-24
1.175863560511003549e-24
1.161824499086935145e-24
1.147897644499646309e-24
1.134082484856633943e-24
1.120378610643894985e-24
1.106785612347426369e-24
1.093302978074725000e-24
1.079930298311787630e-24
1.066667163544611746e-24
1.053512959502192751e-24
1.040467379049028714e-24
1.027530012671116754e-24
1.014700246097452643e-24
1.001977772192534082e-24
9.893620790638576085e-25
9.768527571974205247e-25
9.644492947007190007e-25
9.521512820597505229e-25
9.399583097605118435e-25
9.278697635319991006e-25
9.158854386172105784e-25
9.040046183666412817e-25
8.922270980232900455e-25
8.805522633161524571e-25
8.689797047312256358e-25
8.575090639437569922e-25
8.461397778719929557e-25
8.348713858126799869e-25
8.237035294410656803e-25
8.126356968646465726e-25
8.016674785694197832e-25
7.907983626628817572e-25
7.800279396310296140e-25
7.693557999598604728e-25
7.587813805676204876e-25
7.483043743188074520e-25
7.379242181316676116e-25
7.276405024921979021e-25
7.174527666971453354e-25
7.073606012325069389e-25
6.973634942057791577e-25
6.874610361029591112e-25
6.776527662207937193e-25
6.679382238560297184e-25
6.583169994946642277e-25
6.487885812441936923e-25
6.393526107798657065e-25
6.300085250199263323e-25
6.207559144503725972e-25
6.115943695572018042e-25
6.025234296371606897e-25
5.935425827977456986e-25
5.846514707142043335e-25
5.758495814940330393e-25
5.671364544339786442e-25
5.585116800200382675e-25
5.499747975489587374e-25
5.415253463174868820e-25
5.331628656223694376e-25
5.248869459496035235e-25
5.166971265959359679e-25
5.085929468581136908e-25
5.005739460328832446e-25
4.926396634169917332e-25
4.847896383071857091e-25
4.770235123787127665e-25
4.693407225498189675e-25
4.617409104957519063e-25
4.542235643240079361e-25
4.467882745205841763e-25
4.394345803822276387e-25
4.321619700164344929e-25
4.249700850984524248e-25
4.178584137357777879e-25
4.108265464144077932e-25
4.038739968364640314e-25
3.970003554879436678e-25
3.902051360709683390e-25
3.834879034769100187e-25
3.768481970025154433e-25
3.702856071337818239e-25
3.637996219782056055e-25
3.573898320217839076e-25
3.510557765612635582e-25
3.447970204880165312e-25
3.386130775041644171e-25
3.325035125010792356e-25
3.264679159647581061e-25
3.205057760026975196e-25
3.146166831008945495e-25
3.088001765560960699e-25
3.030557956650488170e-25
2.973831053191248105e-25
2.917816448150708785e-25
2.862509790442589029e-25
2.807906217088105663e-25
2.754001632947230339e-25
2.700791430987430420e-25
2.648271004176174646e-25
2.596436001427182296e-25
2.545281815707921651e-25
2.494803839985860074e-25
2.444997979120970136e-25
2.395859114188215369e-25
2.347383405993819341e-25
2.299565735612746503e-25
2.252402007904968508e-25
2.205887615837953636e-25
2.160018208325420708e-25
2.114788794415460819e-25
2.070195406941171352e-25
2.026233310896893940e-25
1.982898155196348779e-25
1.940185204833877736e-25
1.898090108723200776e-25
1.856608259831785493e-25
1.815735307073352311e-25
1.775466643415368595e-25
1.735797789798428353e-25
1.696724395136251553e-25
1.658241596450054101e-25
1.620345298599807879e-25
1.583030766579854753e-25
1.546293521330788731e-25
1.510129083793203363e-25
1.474532974907692889e-25
1.439500587641725360e-25
1.405027698882146011e-25
1.371109445650171210e-25
1.337741604832646880e-25
1.304919569397040614e-25
1.272638860283946422e-25
1.240894870460832584e-25
1.209683248841418380e-25
1.178999388393171859e-25
1.148838810056687263e-25
1.119197162745684097e-25
1.090069711454504457e-25
1.061452105096868080e-25
1.033339800626805995e-25
1.005728254998349120e-25
9.786130531386542120e-26
9.519896520017521874e-26
9.258535085416739616e-26
9.002001436990135441e-26
8.750251424009275786e-26
8.503238976148841168e-26
8.260919302814770533e-26
8.023248253278632613e-26
7.790179757215105631e-26
7.561669024030128530e-26
7.337671263129641405e-26
7.118141044053953413e-26
6.903034216074630992e-26
6.692304708866355805e-26
6.485908371700694292e-26
6.283800413983586545e-26
6.085934765389711932e-26
5.892266635325009401e-26
5.702751873061046535e-26
5.517345048138133641e-26
5.336000730096578727e-26
5.158674128342321313e-26
4.985320452281300344e-26
4.815894591386638724e-26
4.650351435131461077e-26
4.488646192921706349e-26
4.330733434297683698e-26
4.176568688598145813e-26
4.026106525363403002e-26
3.879302153999393635e-26
3.736110463979241763e-26
3.596486344776070865e-26
3.460385325728635352e-26
3.327761656444428914e-26
3.198570866262204817e-26
3.072767524722273366e-26
2.950307161163387252e-26
2.831144345125855632e-26
2.715233966082803132e-26
2.602531393406575284e-26
2.492991356603888690e-26
2.386569065080682584e-26
2.283219408310080443e-26
2.182897275765206606e-26
2.085557716885592283e-26
1.991155781110768685e-26
1.899646517880267312e-26
1.810984656700805054e-26
1.725125406978319996e-26
1.642023818152343923e-26
1.561634619729593439e-26
1.483913021116007202e-26
1.408813911784709264e-26
1.336292341175231124e-26
1.266303278743899981e-26
1.198801693947043755e-26
1.133742636224193943e-26
1.071080995048474453e-26
1.010771899842620077e-26
9.527702400797552963e-27
8.970309852162073118e-27
8.435092646747113452e-27
7.921598879451878679e-27
7.429379844503715276e-27
6.957984436633866626e-27
6.506963550153664177e-27
6.075866479710364907e-27
5.664243319783264465e-27
5.271644164851658497e-27
4.897618709478822600e-27
4.541716648228034521e-27
4.203488075578589190e-27
3.882483086009781539e-27
3.578251374084888597e-27
3.290342834325196344e-27
3.018307561209998995e-27
2.761695449260583246e-27
