5.000000000000000104e-03 1.501999999999999863e-02 3.446027921057323969e-05 2.929037260755562166e-05 4.388100288062356442e-05 3.589557457389332736e-05
1.501999999999999863e-02 2.503999999999999976e-02 3.346150395283018088e-05 2.847196704276294373e-05 4.259565283377431832e-05 3.486090950120599829e-05
2.503999999999999976e-02 3.505999999999999395e-02 3.262413913544456450e-05 2.773715606511340366e-05 4.129929568906326681e-05 3.390338325699896940e-05
3.505999999999999395e-02 4.507999999999999508e-02 3.171834576580016401e-05 2.698960419557822787e-05 4.001837064899148154e-05 3.292441735363870094e-05
4.507999999999999508e-02 5.509999999999999620e-02 3.071197964025803830e-05 2.618563532891031806e-05 3.875713378352208373e-05 3.190025365603691262e-05
5.509999999999999620e-02 6.511999999999999733e-02 4.400967865277435653e-05 4.028298450933431797e-05 8.239346493965689247e-05 5.568957231281721561e-05
6.511999999999999733e-02 7.513999999999999846e-02 1.234711669510772279e-04 1.038122713995461488e-04 2.029669288300971262e-04 1.436445908719709893e-04
7.513999999999999846e-02 8.515999999999999959e-02 2.267168465583571494e-04 1.797910457105824007e-04 3.309304754417268456e-04 2.460470736276840252e-04
8.515999999999999959e-02 9.518000000000000071e-02 3.531088662130773756e-04 2.638798848888333900e-04 4.592677712207845196e-04 3.588648155582164719e-04
9.518000000000000071e-02 1.052000000000000018e-01 4.924288438636311490e-04 3.584419416266506004e-04 5.883516713459073380e-04 4.796802804923070763e-04
1.052000000000000018e-01 1.152200000000000030e-01 6.803681106595829394e-04 4.734808475769775428e-04 7.071055651101554752e-04 6.197855824897675501e-04
1.152200000000000030e-01 1.252399999999999902e-01 8.228292074529599404e-04 5.933117046540924665e-04 8.498437425508981310e-04 7.547277905335368110e-04
1.252399999999999902e-01 1.352599999999999913e-01 1.003755019612441717e-03 7.633421851367703593e-04 9.811557226894643095e-04 9.152712452967161523e-04
1.352599999999999913e-01 1.452799999999999925e-01 1.097249712161925579e-03 9.632906096071003690e-04 1.166599917083929131e-03 1.075556824035530214e-03
1.452799999999999925e-01 1.552999999999999936e-01 1.296755588381018950e-03 1.287374573182676219e-03 1.479776073199859073e-03 1.355269011379926390e-03
1.552999999999999936e-01 1.653199999999999947e-01 1.646598653486863566e-03 1.613129800335510143e-03 1.626122042757942830e-03 1.628440943691283850e-03
1.653199999999999947e-01 1.753399999999999959e-01 2.016095235807460230e-03 1.910465430593117665e-03 1.726261040731375505e-03 1.882904022071075134e-03
1.753399999999999959e-01 1.853599999999999970e-01 2.695093341355277346e-03 2.269443896162776260e-03 1.702450473400593349e-03 2.217443262970981727e-03
1.853599999999999970e-01 1.953799999999999981e-01 3.594655732810645918e-03 2.554152325747036188e-03 1.566927406347588900e-03 2.561410789109714713e-03
1.953799999999999981e-01 2.053999999999999992e-01 4.412618262751048445e-03 2.837717061464562190e-03 1.527722756908564275e-03 2.910791682910730382e-03
2.053999999999999992e-01 2.154200000000000004e-01 5.308373167674988388e-03 2.963777459471214886e-03 1.567651252883219340e-03 3.259268747222226863e-03
2.154200000000000004e-01 2.254400000000000015e-01 6.227214302335470908e-03 3.413493302928536938e-03 1.510486505722756978e-03 3.691441458836286407e-03
2.254400000000000015e-01 2.354600000000000026e-01 7.102067142550269434e-03 3.782858710023246415e-03 1.534573744830018205e-03 4.109594410584583961e-03
2.354600000000000026e-01 2.454799999999999760e-01 8.062269145372197299e-03 4.131223348906833820e-03 1.543493702826094797e-03 4.543453913903147852e-03
2.454799999999999760e-01 2.555000000000000049e-01 9.164729929173449918e-03 4.467462771837278288e-03 1.541025396681080899e-03 5.015869701064110467e-03
2.555000000000000049e-01 2.655199999999999783e-01 1.042857493396196281e-02 4.768698118619787638e-03 1.534156570665931238e-03 5.527748196619898177e-03
2.655199999999999783e-01 2.755400000000000071e-01 1.178964649409097905e-02 5.096258852135814379e-03 1.515190787733230451e-03 6.076167169010383319e-03
2.755400000000000071e-01 2.855599999999999805e-01 1.318876841793286889e-02 5.456395556857783144e-03 1.487851995613135225e-03 6.645152646098608298e-03
2.855599999999999805e-01 2.955800000000000094e-01 1.463829352886594250e-02 5.763754651714959182e-03 1.467490507588083441e-03 7.215201447683144975e-03
2.955800000000000094e-01 3.055999999999999828e-01 1.596445230291872880e-02 6.140278076235128335e-03 1.451952499631407271e-03 7.769840160665558194e-03
3.055999999999999828e-01 3.156200000000000117e-01 1.743292146523209296e-02 6.528064572574775876e-03 1.451601601086687432e-03 8.379873859018128687e-03
3.156200000000000117e-01 3.256399999999999850e-01 1.894236334930975499e-02 6.930794540737948879e-03 1.467608992957759656e-03 9.013830823913153434e-03
3.256399999999999850e-01 3.356599999999999584e-01 2.059282559707846169e-02 7.087484965871462469e-03 1.465582248251049271e-03 9.605017201581293740e-03
3.356599999999999584e-01 3.456799999999999873e-01 2.199191876934093390e-02 7.400004637438361600e-03 1.588166361704320155e-03 1.020849279355228421e-02
3.456799999999999873e-01 3.556999999999999607e-01 2.338154020946711306e-02 7.525407509433466348e-03 1.885832490944990437e-03 1.080492685705973510e-02
3.556999999999999607e-01 3.657199999999999895e-01 2.417119354262938294e-02 7.300857600403608781e-03 1.823878666630945455e-03 1.096647735672090160e-02
3.657199999999999895e-01 3.757399999999999629e-01 2.520790123804523761e-02 7.479174864059526077e-03 1.796009919597534510e-03 1.135573353711438749e-02
3.757399999999999629e-01 3.857599999999999918e-01 2.664824888811301654e-02 7.595022614968284513e-03 1.727899185933263332e-03 1.184227547412725415e-02
3.857599999999999918e-01 3.957799999999999652e-01 2.803768356834546865e-02 7.710451542105287853e-03 1.681894180060726496e-03 1.231949315429327341e-02
3.957799999999999652e-01 4.057999999999999940e-01 2.933104021757378110e-02 7.829668172891379729e-03 1.643408434724416469e-03 1.276913238694897534e-02
4.057999999999999940e-01 4.158199999999999674e-01 3.076239680971278381e-02 7.923576979556236355e-03 1.585203761008635972e-03 1.324869532389767214e-02
4.158199999999999674e-01 4.258399999999999963e-01 3.218084822354284891e-02 8.005866301012971864e-03 1.542929736442838961e-03 1.372550182319753898e-02
4.258399999999999963e-01 4.358599999999999697e-01 3.335669689580749581e-02 8.138818745569187038e-03 1.530924409632242970e-03 1.415029729140161036e-02
4.358599999999999697e-01 4.458799999999999986e-01 3.465374944084895215e-02 8.253493010757492754e-03 1.486652638392032362e-03 1.459766632856622330e-02
4.458799999999999986e-01 4.558999999999999719e-01 3.550169704908070351e-02 8.460784905804600436e-03 1.501887818234263474e-03 1.494952982859963121e-02
4.558999999999999719e-01 4.659200000000000008e-01 3.673675671720887798e-02 8.765362720365455287e-03 1.499461147912106935e-03 1.545462602606070997e-02
4.659200000000000008e-01 4.759399999999999742e-01 3.808702136380506809e-02 9.243487727292186429e-03 1.453880096623619538e-03 1.604119270665607666e-02
4.759399999999999742e-01 4.859599999999999476e-01 3.502636552258859420e-02 1.018459546930636228e-02 1.733106361476261133e-03 1.545200802331314280e-02
4.859599999999999476e-01 4.959799999999999764e-01 3.132205988087102128e-02 1.126597180900769206e-02 2.058542322736508969e-03 1.471531320154079517e-02
4.959799999999999764e-01 5.060000000000000053e-01 2.897968157717422527e-02 1.218878836470989324e-02 2.339202517874504426e-03 1.435510132263392337e-02
5.060000000000000053e-01 5.160199999999999232e-01 2.768155331485054951e-02 1.304112304110146940e-02 2.465125805014890120e-03 1.426017127503496039e-02
5.160199999999999232e-01 5.260399999999999521e-01 2.699387523651210902e-02 1.415541633304110043e-02 2.458779136302067635e-03 1.440820708124998517e-02
5.260399999999999521e-01 5.360599999999999810e-01 2.555509480160844671e-02 1.532651011952357832e-02 2.561501397048871094e-03 1.436673472225490772e-02
5.360599999999999810e-01 5.460800000000000098e-01 2.408007467211028402e-02 1.617518416750782229e-02 2.571744593338243495e-03 1.417380887870551415e-02
5.460800000000000098e-01 5.560999999999999277e-01 2.228661075770442535e-02 1.705845930899609064e-02 2.651742000056717553e-03 1.391199855470050088e-02
5.560999999999999277e-01 5.661199999999999566e-01 2.082444973746457387e-02 1.780376741878430397e-02 2.715550356214641720e-03 1.370655254770490605e-02
5.661199999999999566e-01 5.761399999999999855e-01 2.114335579896076817e-02 1.772352480912267603e-02 2.549722603838554171e-03 1.372786327666978244e-02
5.761399999999999855e-01 5.861600000000000144e-01 1.888898173228883981e-02 1.922212695467895305e-02 2.345300100058727612e-03 1.342663087922537322e-02
5.861600000000000144e-01 5.961799999999999322e-01 1.624870041679148461e-02 2.038575574178562444e-02 2.446428635927243647e-03 1.298961179982355621e-02
5.961799999999999322e-01 6.061999999999999611e-01 1.367865232924813518e-02 2.148994570239761912e-02 2.597371272392158537e-03 1.257232723666017009e-02
6.061999999999999611e-01 6.162199999999999900e-01 1.166887018853199863e-02 2.236283108899897801e-02 2.792923725719438643e-03 1.227529299977146368e-02
6.162199999999999900e-01 6.262400000000000189e-01 9.990244119538608733e-03 2.306831690219495259e-02 2.998192716025698586e-03 1.203340365744809924e-02
6.262400000000000189e-01 6.362599999999999367e-01 8.128681605552160946e-03 2.378926561784008853e-02 3.201341732442416523e-03 1.173624080904786017e-02
6.362599999999999367e-01 6.462799999999999656e-01 6.597053331532351343e-03 2.425341279204551101e-02 3.433551894647197868e-03 1.147026929846169628e-02
6.462799999999999656e-01 6.562999999999999945e-01 5.393405133877243914e-03 2.451813734188946700e-02 3.677912888437910675e-03 1.124845364669477960e-02
6.562999999999999945e-01 6.663199999999999124e-01 4.411405240675887393e-03 2.465889508802417834e-02 3.926799516226099108e-03 1.105887021379165641e-02
6.663199999999999124e-01 6.763399999999999412e-01 3.704450433158399530e-03 2.469958470866310055e-02 4.179690958923270444e-03 1.092682575296828433e-02
6.763399999999999412e-01 6.863599999999999701e-01 3.124914692518463051e-03 2.470296036098138664e-02 4.406437922474813577e-03 1.081504483719337127e-02
6.863599999999999701e-01 6.963799999999999990e-01 2.616891870983636872e-03 2.456442107371576214e-02 4.658921265802641945e-03 1.068756054420357850e-02
6.963799999999999990e-01 7.063999999999999169e-01 2.171544056143792818e-03 2.436048000440328362e-02 4.941920860126675433e-03 1.056883347268101729e-02
7.063999999999999169e-01 7.164199999999999458e-01 1.791243242350709901e-03 2.417297056749135795e-02 5.249871099219528998e-03 1.048528988430531654e-02
7.164199999999999458e-01 7.264399999999999746e-01 1.523105117346912861e-03 2.396395728370253816e-02 5.570360968424719651e-03 1.043537877240435612e-02
7.264399999999999746e-01 7.364600000000000035e-01 1.294581681777748350e-03 2.376943284528344399e-02 5.983368229973765919e-03 1.043445626601429560e-02
7.364600000000000035e-01 7.464799999999999214e-01 1.106080141720318811e-03 2.364016993925784418e-02 6.714241945488221702e-03 1.057566568806618708e-02
7.464799999999999214e-01 7.564999999999999503e-01 9.528184125238625332e-04 2.336682906422164752e-02 8.029919709588119112e-03 1.087697317201318133e-02
7.564999999999999503e-01 7.665199999999999791e-01 1.039300603248052802e-03 2.252738808336782889e-02 9.521391258429018345e-03 1.112541055919839990e-02
7.665199999999999791e-01 7.765400000000000080e-01 1.081769404402859727e-03 2.127888508538888432e-02 1.089415937211777978e-02 1.118187435481009760e-02
7.765400000000000080e-01 7.865599999999999259e-01 1.013771933982002965e-03 2.005041947145342479e-02 1.205383469317035557e-02 1.113718994714519780e-02
7.865599999999999259e-01 7.965799999999999548e-01 8.730422012894216346e-04 1.879512412471202876e-02 1.315746487804973601e-02 1.104083649612691044e-02
7.965799999999999548e-01 8.065999999999999837e-01 7.274453859428600937e-04 1.732397126630921130e-02 1.443559545826245995e-02 1.092908209383612432e-02
8.065999999999999837e-01 8.166199999999999015e-01 6.201777141904809198e-04 1.564114297537489567e-02 1.574274833767134313e-02 1.076842554405382964e-02
8.166199999999999015e-01 8.266399999999999304e-01 5.415765794914729212e-04 1.395157656678504797e-02 1.690378281114924761e-02 1.056563229502593612e-02
8.266399999999999304e-01 8.366599999999999593e-01 4.675563679906504237e-04 1.231335508095325951e-02 1.803434597393366659e-02 1.037133932814964660e-02
8.366599999999999593e-01 8.466799999999999882e-01 4.246413842606765166e-04 1.081717230598037462e-02 1.896415680026245290e-02 1.016734218732598914e-02
8.466799999999999882e-01 8.566999999999999060e-01 3.754181499871355344e-04 9.400037501840714793e-03 1.982272241267181087e-02 9.963867927083086898e-03
8.566999999999999060e-01 8.667199999999999349e-01 3.281593370847051059e-04 8.098377256725049558e-03 2.055179273509532417e-02 9.756244581726988482e-03
8.667199999999999349e-01 8.767399999999999638e-01 2.949503460322236404e-04 6.947082457725885229e-03 2.109027223294690848e-02 9.539570351205131638e-03
8.767399999999999638e-01 8.867599999999999927e-01 2.597533980726558301e-04 5.859439634598013168e-03 2.151587127872435154e-02 9.305622454851954217e-03
8.867599999999999927e-01 8.967799999999999105e-01 2.215848050551998702e-04 4.845086565100176906e-03 2.176225690355493639e-02 9.034970486571525933e-03
8.967799999999999105e-01 9.067999999999999394e-01 1.940443580616768940e-04 3.984510448366431791e-03 2.170365139417971059e-02 8.716750091508063819e-03
9.067999999999999394e-01 9.168199999999999683e-01 1.869244537851776078e-04 3.340480214351461766e-03 2.137095823674534101e-02 8.385687064273922298e-03
9.168199999999999683e-01 9.268399999999999972e-01 1.817486620588438866e-04 2.834594492018152091e-03 2.093251217515753812e-02 8.066093951756139052e-03
9.268399999999999972e-01 9.368599999999999151e-01 1.684172308663435091e-04 2.404801500230133171e-03 2.044159448807049070e-02 7.751751939317240610e-03
9.368599999999999151e-01 9.468799999999999439e-01 1.569835106965853874e-04 2.079883563312461599e-03 1.987402125669973652e-02 7.447478052306814693e-03
9.468799999999999439e-01 9.568999999999999728e-01 1.383572816961022391e-04 1.782994262279800077e-03 1.924361987041149982e-02 7.129112680797033280e-03
9.568999999999999728e-01 9.669199999999998907e-01 1.192938222437124596e-04 1.517735939971309430e-03 1.848183333043694129e-02 6.776973975031705920e-03
9.669199999999998907e-01 9.769399999999999196e-01 8.988270269596400244e-05 1.229788240484505678e-03 1.756563710749556653e-02 6.361794296545320027e-03
9.769399999999999196e-01 9.869599999999999485e-01 7.141213048318487166e-05 9.981251220998305605e-04 1.664007484758131886e-02 5.965965446738762459e-03
9.869599999999999485e-01 9.969799999999999773e-01 6.637813273455817455e-05 8.666435037800205785e-04 1.586015671910568151e-02 5.657299502130752958e-03
9.969799999999999773e-01 1.006999999999999895e+00 6.476109474988764921e-05 7.774788678385427402e-04 1.518830144698371694e-02 5.400396075928190834e-03
1.006999999999999895e+00 1.017019999999999813e+00 6.399842191449988500e-05 7.078062330242385286e-04 1.459297278530501812e-02 5.176114103887972766e-03
1.017019999999999813e+00 1.027039999999999731e+00 6.439802524950246959e-05 6.535171379597783103e-04 1.404620007675899500e-02 4.973747442608428791e-03
1.027039999999999731e+00 1.037059999999999871e+00 6.612540177256414655e-05 6.219190764801028155e-04 1.354564624394588059e-02 4.795020734367711271e-03
1.037059999999999871e+00 1.047079999999999789e+00 7.139572026157751591e-05 6.211513925536279665e-04 1.306523488279954896e-02 4.634609015390713481e-03
1.047079999999999789e+00 1.057099999999999929e+00 8.252152002942367553e-05 6.508098617469230832e-04 1.259171166739167687e-02 4.488665699812411335e-03
1.057099999999999929e+00 1.067119999999999846e+00 9.081365457383212131e-05 6.597047791226852030e-04 1.211915609370905166e-02 4.335138404603791976e-03
1.067119999999999846e+00 1.077139999999999764e+00 9.494209657887300500e-05 6.454337815103985488e-04 1.165831515453684755e-02 4.176405761141499876e-03
1.077139999999999764e+00 1.087159999999999904e+00 9.443311814790265716e-05 6.043516170750305467e-04 1.122900180732657946e-02 4.017762841603222251e-03
1.087159999999999904e+00 1.097179999999999822e+00 9.631547105793075540e-05 5.464041840394871091e-04 1.079963619684398864e-02 3.854210438734663458e-03
1.097179999999999822e+00 1.107199999999999740e+00 9.864111940234332509e-05 5.332922532381182898e-04 1.044378913824665911e-02 3.730656560814307049e-03
1.107199999999999740e+00 1.117219999999999880e+00 1.015347719003767814e-04 5.385433255524541864e-04 1.009272555361372635e-02 3.615076890793329344e-03
1.117219999999999880e+00 1.127239999999999798e+00 1.043568287900273589e-04 5.284729069291716191e-04 9.748542326165775609e-03 3.496638407111466763e-03
1.127239999999999798e+00 1.137259999999999716e+00 1.056390965325225721e-04 5.110755362291312430e-04 9.420277550507786396e-03 3.380596050656967805e-03
1.137259999999999716e+00 1.147279999999999855e+00 1.060039661112002714e-04 4.894548988543892011e-04 9.105706136183680521e-03 3.267447396156257684e-03
1.147279999999999855e+00 1.157299999999999773e+00 1.044951254975094468e-04 4.653936637032364478e-04 8.821025119067030240e-03 3.162937297233725260e-03
1.157299999999999773e+00 1.167319999999999913e+00 1.016979881519777226e-04 4.390220515032853188e-04 8.555918714645857279e-03 3.063824880549401771e-03
1.167319999999999913e+00 1.177339999999999831e+00 9.672231838402425006e-05 4.086101212310701649e-04 8.300859127931646889e-03 2.966027018777306953e-03
1.177339999999999831e+00 1.187359999999999749e+00 9.302164551237044699e-05 3.843200349684777728e-04 8.060934260634720905e-03 2.875804562584538451e-03
1.187359999999999749e+00 1.197379999999999889e+00 9.329099929234732549e-05 3.717388037751660919e-04 7.829700312266527074e-03 2.793745993102745694e-03
1.197379999999999889e+00 1.207399999999999807e+00 9.406314499094168104e-05 3.613682660734118791e-04 7.585561170758321758e-03 2.708246875211895235e-03
1.207399999999999807e+00 1.217419999999999725e+00 9.467141775371030229e-05 3.505778196144031765e-04 7.328662691943482223e-03 2.618253704009704339e-03
1.217419999999999725e+00 1.227439999999999864e+00 9.408265836951683380e-05 3.379580405753410664e-04 7.067409516479560699e-03 2.525786831773557933e-03
1.227439999999999864e+00 1.237459999999999782e+00 9.424542939292837574e-05 3.280301645784588680e-04 6.813325860874024260e-03 2.436886732138647971e-03
1.237459999999999782e+00 1.247479999999999922e+00 9.304703300244309609e-05 3.160355683559671540e-04 6.570690589255081919e-03 2.350704327769028833e-03
1.247479999999999922e+00 1.257499999999999840e+00 9.127066998015617770e-05 3.045003132160526782e-04 6.347420946253286116e-03 2.271012898822390852e-03
1.257499999999999840e+00 1.267519999999999758e+00 9.239342079966211818e-05 2.969102650966450496e-04 6.131725412154179038e-03 2.196147708507198079e-03
1.267519999999999758e+00 1.277539999999999898e+00 9.589182754255160901e-05 2.949795375960253228e-04 5.922992188108153373e-03 2.126308195890866393e-03
1.277539999999999898e+00 1.287559999999999816e+00 9.809531299063971473e-05 2.926588547494039078e-04 5.718386161138041927e-03 2.057305159131893151e-03
1.287559999999999816e+00 1.297579999999999734e+00 9.927356860582748483e-05 2.885294589078397768e-04 5.508332432758733695e-03 1.985523191326989730e-03
1.297579999999999734e+00 1.307599999999999874e+00 9.852362171304723316e-05 2.805374086408742593e-04 5.295742753894719206e-03 1.910957537981892562e-03
1.307599999999999874e+00 1.317619999999999791e+00 9.672137235115500667e-05 2.706556194746184826e-04 5.087508282351312604e-03 1.836879955994105739e-03
1.317619999999999791e+00 1.327639999999999709e+00 9.450186584837736630e-05 2.617760163762357308e-04 4.909438872175459802e-03 1.773167329919491438e-03
1.327639999999999709e+00 1.337659999999999849e+00 8.965469401574978239e-05 2.479135877079164546e-04 4.758611903982843706e-03 1.716099588196706412e-03
1.337659999999999849e+00 1.347679999999999767e+00 8.636914476461892494e-05 2.348776230157624686e-04 4.608441824607375885e-03 1.660041328845612320e-03
1.347679999999999767e+00 1.357699999999999907e+00 8.644265754004968152e-05 2.273237030138706473e-04 4.448106519299805696e-03 1.603499225781462737e-03
1.357699999999999907e+00 1.367719999999999825e+00 8.789736387266008683e-05 2.254309874870144017e-04 4.289450987898812441e-03 1.549878612793539412e-03
1.367719999999999825e+00 1.377739999999999743e+00 9.013335636089187159e-05 2.257956998905897000e-04 4.134780690870996055e-03 1.498615397499312562e-03
1.377739999999999743e+00 1.387759999999999883e+00 9.261787100334809800e-05 2.260925226442232587e-04 3.975076740634870404e-03 1.445714436183158889e-03
1.387759999999999883e+00 1.397779999999999800e+00 9.471537276099339497e-05 2.254578429731401100e-04 3.812918788385931401e-03 1.391546834829410044e-03
1.397779999999999800e+00 1.407799999999999718e+00 9.800035886951758205e-05 2.263634155869323407e-04 3.651420130593245692e-03 1.338507406015427724e-03
1.407799999999999718e+00 1.417819999999999858e+00 1.013823102263324694e-04 2.278555552242965583e-04 3.499448005656114954e-03 1.288906936046240771e-03
1.417819999999999858e+00 1.427839999999999776e+00 1.036698196495279100e-04 2.274979482509917599e-04 3.347101729855433798e-03 1.238200661290676579e-03
1.427839999999999776e+00 1.437859999999999916e+00 1.048163266279985407e-04 2.256719374817780404e-04 3.200449961090901050e-03 1.188546487214215764e-03
1.437859999999999916e+00 1.447879999999999834e+00 1.063622226328903361e-04 2.245484018847862518e-04 3.058027201803110735e-03 1.140684047863085773e-03
1.447879999999999834e+00 1.457899999999999752e+00 1.087573764766723355e-04 2.248284208255202875e-04 2.925350650453259135e-03 1.096855155630419671e-03
1.457899999999999752e+00 1.467919999999999892e+00 1.117351906015018803e-04 2.260012782698169452e-04 2.797797160286477972e-03 1.055243153270957537e-03
1.467919999999999892e+00 1.477939999999999809e+00 1.133906893424569740e-04 2.257268000762701417e-04 2.681044812017743459e-03 1.016351794755604833e-03
1.477939999999999809e+00 1.487959999999999727e+00 1.138420379165029303e-04 2.241408827252868872e-04 2.573684219592484081e-03 9.797904994924978416e-04
1.487959999999999727e+00 1.497979999999999867e+00 1.160078532969154285e-04 2.243261973103932911e-04 2.465297703621293583e-03 9.440393877216252377e-04
1.497979999999999867e+00 1.507999999999999785e+00 1.183671975872625239e-04 2.249859717987648063e-04 2.363526708378974311e-03 9.107402006440333412e-04
1.507999999999999785e+00 1.518019999999999703e+00 1.200518313933569164e-04 2.247817013906787062e-04 2.266178827988598894e-03 8.784203338196372793e-04
1.518019999999999703e+00 1.528039999999999843e+00 1.211935613196644316e-04 2.239479012878486366e-04 2.171706690140440699e-03 8.466803412020614417e-04
1.528039999999999843e+00 1.538059999999999761e+00 1.233923500581579440e-04 2.242574802817016207e-04 2.075660478376703273e-03 8.151398801864556112e-04
1.538059999999999761e+00 1.548079999999999901e+00 1.267325765057543277e-04 2.256206681666403412e-04 1.980075630782235883e-03 7.844821618787122322e-04
1.548079999999999901e+00 1.558099999999999818e+00 1.309119735492147356e-04 2.276910573740208166e-04 1.881079648035027894e-03 7.531870775425628627e-04
1.558099999999999818e+00 1.568119999999999736e+00 1.339958896219479469e-04 2.278012794898578758e-04 1.796128362724054269e-03 7.256071538794983027e-04
1.568119999999999736e+00 1.578139999999999876e+00 1.332315057065555012e-04 2.247632328976109759e-04 1.730561843730716838e-03 7.022428119291629573e-04
1.578139999999999876e+00 1.588159999999999794e+00 1.333360885570467720e-04 2.221254692384454818e-04 1.658685257945050106e-03 6.771707994736452137e-04
1.588159999999999794e+00 1.598179999999999712e+00 1.326401425290908015e-04 2.186359282148720264e-04 1.593215326568484750e-03 6.537094881573037898e-04
1.598179999999999712e+00 1.608199999999999852e+00 1.324320476043641442e-04 2.159531295447152978e-04 1.532645525340928759e-03 6.323300175751559154e-04
1.608199999999999852e+00 1.618219999999999770e+00 1.349097719479849507e-04 2.163310851971957062e-04 1.475854729333056807e-03 6.141308353846085515e-04
1.618219999999999770e+00 1.628239999999999688e+00 1.381141156273794153e-04 2.170007854374092200e-04 1.419307115542436156e-03 5.963490967540380824e-04
1.628239999999999688e+00 1.638259999999999827e+00 1.393368138710878422e-04 2.161678072885115309e-04 1.361903254756498044e-03 5.771260296284708635e-04
1.638259999999999827e+00 1.648279999999999745e+00 1.386590012791715811e-04 2.138506200163191231e-04 1.305739993511784549e-03 5.572008860100512335e-04
1.648279999999999745e+00 1.658299999999999885e+00 1.357216662188314826e-04 2.081744112270347813e-04 1.254004470225656125e-03 5.368996558401958148e-04
1.658299999999999885e+00 1.668319999999999803e+00 1.321880136505624670e-04 2.035842957771364877e-04 1.203222012479287020e-03 5.170900958547974043e-04
1.668319999999999803e+00 1.678339999999999721e+00 1.295878181831440837e-04 1.998957286911798076e-04 1.155038072865170436e-03 4.987643039011440066e-04
1.678339999999999721e+00 1.688359999999999861e+00 1.287363608519472361e-04 1.967973933691145373e-04 1.105524028353404567e-03 4.807601375537315868e-04
1.688359999999999861e+00 1.698379999999999779e+00 1.284648738675375312e-04 1.948717643890249479e-04 1.058530078581660728e-03 4.641890503979198297e-04
1.698379999999999779e+00 1.708399999999999697e+00 1.283164514957789784e-04 1.931517959948348187e-04 1.013258861116975640e-03 4.483078209698830065e-04
1.708399999999999697e+00 1.718419999999999837e+00 1.275244935691092021e-04 1.901080666338232454e-04 9.647051632980570973e-04 4.306650495287833616e-04
1.718419999999999837e+00 1.728439999999999754e+00 1.263771110707653236e-04 1.873412602646589938e-04 9.167772052997113889e-04 4.132101640295071632e-04
1.728439999999999754e+00 1.738459999999999894e+00 1.259697538752390083e-04 1.846063418901188369e-04 8.635197605073811206e-04 3.942119748900387564e-04
1.738459999999999894e+00 1.748479999999999812e+00 1.257560537273756099e-04 1.810902212158773924e-04 8.123369331436513076e-04 3.757133160649587232e-04
1.748479999999999812e+00 1.758499999999999730e+00 1.239944668691304788e-04 1.768045788087479434e-04 7.716461731243083643e-04 3.599854696358482800e-04
1.758499999999999730e+00 1.768519999999999870e+00 1.212304947106263085e-04 1.720331942636721086e-04 7.344185326906102918e-04 3.449336808847661162e-04
1.768519999999999870e+00 1.778539999999999788e+00 1.193503038781056492e-04 1.684974426773947235e-04 7.041265375722070320e-04 3.329232101873751517e-04
1.778539999999999788e+00 1.788559999999999706e+00 1.187034832798068305e-04 1.655234094685395269e-04 6.784027893303085132e-04 3.230438732354326569e-04
1.788559999999999706e+00 1.798579999999999846e+00 1.178326624252695374e-04 1.615874704087097978e-04 6.474347363756683500e-04 3.110007254977547242e-04
1.798579999999999846e+00 1.808599999999999763e+00 1.162449934522454291e-04 1.577000094473663490e-04 6.224506013239335502e-04 3.007559972545390827e-04
1.808599999999999763e+00 1.818619999999999681e+00 1.148135525936796905e-04 1.542347409580374672e-04 5.969151052663448486e-04 2.905185379677899704e-04
1.818619999999999681e+00 1.828639999999999821e+00 1.134164693320752107e-04 1.504986337839585504e-04 5.652492774115170249e-04 2.781355766027213995e-04
1.828639999999999821e+00 1.838659999999999739e+00 1.113430890134667849e-04 1.469540477629446438e-04 5.427547964151398924e-04 2.686864057010963838e-04
1.838659999999999739e+00 1.848679999999999879e+00 1.091968782406224544e-04 1.434652494292888920e-04 5.192909458091811339e-04 2.589055783938215820e-04
1.848679999999999879e+00 1.858699999999999797e+00 1.076598202879699620e-04 1.400606633249619720e-04 4.924934357124067900e-04 2.482287917464340624e-04
1.858699999999999797e+00 1.868719999999999715e+00 1.062947428163035530e-04 1.372518232491921962e-04 4.699217254691564170e-04 2.392324689226522298e-04
1.868719999999999715e+00 1.878739999999999855e+00 1.050324578073675701e-04 1.346345911267226973e-04 4.510285251409201345e-04 2.315736560175357857e-04
1.878739999999999855e+00 1.888759999999999772e+00 1.038666011177989001e-04 1.319008412463236945e-04 4.264442805399021254e-04 2.219895460747528992e-04
1.888759999999999772e+00 1.898779999999999690e+00 1.024760977429927219e-04 1.293620266874138339e-04 4.099332392607958207e-04 2.151178965766420783e-04
1.898779999999999690e+00 1.908799999999999830e+00 1.008229516420372176e-04 1.267124992537257250e-04 3.913823459668247019e-04 2.074358770628550498e-04
1.908799999999999830e+00 1.918819999999999748e+00 9.931438095505591723e-05 1.234569720245218857e-04 3.725796060335163917e-04 1.995123832084385023e-04
1.918819999999999748e+00 1.928839999999999666e+00 9.758306553641497621e-05 1.206757074256019905e-04 3.590157907195400469e-04 1.934409164118515868e-04
1.928839999999999666e+00 1.938859999999999806e+00 9.582764992997302891e-05 1.177204522817541403e-04 3.418357232692888843e-04 1.860845502786436043e-04
1.938859999999999806e+00 1.948879999999999724e+00 9.377195033939298915e-05 1.150900036120202128e-04 3.305000331580783984e-04 1.807086158222813443e-04
1.948879999999999724e+00 1.958899999999999864e+00 9.145003835892234843e-05 1.127262575500447586e-04 3.175413738815244962e-04 1.747885676012256176e-04
1.958899999999999864e+00 1.968919999999999781e+00 8.924296969520263136e-05 1.083277038108162489e-04 3.032832756135670741e-04 1.677837293573980883e-04
1.968919999999999781e+00 1.978939999999999699e+00 8.711350448289258499e-05 1.054183556632980878e-04 2.913706244285172451e-04 1.620954750485293890e-04
1.978939999999999699e+00 1.988959999999999839e+00 8.538201740070292521e-05 1.028912064910715438e-04 2.811948412243856334e-04 1.572510316358580933e-04
1.988959999999999839e+00 1.998979999999999757e+00 8.360556714290845221e-05 1.001156725395789451e-04 2.676398855296827474e-04 1.511697333834741098e-04
1.998979999999999757e+00 2.008999999999999897e+00 8.185561104120977192e-05 9.741569365968419142e-05 2.581720746529708515e-04 1.464996730953666557e-04
2.008999999999999897e+00 2.019019999999999815e+00 8.014155084185742870e-05 9.461095368960160533e-05 2.478843299760108442e-04 1.415298223784445240e-04
2.019019999999999815e+00 2.029039999999999733e+00 7.906493807297064816e-05 9.229871205713018078e-05 2.382993935113778645e-04 1.371706852029724757e-04
2.029039999999999733e+00 2.039059999999999651e+00 7.846624077277475503e-05 9.049377055953272827e-05 2.276353205423562061e-04 1.327746973074975234e-04
2.039059999999999651e+00 2.049079999999999568e+00 7.779102748430559043e-05 8.875650289361466548e-05 2.205550553119160360e-04 1.295840456127565169e-04
2.049079999999999568e+00 2.059099999999999930e+00 7.701432546691214730e-05 8.695673770860116850e-05 2.124443882766803939e-04 1.259920225306985890e-04
2.059099999999999930e+00 2.069119999999999848e+00 7.618712775248032794e-05 8.529364033218943763e-05 2.055075569157123407e-04 1.228250007834997474e-04
2.069119999999999848e+00 2.079139999999999766e+00 7.549810920618011084e-05 8.380866937798620768e-05 1.986562253288574236e-04 1.197918450872895272e-04
2.079139999999999766e+00 2.089159999999999684e+00 7.511431362057903677e-05 8.273879220528530538e-05 1.906611782987545410e-04 1.166126487014392188e-04
2.089159999999999684e+00 2.099179999999999602e+00 7.450309022878230571e-05 8.175960627459391106e-05 1.844874144188066959e-04 1.140033473918243583e-04
2.099179999999999602e+00 2.109199999999999964e+00 7.385718657961930266e-05 7.902732582187436429e-05 1.761613468446136680e-04 1.100677982199987676e-04
2.109199999999999964e+00 2.119219999999999882e+00 7.307131595257728492e-05 7.764431249697479351e-05 1.703872950406596623e-04 1.074002901871413468e-04
2.119219999999999882e+00 2.129239999999999799e+00 7.178798270262535131e-05 7.593349227736858774e-05 1.643910351569964601e-04 1.043851348471655223e-04
2.129239999999999799e+00 2.139259999999999717e+00 7.046295959898359800e-05 7.416572570913194018e-05 1.587829240467469416e-04 1.014679923690995294e-04
2.139259999999999717e+00 2.149279999999999635e+00 6.923132353025774819e-05 7.219489609240511930e-05 1.530393126648617980e-04 9.846739462762328101e-05
2.149279999999999635e+00 2.159299999999999553e+00 6.814920801401706362e-05 7.053775256484925667e-05 1.482609175768815485e-04 9.594638827642947400e-05
2.159299999999999553e+00 2.169319999999999915e+00 6.677864747383672897e-05 6.867910069495234673e-05 1.429574719585245690e-04 9.308645574608114231e-05
2.169319999999999915e+00 2.179339999999999833e+00 6.553369999572423771e-05 6.699033838390723290e-05 1.379979030884196658e-04 9.044057399450758589e-05
2.179339999999999833e+00 2.189359999999999751e+00 6.446179569056945460e-05 6.544320042248700045e-05 1.330368318865190395e-04 8.789835359340495368e-05
2.189359999999999751e+00 2.199379999999999669e+00 6.322485993724111545e-05 6.382693506102285507e-05 1.277587869072064209e-04 8.517216434400916259e-05
2.199379999999999669e+00 2.209399999999999586e+00 6.245714422976528560e-05 6.254797614839191803e-05 1.231369002280070020e-04 8.293381173878140353e-05
2.209399999999999586e+00 2.219419999999999948e+00 6.152945919104627092e-05 6.115398271155525359e-05 1.184188933621380265e-04 8.057211880002523754e-05
2.219419999999999948e+00 2.229439999999999866e+00 6.073068550912373218e-05 5.988160583613871417e-05 1.143580982682651395e-04 7.851489486521492922e-05
2.229439999999999866e+00 2.239459999999999784e+00 5.980589745281061469e-05 5.849892818196831152e-05 1.104357279165295655e-04 7.642604528577468578e-05
2.239459999999999784e+00 2.249479999999999702e+00 5.853182872985542321e-05 5.694190758049337320e-05 1.065309140858852023e-04 7.417036596421145280e-05
2.249479999999999702e+00 2.259499999999999620e+00 5.755686864369443843e-05 5.556408075823053902e-05 1.030180756356406630e-04 7.220475045190556228e-05
2.259499999999999620e+00 2.269519999999999538e+00 5.664242309700878058e-05 5.426242298168297383e-05 9.986033469141426832e-05 7.040417533772187948e-05
2.269519999999999538e+00 2.279539999999999900e+00 5.578312263225340299e-05 5.295331225274050923e-05 9.678052400433614303e-05 6.864536637031718575e-05
2.279539999999999900e+00 2.289559999999999818e+00 5.543538491346050064e-05 5.196849115467544401e-05 9.381702967900897895e-05 6.720194739156909426e-05
2.289559999999999818e+00 2.299579999999999735e+00 5.495401939043214056e-05 5.099487527346202581e-05 9.088453170209408877e-05 6.572908914338715066e-05
2.299579999999999735e+00 2.309599999999999653e+00 5.441413934557289960e-05 5.000435488420565833e-05 8.802637242809501004e-05 6.425647799765621610e-05
2.309599999999999653e+00 2.319619999999999571e+00 5.428750433347845274e-05 4.923812888024942764e-05 8.527958756117571962e-05 6.303183791683784356e-05
2.319619999999999571e+00 2.329639999999999933e+00 5.396696698911435596e-05 4.839231900210177280e-05 8.251136220704565741e-05 6.170986061584806477e-05
2.329639999999999933e+00 2.339659999999999851e+00 5.319082159622061297e-05 4.736054739682333165e-05 7.976566434994382458e-05 6.018408592602525204e-05
2.339659999999999851e+00 2.349679999999999769e+00 5.235914539925926058e-05 4.630600430724639321e-05 7.707741974468820627e-05 5.865186996305288828e-05
2.349679999999999769e+00 2.359699999999999687e+00 5.122207819054813054e-05 4.513791853718882659e-05 7.439855368274590720e-05 5.698485797430899837e-05
2.359699999999999687e+00 2.369719999999999605e+00 5.026349864472949412e-05 4.405773862545362156e-05 7.193650007796850677e-05 5.547877775961569652e-05
2.369719999999999605e+00 2.379739999999999966e+00 4.943136734424772753e-05 4.307983251717383629e-05 6.964229326211310192e-05 5.410496339465398517e-05
2.379739999999999966e+00 2.389759999999999884e+00 4.860812611598566224e-05 4.211406391753875274e-05 6.747195305797885488e-05 5.277987293683841883e-05
2.389759999999999884e+00 2.399779999999999802e+00 4.756417416400429118e-05 4.107295452689815819e-05 6.540910386355844330e-05 5.139355854872767619e-05
2.399779999999999802e+00 2.409799999999999720e+00 4.630026225229826086e-05 3.997246561852635659e-05 6.338934507772998027e-05 4.992993460465426354e-05
2.409799999999999720e+00 2.419819999999999638e+00 4.515403888251348261e-05 3.890031088289136701e-05 6.142469606765892912e-05 4.853285662118667933e-05
2.419819999999999638e+00 2.429839999999999556e+00 4.429578440396013617e-05 3.796465333870329908e-05 5.930243938331626618e-05 4.722265866710065492e-05
2.429839999999999556e+00 2.439859999999999918e+00 4.345866106186811094e-05 3.704984687183117653e-05 5.731257471839369406e-05 4.597098712761168185e-05
2.439859999999999918e+00 2.449879999999999836e+00 4.249576016011555064e-05 3.606761052495598141e-05 5.528876340451254108e-05 4.464410727231219616e-05
2.449879999999999836e+00 2.459899999999999753e+00 4.143751329046141424e-05 3.505715145137584772e-05 5.332713908533247055e-05 4.329754095653824030e-05
2.459899999999999753e+00 2.469919999999999671e+00 4.023695412513023453e-05 3.399788264470720764e-05 5.140340297297763444e-05 4.190083305576083010e-05
2.469919999999999671e+00 2.479939999999999589e+00 3.908150987090305373e-05 3.301489151802328365e-05 4.972277623904643190e-05 4.062643691324654917e-05
2.479939999999999589e+00 2.489959999999999951e+00 3.783424077593327319e-05 3.200485610771919461e-05 4.808633251904585390e-05 3.932783450659860095e-05
2.489959999999999951e+00 2.499979999999999869e+00 3.670103652791444136e-05 3.106874970596433657e-05 4.661702165439441433e-05 3.814767757301790852e-05
2.499979999999999869e+00 2.509999999999999787e+00 3.561405564351754582e-05 3.018122295153379583e-05 4.523995228096024167e-05 3.703004245972839700e-05
