9.487500000000001141e-03 2.884992338843090590e-04 1.858811369490644930e-04 1.563218680883986461e-04
1.846249999999999974e-02 3.417495151583886822e-04 1.982233216550346143e-04 1.670229027486575533e-04
2.743750000000000355e-02 3.762237648875016091e-04 2.181578622262805183e-04 1.689546311180506108e-04
3.641250000000000042e-02 4.134154859635428832e-04 2.389793675705615837e-04 1.729174855596269549e-04
4.538749999999999729e-02 4.559439894518793656e-04 2.672128907176918940e-04 1.872637181964758820e-04
5.436249999999999416e-02 5.267058090508185608e-04 3.066408257411879965e-04 1.949031375605853056e-04
6.333750000000000491e-02 6.412087632457473020e-04 3.509541995417915657e-04 2.314646456092879999e-04
7.231250000000000178e-02 7.604549667648691485e-04 4.043210104103464879e-04 2.432183611412742626e-04
8.128750000000001252e-02 8.426128788849163035e-04 4.483759025405769857e-04 2.598065813677569538e-04
9.026249999999999551e-02 9.743140763767547431e-04 5.117746783393617828e-04 2.931184593745997011e-04
9.923750000000000626e-02 1.112718611150946644e-03 5.717424385290242666e-04 2.947010679885260736e-04
1.082125000000000170e-01 1.264137451220372511e-03 5.990038991604910426e-04 3.177828427087760936e-04
1.171875000000000000e-01 1.466012806324015630e-03 6.482164609304866655e-04 3.336136188985926046e-04
1.261625000000000107e-01 1.753729849110868952e-03 7.246310028733645185e-04 3.647058251316469268e-04
1.351375000000000215e-01 2.090645014383978300e-03 7.753318630674174271e-04 4.250134614932175739e-04
1.441125000000000045e-01 2.496916002103025285e-03 8.745478217718357337e-04 4.840249301422569982e-04
1.530875000000000152e-01 2.799298091552911930e-03 9.217272377398584050e-04 5.208391190082721414e-04
1.620624999999999982e-01 3.203724570907089640e-03 1.022537044050169991e-03 5.966171697362102457e-04
1.710375000000000090e-01 3.647544532701902081e-03 1.105088478536560802e-03 6.533731395880193731e-04
1.800125000000000197e-01 4.144259629255915567e-03 1.160240773043908283e-03 6.857754784862474902e-04
1.889875000000000027e-01 4.726306983386370161e-03 1.201062461438125043e-03 7.344957984360958245e-04
1.979625000000000135e-01 5.299959045874785661e-03 1.308205302549006249e-03 7.907638332389949369e-04
2.069374999999999964e-01 5.873548794203329107e-03 1.370768420201464409e-03 8.456100918784124334e-04
2.159125000000000072e-01 6.475739449597940796e-03 1.424920980808006520e-03 8.662430097983968421e-04
2.248875000000000179e-01 7.013728134800891259e-03 1.477981242939593529e-03 8.379356696234105872e-04
2.338625000000000287e-01 7.730433763438851295e-03 1.542075490272281713e-03 8.583806821146642901e-04
2.428375000000000117e-01 8.634376671339101528e-03 1.693407911353191119e-03 8.579374412669329552e-04
2.518124999999999947e-01 9.552570272332555623e-03 1.735350273384955819e-03 8.579777279429205705e-04
2.607875000000000609e-01 1.064345286778395350e-02 1.851542152228663777e-03 8.394615862081583006e-04
2.697625000000000162e-01 1.186022790356117476e-02 1.981127706751483353e-03 8.584991348074486051e-04
2.787374999999999714e-01 1.313678463302461220e-02 2.150596841789341636e-03 8.724047489653155660e-04
2.877125000000000377e-01 1.465607081614331286e-02 2.259170652888074348e-03 9.067966517963060250e-04
2.966874999999999929e-01 1.615523447592624728e-02 2.376514527524865947e-03 9.092667223186564306e-04
3.056625000000000592e-01 1.768585308311601545e-02 2.470109911314248303e-03 9.082940650882185890e-04
3.146375000000000144e-01 1.911380822967708587e-02 2.590494983822995336e-03 9.342075981384525543e-04
3.236124999999999696e-01 2.019168914189060221e-02 2.588634361970177603e-03 9.033549278195318003e-04
3.325875000000000359e-01 2.120526467960852021e-02 2.559517667496734837e-03 8.698630496885837761e-04
3.415624999999999911e-01 2.217367524500245615e-02 2.545989107733652966e-03 8.271005521302968785e-04
3.505375000000000574e-01 2.290408882379691563e-02 2.490654184495669742e-03 8.225057801529720228e-04
3.595125000000000126e-01 2.344137882151077143e-02 2.434543356049047834e-03 7.698339104443015874e-04
3.684874999999999678e-01 2.385840590902203046e-02 2.401461692858897559e-03 7.202360851071926357e-04
3.774625000000000341e-01 2.383748385764559649e-02 2.368364420591773187e-03 6.492988766973468561e-04
3.864374999999999893e-01 2.368114370979300040e-02 2.361433419580998873e-03 6.247506059136470353e-04
3.954125000000000556e-01 2.328250258785434859e-02 2.336471928831209983e-03 5.880505513237246386e-04
4.043875000000000108e-01 2.303994775364284417e-02 2.343400929565837756e-03 5.458156538413257586e-04
4.133625000000000216e-01 2.304297938057690148e-02 2.453467484205372820e-03 5.142114368261856703e-04
4.223375000000000323e-01 2.302248254244015219e-02 2.594327100983696670e-03 5.086301025519768260e-04
4.313124999999999876e-01 2.289942935732289242e-02 2.827476415749655397e-03 5.023104354870979414e-04
4.402875000000000538e-01 2.311642661557827827e-02 3.165131344423516464e-03 5.151449983206802868e-04
4.492625000000000091e-01 2.340829918924690681e-02 3.607359487084194245e-03 5.320084302085794194e-04
4.582375000000000198e-01 2.354582944481794712e-02 4.046202465259443430e-03 5.398536878455595595e-04
4.672125000000000306e-01 2.394399686445937425e-02 4.627737705987477503e-03 5.525584263526047823e-04
4.761874999999999858e-01 2.459735608956779840e-02 5.418197048590834078e-03 5.586887772473950273e-04
4.851625000000000520e-01 2.531230043673847810e-02 6.318151877281380502e-03 6.065519051985305936e-04
4.941375000000000073e-01 2.591594951258804902e-02 7.298839021687337364e-03 6.809342366596756986e-04
5.031125000000000735e-01 2.616983336673374405e-02 8.449664326189499849e-03 7.717444041915134728e-04
5.120875000000000288e-01 2.616001473683410641e-02 9.627915902517830346e-03 8.614720859412987363e-04
5.210624999999999840e-01 2.605115802397596145e-02 1.097040916605746506e-02 9.383154685047518165e-04
5.300375000000000503e-01 2.522254590242781896e-02 1.237117871701974223e-02 1.036172277084184941e-03
5.390125000000000055e-01 2.408263905912530478e-02 1.393835408844176435e-02 1.134381243187538310e-03
5.479875000000000718e-01 2.293023186698002133e-02 1.582802074687162525e-02 1.236652207282236057e-03
5.569625000000000270e-01 2.146005409301095235e-02 1.790365651321250071e-02 1.387866654941110212e-03
5.659374999999999822e-01 1.974207227683053012e-02 1.959292992944617132e-02 1.491600486642689080e-03
5.749125000000000485e-01 1.796843769866691282e-02 2.131541963830992439e-02 1.610527325416178431e-03
5.838875000000000037e-01 1.609543992958610559e-02 2.300144252565485686e-02 1.744611791895967282e-03
5.928625000000000700e-01 1.423670568993654247e-02 2.459944314579435784e-02 1.823295349599234061e-03
6.018375000000000252e-01 1.256393923507242473e-02 2.631722168861496541e-02 1.940132900100612545e-03
6.108124999999999805e-01 1.089492536088517392e-02 2.778609279333037543e-02 2.044084503462063537e-03
6.197875000000000467e-01 9.489868532173624874e-03 2.905107924903437347e-02 2.116614519126754339e-03
6.287625000000000020e-01 8.222954196747681715e-03 2.984660371559626213e-02 2.229065364951566923e-03
6.377375000000000682e-01 7.065324692119193985e-03 3.000160334313169835e-02 2.391692844858464388e-03
6.467125000000000234e-01 6.019132582949390971e-03 2.971217205021081664e-02 2.467036060470923983e-03
6.556874999999999787e-01 5.076919727653395921e-03 2.967965702290225466e-02 2.669984756221553939e-03
6.646625000000000449e-01 4.247003310019507524e-03 2.962958522437086906e-02 2.905415145512830685e-03
6.736375000000000002e-01 3.537761962241801374e-03 2.933796749771124326e-02 3.105509923151208908e-03
6.826125000000000664e-01 2.939780281764659258e-03 2.874415484918751290e-02 3.416205253456434943e-03
6.915875000000000217e-01 2.355890843140986957e-03 2.771112556721871956e-02 3.755525003419838640e-03
7.005624999999999769e-01 1.901120842359714817e-03 2.656991596502724165e-02 4.083331392284532055e-03
7.095375000000000432e-01 1.590591175809722823e-03 2.536222922754565595e-02 4.534061748745633891e-03
7.185124999999999984e-01 1.366761407523468721e-03 2.421774130758004920e-02 4.935981790231645620e-03
7.274875000000000647e-01 1.165535456555326409e-03 2.326086765721204278e-02 5.354488537986823622e-03
7.364625000000000199e-01 1.053120492737571285e-03 2.233142382444480017e-02 5.770768851229911983e-03
7.454374999999999751e-01 9.304889936877897526e-04 2.110997517908487497e-02 6.209598145168145067e-03
7.544125000000000414e-01 7.834687297012291832e-04 1.969172324315482045e-02 6.728773439052315730e-03
7.633875000000001076e-01 6.741785013429393804e-04 1.829218244793687914e-02 7.286933504396610195e-03
7.723625000000000629e-01 5.976829059968104393e-04 1.696134427257267943e-02 7.890294599233736370e-03
7.813375000000000181e-01 5.410233996240443191e-04 1.573758871963284664e-02 8.479564180180480110e-03
7.903124999999999734e-01 4.860683537335853195e-04 1.455614787955691707e-02 9.136854314497075760e-03
7.992875000000000396e-01 4.452987366997016266e-04 1.339243343503030564e-02 9.919331331733342166e-03
8.082625000000001059e-01 4.035046628102033741e-04 1.230749807062077490e-02 1.085958631313470660e-02
8.172375000000000611e-01 3.625464837404743213e-04 1.126491948251295665e-02 1.188765607573265791e-02
8.262125000000000163e-01 3.359514193907226398e-04 1.022594533455843321e-02 1.304151250291065399e-02
8.351874999999999716e-01 3.263262931366240705e-04 9.332426937003491726e-03 1.407980937020126243e-02
8.441625000000000378e-01 3.153289560357310233e-04 8.462099001124056413e-03 1.504555273776668305e-02
8.531375000000001041e-01 2.906141545987148177e-04 7.689154496870729584e-03 1.586939716935954758e-02
8.621125000000000593e-01 2.806651835463865150e-04 6.891938169904731140e-03 1.655390564414399579e-02
8.710875000000000146e-01 2.747844879174114741e-04 6.243921938655200808e-03 1.708076000708737968e-02
8.800624999999999698e-01 2.693288605571378044e-04 5.626522105255955981e-03 1.780250570395435286e-02
8.890375000000000361e-01 2.401021907903186424e-04 5.007174610183450295e-03 1.805579630241107777e-02
8.980125000000001023e-01 2.195436378997117264e-04 4.408180764165404823e-03 1.805503450003247828e-02
9.069875000000000576e-01 1.985076173782392996e-04 3.789844719675560143e-03 1.780406030895494846e-02
9.159625000000000128e-01 1.821781763561522731e-04 3.294166662821740917e-03 1.738566001744142400e-02
9.249374999999999680e-01 1.729982167415481569e-04 2.805180161310252482e-03 1.691973122881917924e-02
9.339125000000000343e-01 1.637092110662809630e-04 2.380120360483239939e-03 1.629717221378246261e-02
9.428875000000001005e-01 1.537664842719119098e-04 1.991258100478453773e-03 1.573035976813201564e-02
9.518625000000000558e-01 1.561834404562409569e-04 1.701866789442488823e-03 1.524608194218465655e-02
9.608375000000000110e-01 1.466645859838594892e-04 1.436240121878366426e-03 1.484177636008789970e-02
9.698124999999999662e-01 1.296118769187096741e-04 1.193045809806308599e-03 1.404376780847880514e-02
9.787875000000000325e-01 1.274845727508819879e-04 1.044208694511400025e-03 1.349386311137521464e-02
9.877625000000000988e-01 1.248563712414252271e-04 9.498193808117783455e-04 1.302089526698956522e-02
9.967375000000000540e-01 1.222518283434097393e-04 8.919473196275667405e-04 1.254170470461945207e-02
1.005712500000000009e+00 1.203869957666058721e-04 8.152229855094517098e-04 1.224579883053090838e-02
1.014687499999999964e+00 1.162252340539941283e-04 8.086351114462275030e-04 1.207184795086144007e-02
1.023662499999999920e+00 1.231653579735809848e-04 8.018535924267432367e-04 1.188885780168250604e-02
1.032637499999999875e+00 1.212171708337273743e-04 7.821873795038564517e-04 1.175176689673162155e-02
1.041612499999999830e+00 1.278306308314892600e-04 7.869992951456915558e-04 1.151937138598479841e-02
1.050587500000000007e+00 1.248331993243138383e-04 7.715039346520585371e-04 1.127435360158234728e-02
1.059562499999999963e+00 1.430043934086579606e-04 7.998525370026664943e-04 1.124203980955907831e-02
1.068537499999999918e+00 1.496641118615215467e-04 7.983474945677220946e-04 1.106425181880467921e-02
1.077512499999999873e+00 1.614879393016460196e-04 8.161301050647895312e-04 1.101440154471836595e-02
1.086487500000000050e+00 1.691050121341983376e-04 8.276667323356100281e-04 1.117376033803717424e-02
1.095462500000000006e+00 1.831820724715949370e-04 8.605795730040629145e-04 1.125201884464898001e-02
1.104437499999999961e+00 1.876130827697049838e-04 8.489628355691119285e-04 1.115851375664440523e-02
1.113412499999999916e+00 1.863963860536690627e-04 8.366144000654070819e-04 1.124615664968251286e-02
1.122387499999999871e+00 1.878956708045428155e-04 8.315519463238614300e-04 1.128747255615793893e-02
1.131362499999999827e+00 1.884770545267773717e-04 8.359592003199025354e-04 1.132226669971360573e-02
1.140337500000000004e+00 1.929887036584447199e-04 8.348082270998250908e-04 1.132654817356200383e-02
1.149312499999999959e+00 1.884120963418196111e-04 8.341936951452024688e-04 1.129771407329385399e-02
1.158287499999999914e+00 1.975855039502014609e-04 8.456497010577835151e-04 1.129429883880451319e-02
1.167262499999999870e+00 2.133753348578359813e-04 8.315482546035937294e-04 1.120683584742217416e-02
1.176237500000000047e+00 2.167355863728835620e-04 8.162184864054085288e-04 1.094617488480922017e-02
1.185212500000000002e+00 2.087715597298260301e-04 7.775576690355418203e-04 1.048917064801915128e-02
1.194187499999999957e+00 2.026184291013788364e-04 7.346004366873170243e-04 1.009238402700975666e-02
1.203162499999999913e+00 2.046122696129030604e-04 7.059852588638158106e-04 9.665938456697832984e-03
1.212137499999999868e+00 2.206482161369036413e-04 7.195604000064665913e-04 9.328056623862627725e-03
1.221112499999999823e+00 2.280667556360498744e-04 7.025203372794908922e-04 8.997538792775138308e-03
1.230087500000000000e+00 2.282824922520102656e-04 6.889486172991874519e-04 8.754360511898751779e-03
1.239062499999999956e+00 2.257948175306404882e-04 6.724179564781626465e-04 8.560484256041460752e-03
1.248037499999999911e+00 2.141045489328810385e-04 6.342059500860326238e-04 8.406040947784722273e-03
1.257012499999999866e+00 1.982936031802257310e-04 6.314168372450976738e-04 8.353901257543046299e-03
1.265987500000000043e+00 1.977923838938929857e-04 6.235828344182863317e-04 8.315021923159901518e-03
1.274962499999999999e+00 1.964474100778115090e-04 6.092195546478432070e-04 8.374497531424668004e-03
1.283937499999999954e+00 1.952396904956481456e-04 6.197627663350665237e-04 8.435602431557425590e-03
1.292912499999999909e+00 1.933186777206731956e-04 6.271878708798131127e-04 8.356082383149551068e-03
1.301887499999999864e+00 1.931990690441093153e-04 6.359141657060876423e-04 8.160889863546110651e-03
1.310862499999999820e+00 1.784819562222745399e-04 6.238520065142168355e-04 7.953180636078055477e-03
1.319837499999999997e+00 1.859140305993751074e-04 6.327249702521339347e-04 7.792549392589656274e-03
1.328812499999999952e+00 1.813398087411417434e-04 6.036043098138891595e-04 7.416722596213432515e-03
1.337787499999999907e+00 1.870640236993849261e-04 5.936734477493206584e-04 7.041987580439946527e-03
1.346762499999999863e+00 1.879790476790903415e-04 5.581280777485355489e-04 6.573188170489358516e-03
1.355737500000000040e+00 1.839198684553668638e-04 5.419347363167464991e-04 6.127482364454359121e-03
1.364712499999999995e+00 1.842628594964442097e-04 5.443473141824761892e-04 5.768922178002566792e-03
1.373687499999999950e+00 1.830801775140228111e-04 5.373197340163391074e-04 5.525911495425905699e-03
1.382662499999999905e+00 1.833320921703509676e-04 5.463476745196106090e-04 5.371934112480478141e-03
1.391637499999999861e+00 1.932775755084849430e-04 5.368971690866870816e-04 5.251515151759362024e-03
1.400612499999999816e+00 2.160327535027025422e-04 5.529601085147323744e-04 5.194928597555970549e-03
1.409587499999999993e+00 2.181141318944244923e-04 5.410108962164349123e-04 5.102635997355909128e-03
1.418562499999999948e+00 2.241891328369413074e-04 5.560975799798187000e-04 5.055716981467903506e-03
1.427537499999999904e+00 2.202082203938695258e-04 5.666465331560689581e-04 5.023959802739166522e-03
1.436512499999999859e+00 2.259966827318158884e-04 5.728444489218868394e-04 4.948920108576389948e-03
1.445487500000000036e+00 2.281927724892162572e-04 5.754627074981254068e-04 4.875624198842401155e-03
1.454462499999999991e+00 2.252442179988167661e-04 5.707833757912970062e-04 4.738160641829309259e-03
1.463437499999999947e+00 2.311995824443482787e-04 5.741700587933388361e-04 4.504332018795981045e-03
1.472412499999999902e+00 2.295247340721120631e-04 5.560229778421055561e-04 4.206485977580175055e-03
1.481387499999999857e+00 2.109558001549817713e-04 5.173855400847067552e-04 3.905009862271590585e-03
1.490362500000000034e+00 1.996247611367337165e-04 4.963399603203406561e-04 3.529942649619944965e-03
1.499337499999999990e+00 1.901536800196051134e-04 4.676953034521285648e-04 3.136384997871168815e-03
1.508312499999999945e+00 1.864523167650727323e-04 4.427599109074836998e-04 2.818624663939376610e-03
1.517287499999999900e+00 1.784987416755178197e-04 4.161446002749901070e-04 2.484101014653739437e-03
1.526262500000000077e+00 1.686769295156796862e-04 3.917297200121919610e-04 2.216429516624600967e-03
1.535237500000000033e+00 1.739485835969096985e-04 3.783676111908012619e-04 1.966597543916910260e-03
1.544212499999999988e+00 1.831401283081217346e-04 3.692277986786711257e-04 1.773973720266860130e-03
1.553187499999999943e+00 1.817965634261724359e-04 3.534848843524710199e-04 1.613367903635441747e-03
1.562162499999999898e+00 1.798664774531177478e-04 3.436449849301274114e-04 1.505346636852398579e-03
1.571137499999999854e+00 1.800395278538247795e-04 3.394504797886176736e-04 1.442012209500934507e-03
1.580112500000000031e+00 1.821534218062728281e-04 3.378269286895763590e-04 1.420584893353773895e-03
1.589087499999999986e+00 1.843917589780501981e-04 3.425112679370134381e-04 1.373682643812552300e-03
1.598062499999999941e+00 1.900350463888659668e-04 3.483409450846910505e-04 1.359987896939466277e-03
1.607037499999999897e+00 1.946872825445568171e-04 3.690160524923816491e-04 1.362090308126214693e-03
1.616012500000000074e+00 2.028430359220188546e-04 3.811625099366229780e-04 1.353675987639481630e-03
1.624987500000000029e+00 2.029673102508640858e-04 3.792052552035315104e-04 1.341483619424800383e-03
1.633962499999999984e+00 1.968623926183719636e-04 3.778811320340632034e-04 1.310929698980649576e-03
1.642937499999999940e+00 2.002985620884038288e-04 3.810425519463590620e-04 1.263191916786564079e-03
1.651912499999999895e+00 1.976334998964284612e-04 3.734221217962005565e-04 1.201099743023054936e-03
1.660887499999999850e+00 1.937026932447892611e-04 3.646651395654806112e-04 1.114523732725036754e-03
1.669862500000000027e+00 1.843205028952778809e-04 3.475609130150705156e-04 1.031414352979447566e-03
1.678837499999999983e+00 1.830311437077617581e-04 3.461738794339553130e-04 9.756288507604303972e-04
1.687812499999999938e+00 1.759529876525127510e-04 3.310842745627582610e-04 9.085931218236387077e-04
1.696787499999999893e+00 1.709017083638582888e-04 3.044121952049946909e-04 8.362825018460568307e-04
1.705762500000000070e+00 1.607050403541019506e-04 2.752720028621281944e-04 7.510853111978510943e-04
1.714737500000000026e+00 1.585932983031445871e-04 2.683413555654060143e-04 6.735682609335979024e-04
1.723712499999999981e+00 1.630430937726841747e-04 2.541070350892690537e-04 5.955775214884768791e-04
1.732687499999999936e+00 1.518923209530999958e-04 2.349899934453463684e-04 5.269710243318312479e-04
1.741662499999999891e+00 1.517356799685273491e-04 2.283262558365303687e-04 4.748371869042979543e-04
1.750637499999999847e+00 1.486906083561893865e-04 2.195363899501020957e-04 4.287200727937783853e-04
1.759612500000000024e+00 1.420675026439547045e-04 2.090857451677034155e-04 3.896980536519965366e-04
1.768587499999999979e+00 1.365177298615150372e-04 1.853050455596355747e-04 3.312954654767898219e-04
1.777562499999999934e+00 1.305499750124568801e-04 1.709361584536345225e-04 2.739311424376397438e-04
1.786537499999999890e+00 1.273559541185995060e-04 1.621831823079379945e-04 2.372387641313422884e-04
1.795512500000000067e+00 1.180676050299121093e-04 1.481586193416794368e-04 1.976471517539904639e-04
