1.262500000000000167e-03 1.123750000000000096e-02 6.311954128021338964e-05 1.903658201365586255e-05 1.116511965282454483e-05 3.078502424062984594e-05
1.123750000000000096e-02 2.121250000000000219e-02 9.251139758926910702e-05 2.708364329073443039e-05 1.532986011163909928e-05 4.449671482387523793e-05
2.121250000000000219e-02 3.118750000000000341e-02 1.318710243333271132e-04 3.776211929780323256e-05 2.052046792642859549e-05 6.269542308709337680e-05
3.118750000000000341e-02 4.116250000000000464e-02 1.842735056861725040e-04 5.158089822329988805e-05 2.709828599470371586e-05 8.667863023030452046e-05
4.116250000000000464e-02 5.113750000000000240e-02 2.535667086450815711e-04 6.909557298349938053e-05 3.557319269539129328e-05 1.180620247396140936e-04
5.113750000000000240e-02 6.111250000000000709e-02 3.455969373769143599e-04 9.184772149928703577e-05 4.598126987724575348e-05 1.592861464765903438e-04
6.111250000000000709e-02 7.108750000000001179e-02 4.611749322054763990e-04 1.203367074844125336e-04 5.845406873175085417e-05 2.108281428337653314e-04
7.108750000000001179e-02 8.106250000000000955e-02 6.046558187465314593e-04 1.554528842944784782e-04 7.320239733003785739e-05 2.744812433489424814e-04
8.106250000000000955e-02 9.103750000000000731e-02 7.792468250346943574e-04 1.970539891284347426e-04 8.993508163763766158e-05 3.511471997513478994e-04
9.103750000000000731e-02 1.010125000000000051e-01 9.913021837499045100e-04 2.467850224985622203e-04 1.092545038521242697e-04 4.436580831023516466e-04
1.010125000000000051e-01 1.109875000000000167e-01 1.243794498583420966e-03 3.061775181274342195e-04 1.314370846147928289e-04 5.535932748998427001e-04
1.109875000000000167e-01 1.209625000000000145e-01 1.540283314957113705e-03 3.757008223361843068e-04 1.560078037661119619e-04 6.821134026675289112e-04
1.209625000000000145e-01 1.309375000000000122e-01 1.884355810807786680e-03 4.553949280761339260e-04 1.825602992122724586e-04 8.302668313210134071e-04
1.309375000000000122e-01 1.409125000000000238e-01 2.279074559128943089e-03 5.465047558670208406e-04 2.110387349278504908e-04 9.994539691130655944e-04
1.409125000000000238e-01 1.508875000000000077e-01 2.725731325292084836e-03 6.492386848067142717e-04 2.413596027762000113e-04 1.190138757134563468e-03
1.508875000000000077e-01 1.608625000000000194e-01 3.225461903604276686e-03 7.632475326644332786e-04 2.729849594532048605e-04 1.402393512576023335e-03
1.608625000000000194e-01 1.708375000000000310e-01 3.776049412491338467e-03 8.850695134398803938e-04 3.044168522194481757e-04 1.633824842750626963e-03
1.708375000000000310e-01 1.808125000000000149e-01 4.375755976496027537e-03 1.012234891185620836e-03 3.353389482488216612e-04 1.882927682878647460e-03
1.808125000000000149e-01 1.907875000000000265e-01 5.015251752011191250e-03 1.142332593218270322e-03 3.649160673469581569e-04 2.145561779016799241e-03
1.907875000000000265e-01 2.007625000000000104e-01 5.701375451214639282e-03 1.274152402709106263e-03 3.931901626111196325e-04 2.423568207305724313e-03
2.007625000000000104e-01 2.107375000000000220e-01 6.437572144783787302e-03 1.404529813338703526e-03 4.206819188472697073e-04 2.717183365318299234e-03
2.107375000000000220e-01 2.207125000000000337e-01 7.239779922226827029e-03 1.534464499557069896e-03 4.478246139554399141e-04 3.032096065860462233e-03
2.207125000000000337e-01 2.306875000000000175e-01 8.117889313443206814e-03 1.663519305811068764e-03 4.757929207350942882e-04 3.371786043313508043e-03
2.306875000000000175e-01 2.406625000000000292e-01 9.090378916960491565e-03 1.794514358764215042e-03 5.062331134543230065e-04 3.743793103328825131e-03
2.406625000000000292e-01 2.506375000000000686e-01 1.017175277765286837e-02 1.927323246649598415e-03 5.395196217518326591e-04 4.152938977648946289e-03
2.506375000000000686e-01 2.606125000000000247e-01 1.136797313101407976e-02 2.062322802112459465e-03 5.758975501219760953e-04 4.601380716809976359e-03
2.606125000000000247e-01 2.705875000000000363e-01 1.268539309817538936e-02 2.199076755841011636e-03 6.142474087170485438e-04 5.090669754402256733e-03
2.705875000000000363e-01 2.805625000000000480e-01 1.410593761367942220e-02 2.336063128521225114e-03 6.527808998231632949e-04 5.613786918032064380e-03
2.805625000000000480e-01 2.905375000000000596e-01 1.558389166977806189e-02 2.464093553311058962e-03 6.883719376988870842e-04 6.151654242910278153e-03
2.905375000000000596e-01 3.005125000000000157e-01 1.707539542389442666e-02 2.579412815564775981e-03 7.175315019224997497e-04 6.687505084324443967e-03
3.005125000000000157e-01 3.104875000000000274e-01 1.852027907746187432e-02 2.676418269713854835e-03 7.366617977373211877e-04 7.198586683357818122e-03
3.104875000000000274e-01 3.204625000000000390e-01 1.985914052037979216e-02 2.751308054402671222e-03 7.434703227649745597e-04 7.663442623623868168e-03
3.204625000000000390e-01 3.304375000000000506e-01 2.104208095325140956e-02 2.803114449524596579e-03 7.369513733376410877e-04 8.065107892964166331e-03
3.304375000000000506e-01 3.404125000000000623e-01 2.203345353529710671e-02 2.834663803915136570e-03 7.169809815801779073e-04 8.392846550996682989e-03
3.404125000000000623e-01 3.503875000000000184e-01 2.281930316135856451e-02 2.847247428023689207e-03 6.845134681962906399e-04 8.642855757110703627e-03
3.503875000000000184e-01 3.603625000000000300e-01 2.340407158958489678e-02 2.850179666968397606e-03 6.424206155351951802e-04 8.820687281849828865e-03
3.603625000000000300e-01 3.703375000000000417e-01 2.381299195172614097e-02 2.854444308599602288e-03 5.936906380981058374e-04 8.939285680429362099e-03
3.703375000000000417e-01 3.803125000000000533e-01 2.409052342497453383e-02 2.879955211643864341e-03 5.422518594294773418e-04 9.021196775588448055e-03
3.803125000000000533e-01 3.902875000000000649e-01 2.427617731047157154e-02 2.931276024380570933e-03 4.907961571895593780e-04 9.081769997090214167e-03
3.902875000000000649e-01 4.002625000000000210e-01 2.441800844353787803e-02 3.023924181476448335e-03 4.419887558686071095e-04 9.142821323579145010e-03
4.002625000000000210e-01 4.102375000000000327e-01 2.456404718812474700e-02 3.168885529966265074e-03 3.978390288440415050e-04 9.224413435966038327e-03
4.102375000000000327e-01 4.202125000000000443e-01 2.475235505802006811e-02 3.384536495095241335e-03 3.599456766401776145e-04 9.345700085370159046e-03
4.202125000000000443e-01 4.301875000000000560e-01 2.501279241036560852e-02 3.691698863237186795e-03 3.302672417594392103e-04 9.524099729339182210e-03
4.301875000000000560e-01 4.401625000000000676e-01 2.535902449290662261e-02 4.110856415081578889e-03 3.094153545216317826e-04 9.771172769856801416e-03
4.401625000000000676e-01 4.501375000000000792e-01 2.579301637002933550e-02 4.664539975467649896e-03 2.976837432810882375e-04 1.009523892500397910e-02
4.501375000000000792e-01 4.601125000000000353e-01 2.629654836194152134e-02 5.375067740142075966e-03 2.963212797226372490e-04 1.049827440262379556e-02
4.601125000000000353e-01 4.700875000000000470e-01 2.683153380367124183e-02 6.248426975371360569e-03 3.053313773251790171e-04 1.096985241170437934e-02
4.700875000000000470e-01 4.800625000000000586e-01 2.735031211917646546e-02 7.301099774989193610e-03 3.271104900986944604e-04 1.150075515463229274e-02
4.800625000000000586e-01 4.900375000000000703e-01 2.778502975781515366e-02 8.511104773286671046e-03 3.606734304270664332e-04 1.206109071858895224e-02
4.900375000000000703e-01 5.000125000000000819e-01 2.806340517641651641e-02 9.869794976270508322e-03 4.066587138951313868e-04 1.262455314326597737e-02
5.000125000000000819e-01 5.099875000000001490e-01 2.812100492166410767e-02 1.137168942453789175e-02 4.660436040828656759e-04 1.316857934950752505e-02
5.099875000000001490e-01 5.199625000000001052e-01 2.790557561664689518e-02 1.300533650272676228e-02 5.395483366627633597e-04 1.367249018137932717e-02
5.199625000000001052e-01 5.299375000000001723e-01 2.738836897095438955e-02 1.475303338402523742e-02 6.288359536826870809e-04 1.412149990199049361e-02
5.299375000000001723e-01 5.399125000000001284e-01 2.657175750620087776e-02 1.660335206293141533e-02 7.351906156327277795e-04 1.451297215302739876e-02
5.399125000000001284e-01 5.498875000000000846e-01 2.547775398238874209e-02 1.853498757036265224e-02 8.586326284229907433e-04 1.484693830112790783e-02
5.498875000000000846e-01 5.598625000000001517e-01 2.414805133755370745e-02 2.052581317319992354e-02 1.002066004645199614e-03 1.513055395538684920e-02
5.598625000000001517e-01 5.698375000000001078e-01 2.264070144957407854e-02 2.254125110601833820e-02 1.163739956121680316e-03 1.537056209999537390e-02
5.698375000000001078e-01 5.798125000000001750e-01 2.101264491365495424e-02 2.453840040435588052e-02 1.343524058487888164e-03 1.557108895788748490e-02
5.798125000000001750e-01 5.897875000000001311e-01 1.932133664106400889e-02 2.645950992306720512e-02 1.539580416593884418e-03 1.573085819841226612e-02
5.897875000000001311e-01 5.997625000000000872e-01 1.761948053674412817e-02 2.824624112838645604e-02 1.753067046757346122e-03 1.584785335523589828e-02
5.997625000000000872e-01 6.097375000000001544e-01 1.593305270409197880e-02 2.983438778576446085e-02 1.983743354763601793e-03 1.590888168139643205e-02
6.097375000000001544e-01 6.197125000000001105e-01 1.427803154880157369e-02 3.116744027415388474e-02 2.235049822679125147e-03 1.590131373865874206e-02
6.197125000000001105e-01 6.296875000000001776e-01 1.266889819610816058e-02 3.219932688857322228e-02 2.508950139355664837e-03 1.581504441592979440e-02
6.296875000000001776e-01 6.396625000000001338e-01 1.111743716719033534e-02 3.290211556994750153e-02 2.809362672959713706e-03 1.564584805156335814e-02
6.396625000000001338e-01 6.496375000000000899e-01 9.639130598073385181e-03 3.326222626448471775e-02 3.138565311562200363e-03 1.539498179452945814e-02
6.496375000000000899e-01 6.596125000000001570e-01 8.250140963141383912e-03 3.328134185178899945e-02 3.500837916670148341e-03 1.506973368228954786e-02
6.596125000000001570e-01 6.695875000000001132e-01 6.966859484404969854e-03 3.297628654213542038e-02 3.897019775650280814e-03 1.468140034122639333e-02
6.695875000000001132e-01 6.795625000000001803e-01 5.811958540916041874e-03 3.237245947338091012e-02 4.327668069541029845e-03 1.424611962325435591e-02
6.795625000000001803e-01 6.895375000000001364e-01 4.792704452230795407e-03 3.149735291856908814e-02 4.790558212429883896e-03 1.377476338612398411e-02
6.895375000000001364e-01 6.995125000000000925e-01 3.918019929529398780e-03 3.038523128349764416e-02 5.287087190121417951e-03 1.328224285745319838e-02
6.995125000000000925e-01 7.094875000000001597e-01 3.178019643358544200e-03 2.906932885927489621e-02 5.810778007422170467e-03 1.277432552194306299e-02
7.094875000000001597e-01 7.194625000000001158e-01 2.564158304747011889e-03 2.758628411840565939e-02 6.365196327243698333e-03 1.226174558758797058e-02
7.194625000000001158e-01 7.294375000000001830e-01 2.060922183351684284e-03 2.597692823962600636e-02 6.955062553641282695e-03 1.175476027017297725e-02
7.294375000000001830e-01 7.394125000000001391e-01 1.651100194118472995e-03 2.428215995338166983e-02 7.593552666027111875e-03 1.126594414294976310e-02
7.394125000000001391e-01 7.493875000000000952e-01 1.318223767477645983e-03 2.254098182666820424e-02 8.284608028657870077e-03 1.080436490286522389e-02
7.493875000000000952e-01 7.593625000000001624e-01 1.051539821953250027e-03 2.078836988916631101e-02 9.041877991263467390e-03 1.038287403553917951e-02
7.593625000000001624e-01 7.693375000000001185e-01 8.372611123438923868e-04 1.906578683532674651e-02 9.884122270803171947e-03 1.001723574269246415e-02
7.693375000000001185e-01 7.793125000000001856e-01 6.757294287182407256e-04 1.741836730057984284e-02 1.082549574513985528e-02 9.727513353506134219e-03
7.793125000000001856e-01 7.892875000000001418e-01 5.525589356678301933e-04 1.586874968621205043e-02 1.187028051424552505e-02 9.518065250645631886e-03
7.892875000000001418e-01 7.992625000000000979e-01 4.591340160023144219e-04 1.443864115397501188e-02 1.301499202516152864e-02 9.392204566440834693e-03
7.992625000000000979e-01 8.092375000000001650e-01 3.875536569608178396e-04 1.313439172072093306e-02 1.424669938796413460e-02 9.345129158549425955e-03
8.092375000000001650e-01 8.192125000000001211e-01 3.331026569910054322e-04 1.195049958589538934e-02 1.553557536756478875e-02 9.363397704608067071e-03
8.192125000000001211e-01 8.291875000000001883e-01 2.912965684175419009e-04 1.088109848226277362e-02 1.683573801466008851e-02 9.428112011596899433e-03
8.291875000000001883e-01 8.391625000000001444e-01 2.601949411589450992e-04 9.928081508661416865e-03 1.809287428300094397e-02 9.520974134183460974e-03
8.391625000000001444e-01 8.491375000000002116e-01 2.362688496001641013e-04 9.064576220743822063e-03 1.924522974383221716e-02 9.610983815587793508e-03
8.491375000000002116e-01 8.591125000000001677e-01 2.184278196116610257e-04 8.274838799848102319e-03 2.023206610772667821e-02 9.672023160102859868e-03
8.591125000000001677e-01 8.690875000000001238e-01 2.040054002018700386e-04 7.531911086669448169e-03 2.100081618300245201e-02 9.676440476311916686e-03
8.690875000000001238e-01 8.790625000000001910e-01 1.917734644030776611e-04 6.823041308385033830e-03 2.151319167947820382e-02 9.606643903943520510e-03
8.790625000000001910e-01 8.890375000000001471e-01 1.795195918182135764e-04 6.131254941654998812e-03 2.174801101678378382e-02 9.449063736786037296e-03
8.890375000000001471e-01 8.990125000000002142e-01 1.669398034189338749e-04 5.457055749247672304e-03 2.170948138097575711e-02 9.205187742369112455e-03
8.990125000000002142e-01 9.089875000000001704e-01 1.539737987801318125e-04 4.798483751707218262e-03 2.141867289855954593e-02 8.881436536809268409e-03
9.089875000000001704e-01 9.189625000000001265e-01 1.404201191208146533e-04 4.165369707083001020e-03 2.091552135895545159e-02 8.494507542158141397e-03
9.189625000000001265e-01 9.289375000000001936e-01 1.267146669698878954e-04 3.567143875078076457e-03 2.025989218365090855e-02 8.067886984180429669e-03
9.289375000000001936e-01 9.389125000000001497e-01 1.134105245963970299e-04 3.019013368945609385e-03 1.951237139899356099e-02 7.627285367211184344e-03
9.389125000000001497e-01 9.488875000000002169e-01 1.006667897726426579e-04 2.528547834063504373e-03 1.872147265105787717e-02 7.191647633941601267e-03
9.488875000000002169e-01 9.588625000000001730e-01 8.929768696546879945e-05 2.105259413958904865e-03 1.793408829607788524e-02 6.780239852465947195e-03
9.588625000000001730e-01 9.688375000000001291e-01 7.949799627650424867e-05 1.751589289725082261e-03 1.719175614876909328e-02 6.407943019280086354e-03
9.688375000000001291e-01 9.788125000000001963e-01 7.151367370127638390e-05 1.465863133731975772e-03 1.651703048678141578e-02 6.081873969019575311e-03
9.788125000000001963e-01 9.887875000000001524e-01 6.507787885000587257e-05 1.240759650164448237e-03 1.591574853429267647e-02 5.801449688802291435e-03
9.887875000000001524e-01 9.987625000000002196e-01 5.998549811808175092e-05 1.071145982409442334e-03 1.538840434287999485e-02 5.565043078870892009e-03
9.987625000000002196e-01 1.008737500000000065e+00 5.699236991518973311e-05 9.468543490407376221e-04 1.493702553058786145e-02 5.370164070166342542e-03
1.008737500000000065e+00 1.018712500000000132e+00 5.534576777183523681e-05 8.602501843604113893e-04 1.455688330357999931e-02 5.212405315563780651e-03
1.018712500000000132e+00 1.028687499999999977e+00 5.513107320568634979e-05 8.002328479797252885e-04 1.423217507473895083e-02 5.082736026768229151e-03
1.028687499999999977e+00 1.038662500000000044e+00 5.640540798056952729e-05 7.634090465732759926e-04 1.395098872383675366e-02 4.976019641627842799e-03
1.038662500000000044e+00 1.048637500000000111e+00 5.847946280423365055e-05 7.411248113197004559e-04 1.371062599604995491e-02 4.888210820223619531e-03
1.048637500000000111e+00 1.058612500000000178e+00 6.127286273037922096e-05 7.315733523212175670e-04 1.351690432448781135e-02 4.820635737557736437e-03
1.058612500000000178e+00 1.068587500000000023e+00 6.527521337143326165e-05 7.295079189800643621e-04 1.336364569410121959e-02 4.769607768735082895e-03
1.068587500000000023e+00 1.078562500000000091e+00 6.969440536622278058e-05 7.322313324932086011e-04 1.324498543847378931e-02 4.731984782337736971e-03
1.078562500000000091e+00 1.088537500000000158e+00 7.381698430003023491e-05 7.374605057366123142e-04 1.315676851092095236e-02 4.705365689948714028e-03
1.088537500000000158e+00 1.098512500000000003e+00 7.769391091779252008e-05 7.456875741323623977e-04 1.309526784049315495e-02 4.688676840447317772e-03
1.098512500000000003e+00 1.108487500000000070e+00 8.098913961177730517e-05 7.555231599832304629e-04 1.305083406062653058e-02 4.678089739268909836e-03
1.108487500000000070e+00 1.118462500000000137e+00 8.415317065093247753e-05 7.657887007832082579e-04 1.300999573684259898e-02 4.668815898503943761e-03
1.118462500000000137e+00 1.128437499999999982e+00 8.661241252132661779e-05 7.748555533769444946e-04 1.295811783255575340e-02 4.655188813420563752e-03
1.128437499999999982e+00 1.138412500000000049e+00 8.829023282582307080e-05 7.829147603568749076e-04 1.288194003995393917e-02 4.632779636360005553e-03
1.138412500000000049e+00 1.148387500000000117e+00 8.920818221377038889e-05 7.870294529167613492e-04 1.275901607696998223e-02 4.593044217054796999e-03
1.148387500000000117e+00 1.158362500000000184e+00 8.933957652387018126e-05 7.864863485822962521e-04 1.257458376480370850e-02 4.530759774925109847e-03
1.158362500000000184e+00 1.168337500000000029e+00 8.888426092877733497e-05 7.800848932235568672e-04 1.232387731166350621e-02 4.443981918464617355e-03
1.168337500000000029e+00 1.178312500000000096e+00 8.795767213234397496e-05 7.679446543081045557e-04 1.200962479653781140e-02 4.333707806667417770e-03
1.178312500000000096e+00 1.188287500000000163e+00 8.632013648056218998e-05 7.491568294327176662e-04 1.163623914923828627e-02 4.201040387600751477e-03
1.188287500000000163e+00 1.198262500000000008e+00 8.417174443831985790e-05 7.257545867903011406e-04 1.122258343573316608e-02 4.053084864584058193e-03
1.198262500000000008e+00 1.208237500000000075e+00 8.171037949823992325e-05 6.988617955691070688e-04 1.079358271031847887e-02 3.898682448214855958e-03
1.208237500000000075e+00 1.218212500000000142e+00 7.911687294129260807e-05 6.703468653975298364e-04 1.037505820756102343e-02 3.747221192506860511e-03
1.218212500000000142e+00 1.228187499999999988e+00 7.651273467144833985e-05 6.414932437425124260e-04 9.987694228867581223e-03 3.606142110466978128e-03
1.228187499999999988e+00 1.238162500000000055e+00 7.412393885159081208e-05 6.146647505588903300e-04 9.641245636992267637e-03 3.479601064515383188e-03
1.238162500000000055e+00 1.248137500000000122e+00 7.212684983219058818e-05 5.906953731590061044e-04 9.344952881781365059e-03 3.371049781039296266e-03
1.248137500000000122e+00 1.258112500000000189e+00 7.080387376888278830e-05 5.699894557232513658e-04 9.100880904805817503e-03 3.281412310470026034e-03
1.258112500000000189e+00 1.268087500000000034e+00 7.021036079122599020e-05 5.513976790426205468e-04 8.891165114505940673e-03 3.204300637188424190e-03
1.268087500000000034e+00 1.278062500000000101e+00 7.107685849281269530e-05 5.350486760986838649e-04 8.687209587850627107e-03 3.130361251835519359e-03
1.278062500000000101e+00 1.288037500000000168e+00 7.352885614320471585e-05 5.201131004592089843e-04 8.468789264060382072e-03 3.052541319513458855e-03
1.288037500000000168e+00 1.298012500000000014e+00 7.740790757827801973e-05 5.059125918804273370e-04 8.222260105314344383e-03 2.965963522323444759e-03
1.298012500000000014e+00 1.307987500000000081e+00 8.286243034472042402e-05 4.917087554887559619e-04 7.929895567661916778e-03 2.864454987382786429e-03
1.307987500000000081e+00 1.317962500000000148e+00 9.027098168396176941e-05 4.773746268791894819e-04 7.580763553554082691e-03 2.744413088918592775e-03
1.317962500000000148e+00 1.327937500000000215e+00 9.934924885059005068e-05 4.622271250228197383e-04 7.180486108806722993e-03 2.607409532681560522e-03
1.327937500000000215e+00 1.337912500000000060e+00 1.099182455168658712e-04 4.481340445887463668e-04 6.750728947058478625e-03 2.461314415377252596e-03
1.337912500000000060e+00 1.347887500000000127e+00 1.216458230519314101e-04 4.358856680675341324e-04 6.309910371770802683e-03 2.312491132653905941e-03
1.347887500000000127e+00 1.357862500000000194e+00 1.345874893543762252e-04 4.263878676786649969e-04 5.876231192292787585e-03 2.167395313958983289e-03
1.357862500000000194e+00 1.367837500000000039e+00 1.483220445799940412e-04 4.203747991456330746e-04 5.469349950614999997e-03 2.032760284393032336e-03
1.367837500000000039e+00 1.377812500000000107e+00 1.624925240360366259e-04 4.182038531855072905e-04 5.105549075489740352e-03 1.914076033360635667e-03
1.377812500000000107e+00 1.387787500000000174e+00 1.766664573984755055e-04 4.192112784938014877e-04 4.791541792897612007e-03 1.813240043881590453e-03
1.387787500000000174e+00 1.397762500000000019e+00 1.905579773098339976e-04 4.232476225980145610e-04 4.528059517650795569e-03 1.730355109575484147e-03
1.397762500000000019e+00 1.407737500000000086e+00 2.035683394289282151e-04 4.289249539970747664e-04 4.306585230920353079e-03 1.661888951456133969e-03
1.407737500000000086e+00 1.417712500000000153e+00 2.151595310481457292e-04 4.349752940562036916e-04 4.114377720552808183e-03 1.602946132365159039e-03
1.417712500000000153e+00 1.427687500000000220e+00 2.247050292422330222e-04 4.393141135229460372e-04 3.934192213054465113e-03 1.546810153652704517e-03
1.427687500000000220e+00 1.437662500000000065e+00 2.318438101526492539e-04 4.400614579778080755e-04 3.750558184351039832e-03 1.487517897488547505e-03
1.437662500000000065e+00 1.447637500000000133e+00 2.361345070350014271e-04 4.362797443115091025e-04 3.553704055307213647e-03 1.421317256509993000e-03
1.447637500000000133e+00 1.457612500000000200e+00 2.379552807516364650e-04 4.280654631560856294e-04 3.339557660200515726e-03 1.346992102064144227e-03
1.457612500000000200e+00 1.467587500000000045e+00 2.373688283496355018e-04 4.147901780214055642e-04 3.104282062478702208e-03 1.263058665002272495e-03
1.467587500000000045e+00 1.477562500000000112e+00 2.351170966747079987e-04 3.970335382374906336e-04 2.846879575811141032e-03 1.169618127919966810e-03
1.477562500000000112e+00 1.487537500000000179e+00 2.322697759372587629e-04 3.764508617716182202e-04 2.574664335316022290e-03 1.070041244543152095e-03
1.487537500000000179e+00 1.497512500000000024e+00 2.303655075769688260e-04 3.555864160860788608e-04 2.300442426078939690e-03 9.700015020025031095e-04
1.497512500000000024e+00 1.507487500000000091e+00 2.305894761349173657e-04 3.360113500942779954e-04 2.032347385035480816e-03 8.731551689708992548e-04
1.507487500000000091e+00 1.517462500000000158e+00 2.344865053432772922e-04 3.203464665864319788e-04 1.779443936466003611e-03 7.839428409603514149e-04
1.517462500000000158e+00 1.527437500000000226e+00 2.430903414430639320e-04 3.109278001004645194e-04 1.551810971838919057e-03 7.068840937502189224e-04
1.527437500000000226e+00 1.537412500000000071e+00 2.570366906975787586e-04 3.085135523002858061e-04 1.356108329014680917e-03 6.446856760473865678e-04
1.537412500000000071e+00 1.547387500000000138e+00 2.765108305835255621e-04 3.135940096341894895e-04 1.193873271222309828e-03 5.980910159339632723e-04
1.547387500000000138e+00 1.557362500000000205e+00 3.011590298375834210e-04 3.262826109940422030e-04 1.067812972076399424e-03 5.679349020087026212e-04
1.557362500000000205e+00 1.567337500000000050e+00 3.291902204826272025e-04 3.447745902802566969e-04 9.761512946599553700e-04 5.524266896232246952e-04
1.567337500000000050e+00 1.577312500000000117e+00 3.584143698090544602e-04 3.664843762042681329e-04 9.133756136978319349e-04 5.481237453279639215e-04
1.577312500000000117e+00 1.587287500000000184e+00 3.862965745388117112e-04 3.891218071171819847e-04 8.743134026303439306e-04 5.516847406863189043e-04
1.587287500000000184e+00 1.597262500000000029e+00 4.101359665974627176e-04 4.096480942422574224e-04 8.507981692600262913e-04 5.584534911778225776e-04
1.597262500000000029e+00 1.607237500000000097e+00 4.271892157219197303e-04 4.247078177906722283e-04 8.357784529295187803e-04 5.640291453285471192e-04
1.607237500000000097e+00 1.617212500000000164e+00 4.352754268627134120e-04 4.321392701741795820e-04 8.251111553009236052e-04 5.655760956352607043e-04
1.617212500000000164e+00 1.627187500000000231e+00 4.333144808537571133e-04 4.303767238373165291e-04 8.119314223587937749e-04 5.599017032830848903e-04
1.627187500000000231e+00 1.637162500000000076e+00 4.217503920038453784e-04 4.193885753936970207e-04 7.932353009234632216e-04 5.461281999865993291e-04
1.637162500000000076e+00 1.647137500000000143e+00 4.011679724189378695e-04 3.996131481552218662e-04 7.654276739325812382e-04 5.233826907410207754e-04
1.647137500000000143e+00 1.657112500000000210e+00 3.732862459119715213e-04 3.724253947278803861e-04 7.282525341311649495e-04 4.926029733546305901e-04
1.657112500000000210e+00 1.667087500000000055e+00 3.409748614774709753e-04 3.401613171100914524e-04 6.829112068312927827e-04 4.559170476227733656e-04
1.667087500000000055e+00 1.677062500000000123e+00 3.074578999885534299e-04 3.055683136212856109e-04 6.311049628780961108e-04 4.158755376386482944e-04
1.677062500000000123e+00 1.687037500000000190e+00 2.752956115784630019e-04 2.706903755174127095e-04 5.746033043747934095e-04 3.745985933875766718e-04
1.687037500000000190e+00 1.697012500000000257e+00 2.466234924882578167e-04 2.374821436854344958e-04 5.156603898369767520e-04 3.342008592394472713e-04
1.697012500000000257e+00 1.706987500000000102e+00 2.228864614151775440e-04 2.072064743509246501e-04 4.568780671390908080e-04 2.964558411950724676e-04
1.706987500000000102e+00 1.716962500000000169e+00 2.048781893219229653e-04 1.805542713047746323e-04 3.995287318186453024e-04 2.622839486792587216e-04
1.716962500000000169e+00 1.726937500000000236e+00 1.922956242264120031e-04 1.576174037146244261e-04 3.448368059527518598e-04 2.320296555299344225e-04
1.726937500000000236e+00 1.736912500000000081e+00 1.843361172043970987e-04 1.383531000130782448e-04 2.940615279899218867e-04 2.058406720455062617e-04
1.736912500000000081e+00 1.746887500000000149e+00 1.793742394518060335e-04 1.221069743695519475e-04 2.477277361645893522e-04 1.831427391555253770e-04
1.746887500000000149e+00 1.756862500000000216e+00 1.754878000809918510e-04 1.078116857773820129e-04 2.055768343685602031e-04 1.628617664546296202e-04
1.756862500000000216e+00 1.766837500000000061e+00 1.710845869150357272e-04 9.501404807743428157e-05 1.678851561928158657e-04 1.444182905296444218e-04
1.766837500000000061e+00 1.776812500000000128e+00 1.651987727285723722e-04 8.358664039841425214e-05 1.355201198156514902e-04 1.277462174141144147e-04
1.776812500000000128e+00 1.786787500000000195e+00 1.567719625680228409e-04 7.299305386089035435e-05 1.074812648016294726e-04 1.119822564392175708e-04
1.786787500000000195e+00 1.796762500000000262e+00 1.452948240709673569e-04 6.261126471497228735e-05 8.268081862870085266e-05 9.638426257902658716e-05
1.796762500000000262e+00 1.806737500000000107e+00 1.311167891671008315e-04 5.277459514438337357e-05 6.268677583416647193e-05 8.170684490695893801e-05
1.806737500000000107e+00 1.816712500000000174e+00 1.149035280483829541e-04 4.365884174883733415e-05 4.723316676180578028e-05 6.813697516414584396e-05
1.816712500000000174e+00 1.826687500000000242e+00 9.751340973539749301e-05 3.528779945643767808e-05 3.482713353617594942e-05 5.546004373432060930e-05
1.826687500000000242e+00 1.836662500000000087e+00 7.986937839713106988e-05 2.764516532618294030e-05 2.498042742913789529e-05 4.380755227005744698e-05
1.836662500000000087e+00 1.846637500000000154e+00 6.311227681316317257e-05 2.089551862241686482e-05 1.719189242616084811e-05 3.343867932216863396e-05
1.846637500000000154e+00 1.856612500000000221e+00 4.805220817110973116e-05 1.523751375846167652e-05 1.142510668280947253e-05 2.467261428289045422e-05
1.856612500000000221e+00 1.866587500000000066e+00 3.520063233937714421e-05 1.076409012397864223e-05 7.358074310802349519e-06 1.759920323116233594e-05
1.866587500000000066e+00 1.876562500000000133e+00 2.483922533527781179e-05 7.335268685432432878e-06 4.566196264021232157e-06 1.212030768236614137e-05
1.876562500000000133e+00 1.886537500000000200e+00 1.689723336979678187e-05 4.822051881541265281e-06 2.754680859175868802e-06 8.070092261043825292e-06
1.886537500000000200e+00 1.896512500000000268e+00 1.082787644248203375e-05 2.948587746748271279e-06 1.556299422396986820e-06 5.053410469865191156e-06
1.896512500000000268e+00 1.906487500000000113e+00 6.296680927901028070e-06 1.622246808338046058e-06 7.885482478513555125e-07 2.868345502532717041e-06
1.906487500000000113e+00 1.916462500000000180e+00 3.310960631847226662e-06 7.301011589245892673e-07 3.152312846312252544e-07 1.433409021414231210e-06
1.916462500000000180e+00 1.926437500000000247e+00 1.560824288872355169e-06 2.676510172307538252e-07 1.084321548299672886e-07 6.364476505651165696e-07
1.926437500000000247e+00 1.936412500000000092e+00 1.213942307883197423e-07 7.072108984469384131e-09 1.158688575368799735e-09 4.242559810160694537e-08
1.936412500000000092e+00 1.946387500000000159e+00 0.000000000000000000e+00 0.000000000000000000e+00 0.000000000000000000e+00 0.000000000000000000e+00
1.946387500000000159e+00 1.956362500000000226e+00 0.000000000000000000e+00 0.000000000000000000e+00 0.000000000000000000e+00 0.000000000000000000e+00
1.956362500000000226e+00 1.966337500000000293e+00 0.000000000000000000e+00 0.000000000000000000e+00 0.000000000000000000e+00 0.000000000000000000e+00
1.966337500000000293e+00 1.976312500000000139e+00 0.000000000000000000e+00 0.000000000000000000e+00 0.000000000000000000e+00 0.000000000000000000e+00
1.976312500000000139e+00 1.986287500000000206e+00 0.000000000000000000e+00 0.000000000000000000e+00 0.000000000000000000e+00 0.000000000000000000e+00
1.986287500000000206e+00 1.996262500000000051e+00 0.000000000000000000e+00 0.000000000000000000e+00 0.000000000000000000e+00 0.000000000000000000e+00
