logk z371 z349 z328 z290 z244 z210 z174 z141 z104 z070 z035 z018 z000
-3.3010299956639813 0.0 0.0 0.0 -2.5691292389181716e-26 0.0 -5.138258477836343e-26 -1.0276516955672686e-25 -2.0553033911345373e-25 -4.1106067822690746e-25 0.0 -8.221213564538149e-25 0.0 0.0
-3.164079469804615 6.206257111813176e-10 5.47522850473852e-10 4.466360822355484e-10 5.405099800570685e-10 1.1080931396003216e-09 2.273161554633254e-09 4.440284202314501e-09 6.805685532847144e-09 1.0147254350165303e-08 1.431205096416586e-08 1.984452907420964e-08 2.1178747774132226e-08 2.338748454489178e-08
-3.0271289439452485 2.052288461154496e-10 1.8105515256644262e-10 1.4769386143582938e-10 1.787361327809844e-10 3.66424839209055e-10 7.516902933386351e-10 1.468315583527981e-09 2.2505077758900195e-09 3.355499561177525e-09 4.73271675988161e-09 6.562199616017347e-09 7.003399777914554e-09 7.733786048848979e-09
-2.890178418085882 -1.2461905951976048e-09 -1.0994030937222289e-09 -8.968266623991573e-10 -1.0853215418282528e-09 -2.2250049011738e-09 -4.5644137838838564e-09 -8.915905856359567e-09 -1.366553327087138e-08 -2.037526436696334e-08 -2.8738002612852755e-08 -3.984698837457689e-08 -4.252604398865302e-08 -4.6961095488128425e-08
-2.7532278922265156 -1.6863988346233578e-09 -1.487759659862055e-09 -1.21362450026296e-09 -1.468703896806867e-09 -3.01097254852559e-09 -6.176761496631235e-09 -1.2065388154684448e-08 -1.8492788720532717e-08 -2.757268608510186e-08 -3.888950398316329e-08 -5.392266240581087e-08 -5.754807595240625e-08 -6.354977882918321e-08
-2.6162773663671492 4.759661333150053e-09 4.199025746864579e-09 3.4253116690247775e-09 4.145243108543611e-09 8.498114040498784e-09 1.743317906536138e-08 3.405313161410248e-08 5.219370982006839e-08 7.782064664415778e-08 1.0976102721002418e-07 1.5219033953540603e-07 1.6242264064955054e-07 1.7936173745699758e-07
-2.4793268405077824 -1.1288180724088824e-08 -9.958557590134139e-09 -8.123589988847434e-09 -9.831004787804061e-09 -2.015442704608974e-08 -4.134514246099979e-08 -8.076160822702234e-08 -1.2378444344477217e-07 -1.8456219085724926e-07 -2.6031312416683726e-07 -3.6093997805493525e-07 -3.85207264341734e-07 -4.2538062389014343e-07
-2.342376314648416 -8.446512437450141e-08 -7.451606472301692e-08 -6.078570635489533e-08 -7.356163605320169e-08 -1.5080784306650942e-07 -3.093698343079741e-07 -6.043081210618044e-07 -9.262314864324671e-07 -1.3810080460814348e-06 -1.9478232096467203e-06 -2.7007753404480325e-06 -2.882358130850384e-06 -3.1829599633101364e-06
-2.2054257887890496 -2.148203879698966e-07 -1.8951691662483164e-07 -1.5459645763719274e-07 -1.8708951550919209e-07 -3.835500106861954e-07 -7.868211681966629e-07 -1.5369385409801854e-06 -2.355687139974464e-06 -3.5123216409815883e-06 -4.9539042378938986e-06 -6.868889506184437e-06 -7.330709526835057e-06 -8.095231011313687e-06
-2.068475262929683 -4.023539715102745e-07 -3.5496111329557846e-07 -2.895558438357398e-07 -3.504146431557753e-07 -7.183809299051478e-07 -1.4736991441270664e-06 -2.8786528679821646e-06 -4.412151404070764e-06 -6.5785029755577095e-06 -9.278556208908373e-06 -1.286528247526415e-05 -1.3730261452295756e-05 -1.51621937679008e-05
-1.9315247370703168 -6.470658749956351e-07 -5.708486547352572e-07 -4.6566386495053634e-07 -5.635370189929514e-07 -1.1553006007233668e-06 -2.370003762099185e-06 -4.629451102067745e-06 -7.095624278721367e-06 -1.0579552049809801e-05 -1.4921779122690142e-05 -2.0689954247687173e-05 -2.2081013907232483e-05 -2.438384823307147e-05
-1.7945742112109502 -9.489560984259787e-07 -8.371795409438683e-07 -6.829205209815827e-07 -8.264566430207207e-07 -1.6943090231408523e-06 -3.475735022113019e-06 -6.789333243236925e-06 -1.0406105763926275e-05 -1.551546886373786e-05 -2.1883572979239217e-05 -3.0342904823453513e-05 -3.238296689164524e-05 -3.576019440682571e-05
-1.6576236853515838 -1.308024641801305e-06 -1.1539537719214113e-06 -9.413258119288786e-07 -1.1391735152390827e-06 -2.335406197157604e-06 -4.7908929241685675e-06 -9.358299291489704e-06 -1.4343595859685484e-05 -2.1386253417341892e-05 -3.0163937778555587e-05 -4.182413420256316e-05 -4.4636120405534024e-05 -4.929123228916352e-05
-1.5206731594922174 -1.7242715051216132e-06 -1.521171347667886e-06 -1.2408797377924238e-06 -1.501687635648037e-06 -3.078592122773622e-06 -6.315477468265829e-06 -1.2336349246826078e-05 -1.8908094565998992e-05 -2.8191905710621883e-05 -3.976287352063924e-05 -5.5133642385016094e-05 -5.8840474448898814e-05 -6.497696188008486e-05
-1.3837226336328508 -2.1976966883869056e-06 -1.9388322681832934e-06 -1.5815822985722192e-06 -1.913999004247585e-06 -3.923866799988907e-06 -8.04948865440481e-06 -1.572348310924606e-05 -2.4099601882866813e-05 -3.5932425743577864e-05 -5.068038020549021e-05 -7.027142937081237e-05 -7.499602902173967e-05 -8.281738317958979e-05
-1.2467721077734844 -2.7283001915971796e-06 -2.4069365334676325e-06 -1.9634334942682637e-06 -2.3761076210377256e-06 -4.871230228803458e-06 -9.992926482585502e-06 -1.9519700878749634e-05 -2.991811781028893e-05 -4.4607813516209795e-05 -6.291645783310847e-05 -8.723749515995195e-05 -9.310278412405653e-05 -0.00010281249618767826
-1.109821581914118 -3.3160820147524364e-06 -2.9254841435209036e-06 -2.386433324880558e-06 -2.8880134860184587e-06 -5.920682409217276e-06 -1.2145790952807909e-05 -2.3725002555336812e-05 -3.636364234826535e-05 -5.42180690285177e-05 -7.6471106403494e-05 -0.00010603183975243481 -0.00011316073975584941 -0.00012496230090435032
-0.9728710560547515 -3.961042157852675e-06 -3.494475098343106e-06 -2.850581790409101e-06 -3.449716599189784e-06 -7.072223341230358e-06 -1.4508082065072029e-05 -2.8339388139007582e-05 -4.3436175496796066e-05 -6.476319228050156e-05 -9.134432591664685e-05 -0.00012665446314826098 -0.0001351698959171183 -0.00014926679732960588
-0.8359205301953851 -4.663180620897897e-06 -4.113909397934241e-06 -3.3558788908538946e-06 -4.061216960551704e-06 -8.325853024842708e-06 -1.7079799819377866e-05 -3.336285762976195e-05 -5.11357172558811e-05 -7.62431832721614e-05 -0.00010753611637256699 -0.0001491053653474305 -0.00015913025260786323 -0.00017572598546344503
-0.6989700043360187 -5.422497403888102e-06 -4.7837870422943084e-06 -3.902324626214938e-06 -4.722514570104216e-06 -9.681571460054325e-06 -1.986094421572542e-05 -3.879541102759993e-05 -5.9462267625520426e-05 -8.865804200349721e-05 -0.00012504647777125444 -0.0001733845463499433 -0.00018504180982808422 -0.00020433986530586778
-0.6631723473934306 -5.630402417059615e-06 -4.967203138966807e-06 -4.051944403299754e-06 -4.903581407166446e-06 -1.0052774448640408e-05 -2.062243648786709e-05 -4.0282873324014124e-05 -6.17421218353219e-05 -9.205729699941126e-05 -0.00012984090876340995 -0.0001800323165022673 -0.00019213653335566088 -0.00021217449928050456
-0.4037538403722266 -1.643859584807961e-05 -1.7349223808054754e-05 -1.6559075469546274e-05 -1.8675819215945805e-05 -3.966563356328291e-05 -8.9901184064996e-05 -0.00017657130304490386 -0.0002681742701938041 -0.000391005823574573 -0.0005126602072821981 -0.0006731747289536606 -0.0006882020507389505 -0.0007217086380084746
-0.23158679894333747 -2.982505168109897e-05 -3.0903299558516236e-05 -2.7163628153451476e-05 -4.0482974470043743e-05 -0.00010642323869826217 -0.00024121360397694509 -0.00046088863897343765 -0.0006698530189702916 -0.0009367506552189292 -0.0011717969244938939 -0.0014655736465658221 -0.0014889818137018822 -0.0014641501697275066
-0.10239138211843944 -4.717631008880781e-05 -5.04126097599882e-05 -4.803981011047669e-05 -8.387681670760745e-05 -0.0002672739641190431 -0.0005822366350396412 -0.001061469855932766 -0.0014625481880861148 -0.0018674644548322477 -0.00213127872983139 -0.002521578638174856 -0.0025555756764874347 -0.0023748975921004385
-0.0040447978487838186 -6.534556143616471e-05 -5.902046448157525e-05 -6.432464445842967e-05 -0.00012124307964666995 -0.0004173815762123223 -0.0009322637219527707 -0.0017586572260093014 -0.0024837965683237526 -0.0031275945860631885 -0.0032873262567324527 -0.003473715640043307 -0.0035541920589111124 -0.0033438943195264904
0.07444192382265377 -8.599130357256868e-05 -6.37102099280387e-05 -8.47260651269334e-05 -0.00018164619300110294 -0.0006793303037671537 -0.0014802249701524092 -0.0026988118151850663 -0.0036295679542744305 -0.004347205600220049 -0.004463022965089353 -0.004658088920336421 -0.004511067105641302 -0.004472369669134119
0.14111412278861568 -0.00010202595517369207 -9.468710937909241e-05 -8.66800034406771e-05 -0.00022240437294263578 -0.0008782272114541252 -0.001987681551670607 -0.003623632679047051 -0.004887720590771925 -0.005786466181193613 -0.0056963287590959845 -0.00546831918572234 -0.004932954281182228 -0.0045996364271252855
0.19979836516053204 -0.00011225334450177674 -0.00010345310037878912 -0.00012076179070736345 -0.00031085232833244286 -0.0011861490407107929 -0.0025910535678354933 -0.004664576551541789 -0.006211704940355382 -0.007426439164249178 -0.006938794403520757 -0.006222992396556422 -0.005538888800843878 -0.004850819125803406
0.2512769814594135 -0.0001234671708373343 -0.00013626688729960617 -0.00018051671340089362 -0.0004669926318319312 -0.0016721660403274127 -0.003521444322032957 -0.006194575131754957 -0.007924228824807627 -0.009073105154733176 -0.008467761785003382 -0.0070114568251156435 -0.006236470060195412 -0.005695907101828997
0.29725964785533965 -0.00011925169884575638 -0.00011940994512236268 -0.0002116635445181266 -0.0005992066467166835 -0.0020304998457489256 -0.004119183669263044 -0.007157602781435263 -0.009346341812623962 -0.010556339244008459 -0.01026915435267585 -0.008098568182969024 -0.0064237879580908075 -0.0052938672824253
0.33905200547541453 -0.00012758527927365546 -0.00011592294295730288 -0.00020062855744765767 -0.0006892237973201566 -0.0025017473607149092 -0.0050304846950034055 -0.008529434035043557 -0.010905823338013557 -0.011880780505117462 -0.01165886127371105 -0.00928561009367813 -0.007368860766388947 -0.0058978192895834235
0.37715321827152226 -9.809369713335546e-05 -0.00012367881690177507 -0.0002539740341327506 -0.0008776001006106151 -0.0031820612828214597 -0.006116680943977158 -0.009868699135695755 -0.012273150241602549 -0.013374683812656616 -0.012909656434468956 -0.010208311456228802 -0.008269965306976436 -0.007452104087120998
0.4120825146211731 -8.241812418890944e-05 -7.409503876093015e-05 -0.000218675330423778 -0.0009252151719367483 -0.0035903764521460373 -0.007012768281071425 -0.011361787179135597 -0.013642274437358987 -0.014791396271789364 -0.014091345965202897 -0.01147318825440968 -0.008423243407984286 -0.008744596839070841
0.4444589681966621 -8.335532784989959e-05 -0.00011836893961525999 -0.0002929574722021876 -0.0010978501871810294 -0.004055107957848527 -0.0077886695069608125 -0.012786775968287005 -0.015025798175009188 -0.016134359983251797 -0.015137685436959075 -0.012663477835541795 -0.00977858949759607 -0.010325633237549606
0.4746097137262083 -3.2207271104474805e-05 -6.227461643365571e-05 -0.00028335814414625287 -0.0011265545440301828 -0.004421987221657412 -0.00851152920826354 -0.013851416788854718 -0.016276368934317473 -0.01707952928736877 -0.016742893561753677 -0.014216359278188045 -0.01155282368699662 -0.011630068544419623
0.5027343960301891 -5.266616412093227e-06 -5.5657135048866024e-05 -0.00030599515956504904 -0.0013409153464017838 -0.004869785477005653 -0.009096260265569143 -0.014478750767576591 -0.017599907293383062 -0.018410385321059212 -0.018049641725725596 -0.015781546769440446 -0.012741316749963273 -0.012837879970487203
0.5292217713769529 1.581321576724211e-05 -7.436438191215568e-05 -0.0003134244380029603 -0.0014630269659377455 -0.005430769802804162 -0.010125537248571195 -0.015726129817670128 -0.018720026885534934 -0.019685678721681046 -0.019223225015269407 -0.017711110167015067 -0.014586998341863213 -0.014703487748273346
0.5541188216067909 5.001256476134853e-05 -3.5581134267320695e-05 -0.0003427959234585993 -0.0016380881877864496 -0.005865185793694292 -0.010781551880187711 -0.01680051315315198 -0.01940455648474808 -0.020668118671979218 -0.02090669652255329 -0.019005628330353148 -0.01832773537887911 -0.01660764762813762
0.5776589898973685 5.987783603821273e-05 -4.5980656173380514e-05 -0.000309436246166988 -0.001579939172856622 -0.006093839249288646 -0.011128397929818575 -0.017858107587338922 -0.020909260775404344 -0.022018876437816113 -0.02317442937701764 -0.020921295353517826 -0.020515493385201818 -0.01885192499108955
0.6000549686711649 9.117123793144321e-05 -6.311084829354637e-05 -0.0004113728623937044 -0.0017509745647682504 -0.006379470265197458 -0.011681761362569864 -0.018240246995659497 -0.02188692104283789 -0.023354104657465843 -0.024939212197451564 -0.02328372993720669 -0.02339307659255566 -0.020862968537070127
0.6214273824609159 0.00015657255060839487 2.5242315385591137e-05 -0.000267142316503971 -0.0017696537306060962 -0.0067091073608045535 -0.012223439218053796 -0.018804784974237914 -0.02253026910864499 -0.024724663957880765 -0.026431371876041956 -0.02506824105110216 -0.026505262458990316 -0.022128526484661737
0.6416966745674101 0.00022554413069802732 5.609899043641162e-05 -0.00024229332915947168 -0.0017999478096330894 -0.0068830867198358845 -0.012770473659376268 -0.01935994598367163 -0.02273834575733099 -0.026099127793966063 -0.028422123051721735 -0.027497714837813946 -0.02778330207559417 -0.024831322737711214
0.6609214992712775 0.0003107689445539355 0.00012155541093203734 -0.00019401718189325856 -0.0017789780129978234 -0.007004214600024946 -0.012963187921959688 -0.01978286839060832 -0.023876669729619725 -0.027386688082865207 -0.030164790975215686 -0.03019312019019622 -0.0298998982039386 -0.026914354273941645
0.6794649449612236 0.00043143663999233814 0.0002666197512425619 -2.915359798759823e-05 -0.001703465006614257 -0.007096670797236905 -0.013161293412454488 -0.020264874087729617 -0.024054891121420556 -0.027991858452536256 -0.0318542931501326 -0.03252795559511759 -0.03220988479678289 -0.028273387664711498
0.6973166550917101 0.00048504557857395305 0.00034215814903973396 5.044780469655581e-05 -0.0015336195635579594 -0.007085563495086293 -0.013432686277774364 -0.020380181330011734 -0.02492600998487423 -0.0290147183889321 -0.03320544705381276 -0.03382522208380069 -0.03511504218638254 -0.030656891492068843
0.7144091287342486 0.000543354863696297 0.0003900697289054071 0.00016481665678985802 -0.001401929682171208 -0.006983777140279245 -0.013666905056230692 -0.02058326762305146 -0.0251174937934259 -0.02997369500891526 -0.03446045022820908 -0.03652286134515557 -0.037373880261265736 -0.033465502039153806
0.7308819654426397 0.0006903844008416954 0.0005184156899608118 0.00031555766468329067 -0.001359443614033876 -0.007159025807100306 -0.013781073768533101 -0.020936485434667456 -0.02571496182620054 -0.031076555033320543 -0.03586796140274344 -0.03802047744038034 -0.0401880402910559 -0.035322484368417804
0.7467324713137361 0.0007295617367580059 0.0005766591709209962 0.0004675061233905053 -0.0010101911066120045 -0.006585002737237247 -0.013766826024042585 -0.020984981216453882 -0.026035357606263083 -0.03199239242310494 -0.03745860724454841 -0.04037237528175359 -0.04157690655462794 -0.036179507177349135
0.7620177859469275 0.0009017434513551186 0.0007165736794227661 0.0006213230522705552 -0.0007697146189970839 -0.006396305790477227 -0.013894043597763864 -0.021103840517773052 -0.02645620184502101 -0.032691126244271264 -0.03874886195507466 -0.04168652231211643 -0.043143975503295046 -0.037671750236495626
0.776826133185771 0.0010506493987791164 0.0008603255799649164 0.0008455334149591534 -0.0004968051809626697 -0.006047791974539754 -0.013326086284167317 -0.02100615425979213 -0.02669574733602344 -0.03398301009261654 -0.03936403459159793 -0.04238817672894637 -0.04644854491631329 -0.03978835274124819
0.7910868051378747 0.0011214649287876635 0.0010385635101633093 0.001094138934857867 -0.00021990140966510668 -0.0058785966024815645 -0.01291914412157362 -0.021324907747062808 -0.02668662271573396 -0.03416825074891979 -0.04074219807189498 -0.043937149938822806 -0.04867233616120394 -0.041548613876225174
0.8049011648396776 0.0012582656659415913 0.0011589575773761132 0.0012616291048748519 0.000159521780093519 -0.005654952929704731 -0.01266336277818392 -0.021166753540478048 -0.026653397034452745 -0.035089428690211054 -0.042370324834293156 -0.045076894135994326 -0.04941195318796064 -0.04272697443744008
0.8183252968569453 0.0014529195104560208 0.0014612167161036462 0.0016583036946255163 0.0004839492386867701 -0.005183550700577443 -0.0123163848027778 -0.02112785669324819 -0.02682942113113178 -0.035578840385237835 -0.043278988762243724 -0.04684814529947197 -0.05193012766215339 -0.044072218132519575
0.8313066294299074 0.001597281970953614 0.001623848067344858 0.0018451493713678112 0.0008358580876648726 -0.004752365510643066 -0.011906410826263382 -0.020977448796983305 -0.02626580302944842 -0.03680913107281537 -0.044376548217330135 -0.048027280277030154 -0.053920272901891005 -0.04636262385865939
0.8439216809068801 0.001726155809872571 0.0018905364764031083 0.002253653791250848 0.0012317983008807108 -0.004166640273208391 -0.011470360950560286 -0.020555053675720195 -0.026255132681077462 -0.03738358830126684 -0.045704893145915304 -0.049543239360103596 -0.055145698858589255 -0.04746496709643822
0.8561885855893453 0.0018459809742375074 0.002020798225975023 0.002532720684532684 0.0016437397195695912 -0.00386534668999103 -0.011150429770007445 -0.019992283727699216 -0.02629722118982427 -0.037515502820321796 -0.04628364179375431 -0.05053396810087725 -0.05605616626904241 -0.04851688338511605
0.8681015371859322 0.0019001130072192826 0.0022128273125090235 0.002733687564569392 0.002019369716530548 -0.0036440047133701778 -0.010938490822783383 -0.020205663700832113 -0.02602260497453182 -0.03810767645388866 -0.046775779479258185 -0.05167492692342448 -0.05671647074377961 -0.05068476632086833
0.8796919417473976 0.0019743200415694275 0.0023439139611543093 0.0030266075174997585 0.0024917221284811394 -0.002946401970623395 -0.010622812506360647 -0.019764344693922152 -0.026079786447750965 -0.03811707422563602 -0.04715914328677348 -0.053172687828790685 -0.057530347638303884 -0.05191216076397651
0.8909983706273048 0.002242169165678558 0.0025191179874954816 0.00341500940257186 0.003011213201657124 -0.0025161141849047303 -0.009958084617307102 -0.01931479406843339 -0.025897200767683648 -0.03872965070479044 -0.047234200708622595 -0.0539279270037882 -0.058953465158356734 -0.053132612337314374
0.902053280962853 0.002440143390571813 0.0027641789526630348 0.0037499916399347266 0.0035135158608451955 -0.0020700679107456626 -0.009484881891941662 -0.01897585419859361 -0.025549759107535843 -0.03880284809986523 -0.047201935348432984 -0.055365534792239414 -0.059675583626663746 -0.05507165938793434
0.9128027476682797 0.0026314704869124525 0.0030418212208861398 0.004044202750194694 0.004006523169538795 -0.0014843947230643493 -0.008986226027733255 -0.01812716759295252 -0.025252315691106322 -0.03899514192071372 -0.04792842654543563 -0.05649783914222467 -0.06007141911518125 -0.057114881443296114
0.9232838612237394 0.002834917394449929 0.003319969325173175 0.004451172772876664 0.004411553769656439 -0.0007705565224863241 -0.008653845772896948 -0.017622662075794056 -0.02422157219148527 -0.03896850673248243 -0.04791547692017163 -0.05729385048166062 -0.0606743842653631 -0.05809601392639836
0.9335454465493317 0.0031312301993674306 0.0034910754982099236 0.004685230991718694 0.004870369298575044 -0.0002702318479935441 -0.007989640022850176 -0.017230642627726504 -0.023904931581014404 -0.03911154985662804 -0.04814944666719971 -0.05790504760089363 -0.061367359172292114 -0.05948503491279291
0.9435371571583228 0.0032997205485958163 0.0038526670204672635 0.0051176227100175635 0.005669421247909924 0.00019532124558169987 -0.007186811067700412 -0.016757757456266002 -0.023114122774104066 -0.0392006636128748 -0.04892533924456767 -0.05797093473005555 -0.062075022144903305 -0.061484097181116616
0.9533176724071979 0.0035079007229060063 0.004203888164231847 0.005470659575473339 0.005842113915415321 0.0008148649793535506 -0.006753998845162322 -0.016138832339026077 -0.023037262271647825 -0.03931686383432899 -0.049336964722680114 -0.0590472584648949 -0.06305289610345938 -0.06296938668777237
0.96290453031032 0.003823702837780203 0.0045685162517632594 0.005951618444945966 0.0063624141064095 0.0011476704057768487 -0.006010811228222681 -0.015406348593065283 -0.022422780206543185 -0.03957961636192982 -0.05004869325958744 -0.06021806671611203 -0.06411682907639962 -0.06345046465629445
0.9722330561138222 0.0040417127879613865 0.004897794035189572 0.006395476362247521 0.0068641143635662285 0.002069742664390723 -0.005170353080173935 -0.01473241299863815 -0.02182653302769897 -0.03978698331925475 -0.04983235163926894 -0.060717705919189575 -0.06408118625522395 -0.06581517006458278
0.9813900850460576 0.004028394074715605 0.005154837702022807 0.007009978273601972 0.007726017236286196 0.0027218788730802726 -0.004290323365073068 -0.014407693319641264 -0.02145377054786957 -0.04004658602126175 -0.050681895792504164 -0.06088875793854877 -0.0641049969543373 -0.0658372164870619
0.9903771526155654 0.004150525560757115 0.005292312021355777 0.007273558113117836 0.0081843523934882 0.002996521937009774 -0.003762803138939979 -0.013662315685691316 -0.020294507225766076 -0.03974653652116908 -0.0508306438036001 -0.06265382286182723 -0.06491207131887244 -0.06748216674395625
0.9991620301564466 0.0046098306429628155 0.0056677225237501145 0.00768479763974728 0.008897143369126398 0.0035579628087187027 -0.003259403966843311 -0.013262886224545748 -0.02000456880804971 -0.03921076463206878 -0.051241655333273385 -0.06325723057272839 -0.06654995089847095 -0.0690265240623095
1.0077830598860806 0.0049465878458083545 0.0060248770142683995 0.007932180806556216 0.009278673744165253 0.0040192396573833136 -0.0024921086819727953 -0.012251145826424609 -0.019378485575917828 -0.03861434736552602 -0.05096385690537506 -0.06349581722164704 -0.06752313207675809 -0.0691974479386372
1.01620896402572 0.005023389195348735 0.006415922732003851 0.008374203152387065 0.009942194756324076 0.004562041740314833 -0.0019904768911021484 -0.011333192270140532 -0.018745424739567907 -0.03821493449770083 -0.05050875373256952 -0.06433019699093552 -0.06740633084796789 -0.07007816722542044
1.0244895711771007 0.005290781804715964 0.006697066476223275 0.008544946463709338 0.010483786528886102 0.005155565606246731 -0.0011993034412706286 -0.010916965912693831 -0.018569674449262108 -0.03768316952842211 -0.049710010637757325 -0.06444935443894932 -0.06744420408650917 -0.0711648979863077
1.0326491947518117 0.005519364421231932 0.007250427336482031 0.008939319570561512 0.010909727050131292 0.005697832223333159 -0.0006491997579129177 -0.010058588645942675 -0.017809154127512956 -0.03742285098270717 -0.04975721404852686 -0.06481541432816137 -0.06798212960202324 -0.07141191514581971
1.0406371370827474 0.005765023034179919 0.0075361857876708755 0.009488536359276871 0.011316237711482508 0.006174457414209184 8.293755947973108e-05 -0.00932847121800031 -0.01703813699488279 -0.036816540154530036 -0.04973783149698892 -0.06499803061684462 -0.06957071251940497 -0.0715050082929731
1.0484698510455883 0.005989006853687808 0.008050066875011936 0.01006257343485565 0.011964538872102177 0.006758564295378836 0.0009227233286959716 -0.008463980608930879 -0.01637936147095897 -0.0361932238002157 -0.049906786310439814 -0.06559388407684898 -0.07005206465596976 -0.07192850400042189
1.0561675013901748 0.006147120611127466 0.008279700118630422 0.010710465819734753 0.012347702904141599 0.007333661213478756 0.001433267765381619 -0.008032686954517431 -0.015332802670719873 -0.03591467250451702 -0.049491099190815305 -0.06598233561184694 -0.07059140318339978 -0.07171656141341957
1.0637350068772617 0.006501461213041537 0.008622961242698318 0.011316742784292186 0.013069858005523967 0.00764316400047108 0.002086245162470928 -0.007912981928614614 -0.014724519944380742 -0.03516921096101254 -0.04881966158108232 -0.06602545156447147 -0.07120352072244271 -0.07179878954972314
1.0711734344670918 0.006700885463389065 0.008751143585905764 0.011537870487767164 0.01347333933229105 0.008487248222863807 0.002809448828937935 -0.006769024296795924 -0.014233796693688442 -0.03500676781316011 -0.048064875110741034 -0.06699772820635205 -0.07143133385147833 -0.07178059379681832
1.0784893176762205 0.0069601177173264145 0.009139418703165777 0.01218743624033497 0.013988169907159599 0.008969366431649887 0.003549365442088436 -0.006102780775846177 -0.013103029357497003 -0.03482621120572795 -0.048148029364625686 -0.06720661333435429 -0.07128610781970016 -0.07202775743480952
1.085684710889774 0.007175826068435485 0.00961756510980601 0.012791847538844586 0.014882521571695511 0.00955827037611909 0.004531470423862367 -0.00531517944098056 -0.012738507503237505 -0.03389279903649988 -0.04797755172896501 -0.06715720884645954 -0.07138992036436942 -0.07220541100973409
1.0927416077070786 0.00742308930495414 0.00977312436006598 0.012975514594864589 0.01545634677362331 0.010102152434759036 0.004665422599865461 -0.004692299653814777 -0.012339524384277196 -0.033704350819615814 -0.04771962137688326 -0.06730488013610532 -0.0710643323759491 -0.07263620747851328
1.0996858620349317 0.007524383206486372 0.010080259816194974 0.0133441278831849 0.016036865811976744 0.010811095645250323 0.00556484170340249 -0.00378503224592862 -0.011833092922355373 -0.032698528488085014 -0.0472202494440574 -0.06779356866633816 -0.07068636902514121 -0.074051991604936
1.1065481083127915 0.007855439319958066 0.010570939005255691 0.013897933798865003 0.016361420480120688 0.01108367588135697 0.006391019554201503 -0.0028812889808502657 -0.010801185861317165 -0.03234821146141792 -0.04640624396991185 -0.06785566795646139 -0.07053940457272935 -0.07436123141605719
1.1132965802046342 0.007960928323395147 0.010771231727431324 0.014513875679750305 0.01710357335968102 0.011407570431146907 0.006584776646133504 -0.00221284901628791 -0.010185668734527377 -0.03132828324969569 -0.04587308435578069 -0.06737761455648689 -0.07022402106559408 -0.07466216127844397
1.1199314168093029 0.008220025357984731 0.01125102161492124 0.014759107327365828 0.01757907902017848 0.012196009357740449 0.007974657276453544 -0.0013130642220967666 -0.009418644568446436 -0.03047720975896064 -0.04536541343367798 -0.06716448557218867 -0.06924324396210715 -0.07451069511484772
1.1264745159158027 0.008561626740486054 0.011669714450264929 0.015106477084242695 0.018221301042315598 0.012667203350391112 0.00846585119768636 -0.00046041444546669665 -0.008935476894838493 -0.0299943005569425 -0.04401415446219286 -0.0671379932852367 -0.06920528913886428 -0.07535528717590442
1.132910552706546 0.008521515070287273 0.011924106466498368 0.01592558426988527 0.018406866424123165 0.013458666205099605 0.008743472335125924 0.0005128507864961977 -0.008398321006281226 -0.02946403976604169 -0.043401163296826833 -0.06601833249269641 -0.06844783765086854 -0.075227844464117
1.1392553790513889 0.008743654732748976 0.012035300232461773 0.016028033482868607 0.019251583591489714 0.014246278268742432 0.0089720005657857 0.000918032124273616 -0.0073536086141971525 -0.028487451245164632 -0.04255611842022122 -0.06581284423799458 -0.0688594062885602 -0.07536596729401115
1.145518687719384 0.00880934278262879 0.012325949745962813 0.016516174076492068 0.01970271802207988 0.014841682298710253 0.009756797968956623 0.0014827131034699658 -0.006882180162571402 -0.02780561117210909 -0.04216347879572988 -0.06552073474212228 -0.06940054231416966 -0.07594345007285062
1.151692271711357 0.009180576860162543 0.012804841220087921 0.017100292350894688 0.020464842068506746 0.015618770090055589 0.01042095933479713 0.002568042641397919 -0.006016425416981156 -0.027207327271318284 -0.04176738101884709 -0.06562475578442833 -0.0690788865010054 -0.07636408905823155
1.1577793279636546 0.009464179433563945 0.013063639008828794 0.017297172248704185 0.021021455710570732 0.016072238539866526 0.011198314006746818 0.003293058562932291 -0.005567456354277661 -0.02573956252611163 -0.041544151609624165 -0.0657378858400308 -0.0683334445353997 -0.0758005276043158
1.1637768480523 0.00963286097556725 0.013303254506926255 0.01791291985999154 0.02150489713347486 0.016329078220425584 0.012073129295021898 0.0037364777003216294 -0.004756393913912699 -0.025491086438631176 -0.040550018715383364 -0.06521427996277789 -0.06866454078200762 -0.07551381036482852
1.1696880800975575 0.010076214111459997 0.013707163324726917 0.01820341825541222 0.02204863901163237 0.017032834079560882 0.012848818924183379 0.004417425867616095 -0.004145321609715484 -0.02495350347500423 -0.039746435741164994 -0.06511531144483693 -0.06840102791422206 -0.07537005349525666
1.1755182872820522 0.010135994057586462 0.013863650468899662 0.018616715682498695 0.022566094440317094 0.01764372015477997 0.013385016597938065 0.005060289367159668 -0.0033486641093910066 -0.024679986401174803 -0.03918083885560988 -0.06500755348340623 -0.06794750728360784 -0.07410345767732904
1.181273850227646 0.01030457852632781 0.014391950658175565 0.019058670405802735 0.023252152636274982 0.01833896872985169 0.013898094580754595 0.006094616545789641 -0.002485126163749114 -0.023047072532064842 -0.03805561894289228 -0.06424480236072183 -0.06840702030811582 -0.07478121624193428
1.1869629473070407 0.010611704658497189 0.01487589579737283 0.01952269842477694 0.02381583800646165 0.0186883413336006 0.014746536523482552 0.006753775044650438 -0.0017626694241611198 -0.02198170845482511 -0.03675324355785769 -0.0637532614319147 -0.06749931940470102 -0.07473327317842292
1.1925816289654443 0.010766559761633479 0.01476966167800116 0.02028980410710947 0.02415975585065573 0.0193024480261147 0.015898424510738935 0.007383578387843981 -0.0013452557273044398 -0.02096439944729204 -0.036462729003696626 -0.06288373115040623 -0.06617728534431842 -0.07440712909806206
1.1981240955470052 0.011217775982450596 0.015302565681847227 0.020772655870749213 0.024640524052204026 0.02023769384768962 0.01660059268209408 0.008304234100470523 -0.0003305061380977862 -0.020646943426774277 -0.035496201617525806 -0.06162714186466466 -0.0660301034219041 -0.07447823840948473
1.203589418931168 0.011351452472735607 0.015637552876403716 0.021316221298699638 0.025191147229113055 0.020674851313347786 0.01683462299734792 0.009136739109507297 0.0003266663773036715 -0.019207749426043138 -0.0347116209371506 -0.060748154570597575 -0.065768658546828 -0.07411577655337519
1.2089872867031812 0.011661168142426763 0.016024675172811028 0.021835789124982144 0.025886788465120738 0.02141109763052887 0.017664683346876077 0.00978891538152884 0.001129453806891973 -0.01885883179495902 -0.033702837153387455 -0.06128460924678625 -0.06547179899541297 -0.07364543364619372
1.2143191247560599 0.012018199731623169 0.016340381693812172 0.02217997081653118 0.026087014367467628 0.022229825629509252 0.01858437766714555 0.010333233898351642 0.0022573055322680467 -0.018265985077041264 -0.033693951033619426 -0.06033390102457993 -0.06490967292443214 -0.07355181025630975
1.2195918025087198 0.012172927689232636 0.016719861794339347 0.02255124818475068 0.026763318541184414 0.02304684180859131 0.01941571946936296 0.011183560581218395 0.0028503347656832307 -0.017368340759022535 -0.032729425948300535 -0.059981798291072565 -0.0649744516882232 -0.07350173616370384
1.2248075087753776 0.012509634269048624 0.017304958229328093 0.022968682691475648 0.027287342466600462 0.0236850139691838 0.02025531568666191 0.012232231474314775 0.003633818864837393 -0.01671082362114566 -0.03193997983903081 -0.05897157461204979 -0.06511787754703456 -0.07274267071523106
1.229954783822346 0.012788778406631184 0.017561835258688166 0.023526509066304355 0.02777367063377123 0.02415115129043212 0.020442290353869467 0.012801277636085974 0.004816602967843741 -0.015583967544323472 -0.030850656755349568 -0.058672376713222785 -0.06488772819066631 -0.0728834505742166
1.2350376124164246 0.012973084699236316 0.017879004039188108 0.02364314556840533 0.028250754869208115 0.02498101466086387 0.0213886173712698 0.013250081303119474 0.005359070315236603 -0.014601461441707018 -0.03035688450119523 -0.05825220407377741 -0.06361046362269587 -0.071384204262094
1.2400580030550028 0.013146869195940781 0.01791243402314834 0.024132246966339862 0.02875623337363689 0.025553185016963537 0.021958223914011286 0.014221795695304788 0.006352704875386853 -0.0135984754646388 -0.028993770873601145 -0.05737166300768786 -0.06364905268406941 -0.07172075767167978
1.2450225660001337 0.013574787633087532 0.018253025774263416 0.02462859787965357 0.029292384889123793 0.0260107567764304 0.022660195976050977 0.015050244801502686 0.006702673963251007 -0.013045273195428354 -0.028278252213825017 -0.05661582687631778 -0.06358657523785682 -0.07235788035331864
1.2499392695260794 0.014013236071000815 0.018904420799377656 0.025460238953155814 0.029666236748902862 0.026563982146139514 0.023495516907641473 0.015724785849016477 0.008104731010791958 -0.011755880868089092 -0.02755388747958975 -0.05592536628041321 -0.06251741409845728 -0.07276917672409247
1.2548021954222086 0.014333530093192324 0.018940258086668115 0.025934340023063465 0.030443312054080643 0.027981259419230117 0.02397277686165325 0.01638783673338861 0.008563648888435617 -0.010589566676569217 -0.02710261177421816 -0.05525440200089356 -0.06200818406944501 -0.07177279896269587
1.2596074557022137 0.014694638084651929 0.019399015052188353 0.026241113319176723 0.03129518238747286 0.028899724175865667 0.024714125150847255 0.01733425823375517 0.009449783444166202 -0.010258857396761977 -0.02633866336399374 -0.05444828506156009 -0.06095189226463999 -0.07154970869608514
1.2643572600883775 0.01491124532896024 0.019796889976612653 0.02675842223742592 0.03171024916352266 0.02905834899185678 0.02559526758109657 0.017905873437343834 0.010029889314541027 -0.008696249364391853 -0.025433821054082234 -0.053692730761141325 -0.060768413708135 -0.07158866726961063
1.2690558857087706 0.015367428790622082 0.020279091213097535 0.027579553061925617 0.032472600031110736 0.029800297922783554 0.026551512680613315 0.018724155070365622 0.011174802277712899 -0.008172942333840439 -0.024734865579150375 -0.05252526193185726 -0.06031523135852067 -0.07114229702745699
1.2737016550111364 0.015548822969361787 0.02048293209949678 0.02798239120800103 0.032933167537943495 0.030462926974349172 0.027126509361796697 0.019480015007088607 0.01224834991822542 -0.007309312135741746 -0.023548715324564977 -0.0522778272008639 -0.05951057719213054 -0.07006075790686385
1.2783050284814994 0.015783461973423698 0.020955628275868592 0.0284516026668225 0.03318378786874755 0.03113315542850381 0.027729399471817486 0.020078039428224927 0.013139799031105206 -0.006214844309196288 -0.022236100171315717 -0.05132377534095004 -0.059081224214470214 -0.06925302917001307
1.282861692399711 0.015926140864221637 0.021601067675826254 0.028907959048660368 0.0337360975685901 0.03196778196081868 0.028457182821790654 0.021228011622536784 0.013714083267894766 -0.005194672046189219 -0.021255099847665788 -0.05071173056158524 -0.0582626515910557 -0.06860467683105212
1.2873652364937014 0.01632168261469067 0.02176954974552302 0.029318473765244452 0.03459708104187463 0.03258432140698587 0.028994052511774886 0.02208029608037451 0.014587724747868715 -0.00450096340612252 -0.020784783514847534 -0.050454855417653786 -0.057714845171331935 -0.06823402301926901
1.291820975248018 0.016498112101155527 0.022359897397823767 0.03000186629920074 0.0350136911478753 0.033208766491726334 0.029915840509643354 0.022596570045583558 0.015300138295549812 -0.0034665577481079878 -0.019670743795352826 -0.0493584666071513 -0.056836192392247194 -0.06752771387333699
1.296231912036297 0.01676506510166213 0.022552650732744126 0.03038022398793026 0.03554810484325832 0.03395779974363997 0.03031710486763119 0.023064080139448148 0.016228807642780885 -0.0024145587151008997 -0.0189330487606885 -0.04834579430150253 -0.05629891900422925 -0.06619482097195221
1.3006035512778247 0.017300551402706876 0.02276790851761837 0.03087527749036758 0.03637382682823657 0.03460998974148148 0.03117721039278838 0.024019337500950765 0.016731908247882142 -0.0014646653615145002 -0.01759138550555733 -0.04754276813700803 -0.0560333256490006 -0.0660193377731952
1.3049286435413072 0.017574947276176145 0.02317422456520168 0.03129212935025482 0.03683745986656383 0.035357001034155955 0.03194297078112779 0.02466667682108558 0.017433393449134436 -0.000700174075993102 -0.016326446454317394 -0.04660721324617132 -0.054535368338877295 -0.06485712387683888
1.3092067017380475 0.01784138931730019 0.023680184406769892 0.031716823941993426 0.03735115176400752 0.036101107950543075 0.03281628662264024 0.024924569376294115 0.0183890772579931 0.0009840865251106337 -0.015362789896997586 -0.0450805582898631 -0.053947043512280544 -0.06381907924575775
1.3134491736971095 0.01799592036817716 0.024092142541772454 0.03224515601700575 0.037952065165484154 0.03666879178839938 0.03344420873156505 0.025714829068313263 0.018965488907765123 0.0021259358171461943 -0.014671925230713933 -0.04423874270951737 -0.0528956215539686 -0.06261446301928607
1.3176558194849588 0.018309190055442414 0.024464107619553775 0.03299632967261489 0.03863796507252562 0.03745572403622764 0.03401552858674217 0.026597466753829173 0.02029803245721584 0.003512982351229565 -0.01328459125213054 -0.04302335061784299 -0.05150682086970126 -0.06205036897546758
1.321816395040396 0.018723851127881823 0.02484990679298024 0.03307826448287316 0.039157196363104566 0.038059312495745054 0.03476932279604853 0.02734727503822958 0.021205411158656734 0.004033053774793118 -0.01241890305877763 -0.04199287966707085 -0.05056940420470755 -0.061499881275610443
1.3259298221950164 0.018929090832433305 0.025183724661903845 0.03387401452891559 0.039426621302678926 0.03877578087082141 0.036072963946014586 0.02811256769621259 0.022120087366846317 0.005039215793759186 -0.011069065906689827 -0.04087039805668455 -0.04981360544266797 -0.06047497487026255
1.3300091367097089 0.019208905011207842 0.025285592257722523 0.0340457884131343 0.04020320648907605 0.039530386296618245 0.03672153997715464 0.028925807689308795 0.02295388500462726 0.005896224887254042 -0.010266879764995853 -0.03985932029058524 -0.04878163408102022 -0.059905357554407006
1.3340551343741363 0.01984445418871016 0.025715515833024293 0.03465552741290877 0.04083383039478868 0.039895448253095774 0.037758725749044174 0.03017249321315252 0.023750371068242168 0.00675945538076267 -0.008646748842400253 -0.03941270672787968 -0.04751135755259776 -0.05998220643491513
1.3380621529618708 0.019995494003848504 0.02589084885063516 0.03513145005953023 0.04143417366492804 0.04097001615887287 0.0379650294065394 0.031076084739431617 0.024730972052298194 0.00771676132965133 -0.007877129255335886 -0.03866592640746502 -0.047079821641273153 -0.05945243441030142
1.34203657104692 0.020409669607619085 0.026272334037157768 0.03546806679632487 0.04181927098325627 0.04156407386435837 0.0385857377365457 0.032244496451838064 0.025979341680322277 0.008850344259566614 -0.007482570166740769 -0.037998016014865243 -0.046019735610688915 -0.05905845565315251
1.3459684994449819 0.020670675274295194 0.026617158137680834 0.03654490616534493 0.042325354971626844 0.04208934537124482 0.03927257182187493 0.03282138454143146 0.026836630831479254 0.010077271998131153 -0.006124724330938431 -0.036495432684151514 -0.0453545308154328 -0.057511159945887916
1.3498621489288667 0.021258978315787384 0.027100935350651 0.036794427938119746 0.04292851092575512 0.042932941851421644 0.040144004827065066 0.03381699452178218 0.028151643216652693 0.010791620894134012 -0.005147515925351323 -0.0361461836919704 -0.04478094594499264 -0.05777129993305303
1.3537294603825603 0.021462639528929756 0.02739072924905234 0.03738078774021545 0.04345348033055375 0.04367875600281227 0.04099732697158223 0.03466559284477243 0.02850659517927263 0.01182839450662065 -0.004170189904792436 -0.035391286860848255 -0.04459564400916685 -0.05687070028533835
1.3575609567881757 0.021883841313524242 0.027842550964048116 0.037958945043465114 0.0439917570659878 0.044595304772302294 0.041910770603990545 0.035277321516164514 0.029366726319618515 0.013344750055165028 -0.003333244497696755 -0.03436530022161912 -0.04387989319860885 -0.05713770067127891
1.3613559824546404 0.02206328829856318 0.02801547248298669 0.03838891332065747 0.04442737536543094 0.045278610183897186 0.042662392547665295 0.03601964766724939 0.030613917797698297 0.013782223803766295 -0.0025071179616230357 -0.03363828290464575 -0.04228552243397649 -0.0557364474141277
1.3651182732480556 0.02222768870828762 0.02861875607235647 0.0389948802940411 0.04504156485061216 0.04593990442144077 0.04387380811531633 0.036799467425386215 0.03144237263026782 0.015333035218448815 -0.00118884525522139 -0.03255123236588702 -0.04260558484095459 -0.05561811738387837
1.3688499503624785 0.022702574427166503 0.028700267630601635 0.03912419799431684 0.0457266662976049 0.04695507039179534 0.04462432210664838 0.03742586560624823 0.03256467706913724 0.016251753485498864 -0.00025240501308215594 -0.03127055437127846 -0.04135799238714744 -0.05474418934351225
1.3725502457150724 0.023092755282225652 0.029364782762986284 0.03989086547687841 0.046178330587963966 0.04805692442105239 0.04542319106476281 0.038433452282677576 0.03289978191572378 0.017213251180404805 0.0008923476316150486 -0.030313661547833732 -0.04122020145986942 -0.05426805822340338
1.3762174436420487 0.02340963542559934 0.0295557039543988 0.04039786860399306 0.046745367030544674 0.04853743055774708 0.046248009191658876 0.03919989193669958 0.03412815872824994 0.018256098576082305 0.0015409958197275947 -0.029227928498112832 -0.040420512716622746 -0.05368236238932486
1.3798560931102288 0.023792238889587803 0.03003179603249495 0.04095251070760501 0.047102375547850864 0.04941401364614367 0.046934698268007884 0.04000809025538466 0.035147627901570354 0.019445026641860895 0.0024867083382548523 -0.027657373950885966 -0.039907975055684726 -0.053378806869642505
1.3834620892098628 0.024180621380747228 0.030250573263831414 0.04182268535570383 0.0478957553583108 0.05014321988627606 0.04761532507920041 0.0405135480932402 0.036588980861948346 0.020549239808350803 0.003498339210163873 -0.027071602899203493 -0.038723778493333416 -0.05341614276412728
1.3870381378474956 0.024401324690778776 0.030794555135912338 0.04212799674024927 0.04845152504303396 0.05091118562358091 0.04836837159490274 0.04155587500049204 0.0374216248854036 0.022210276613182766 0.004562345412045161 -0.026247641452287848 -0.038037884994872845 -0.05216595442364152
1.39058679583891 0.02469181425501085 0.030924746595715678 0.04301122220065592 0.048961495890065945 0.05186036962266494 0.048988454870459906 0.04259146813596147 0.038187992995237105 0.02336485000554718 0.0051023335710574805 -0.02488338285553955 -0.03718296451118684 -0.05175769268378841
1.3941037571177528 0.025010924635749467 0.03136192493248217 0.043580166526992176 0.049327941030585895 0.05256802890636573 0.049641634728931475 0.04335884429888592 0.039239649425299075 0.023967371776871485 0.006881021332186394 -0.024038147585536237 -0.03637285282625123 -0.05086566004273862
1.3975964937339882 0.025648671401478064 0.03162800644845503 0.044051796246747904 0.049608764041517976 0.052913663909040676 0.05067447860467111 0.04422545485428102 0.04031043888979354 0.02458589229476712 0.007931124365411308 -0.023064044197721033 -0.03583779935002393 -0.04970974595282914
1.4010593071270339 0.025884064478045123 0.031974699659618376 0.044548917753947974 0.05023447263258752 0.05387219259726515 0.051670586041032376 0.04575744183299831 0.04114246095425453 0.02559265805405298 0.009157396012082231 -0.022131246807088705 -0.03442371239588103 -0.04944845877525361
1.4044934925104833 0.02607830964777963 0.03232842654009681 0.044788616291559454 0.051014380173754974 0.05489184977599848 0.052132585320490206 0.04626248598444332 0.04216620373119396 0.02654167629928458 0.010393747780339984 -0.022247303270267398 -0.034144636634420064 -0.04916956935754705
1.4079055371915157 0.02639371576104685 0.03269421733891817 0.04544081686450103 0.0517818835612695 0.055615848861651544 0.052789197328944194 0.046808905239557906 0.04292862481357168 0.027791811860317067 0.011174332154496069 -0.021060237754189793 -0.03231138421208969 -0.047529573438451586
1.4112879344533846 0.026727620971970834 0.03313885395338634 0.04607722499365669 0.05260937548943108 0.056551084090705236 0.05371451109597687 0.047948219719349865 0.04382018220493744 0.02870307708761347 0.01197538305961716 -0.020053539073472876 -0.03221933015309011 -0.04690694355513764
1.414642747203003 0.027100548936802544 0.0334694330845885 0.04670603193626712 0.05319388722639417 0.056882107691523215 0.05478014963350811 0.04874891090104578 0.044624404766486346 0.029467235401853815 0.01337874083785896 -0.01889534824602121 -0.031238114454595657 -0.04552247270832334
1.4179724978141992 0.027398427937303432 0.033601409214009885 0.047310099088663154 0.05395016122253017 0.05775474237301562 0.05561285220572423 0.04985212674713045 0.04573004766610247 0.030533922011741425 0.014814302584760535 -0.018472541305653376 -0.030647989259433364 -0.04458194312445351
1.4212765998980572 0.02768740664954508 0.034315995615594605 0.04758097678361845 0.054825159065609926 0.05851946578746966 0.05632011932518665 0.05075876770614277 0.04662830898671999 0.03182915426242747 0.01567855805607772 -0.017066531584915518 -0.029748425620724588 -0.04391404730807304
1.4245582100564582 0.02815193585530376 0.034827654794526174 0.04813027430560607 0.05549350711446 0.059301636491823476 0.05724385368259965 0.05138966167633974 0.0469296395513156 0.032878498493098596 0.017191315853616572 -0.01605972885918893 -0.028855074860651694 -0.04235050568944295
1.4278146855067377 0.028549246204293607 0.03501731257392779 0.0488357282494425 0.05577521582699286 0.06009032162717443 0.05802755022510216 0.052879152394665584 0.04737452937955968 0.033349889329801825 0.018365522580614923 -0.015562011313974234 -0.027668404073155906 -0.042465477909540264
1.4310478153105546 0.029232518873323836 0.03547240150588428 0.04907077353879954 0.05656739302380247 0.06065351713577845 0.05890244731344666 0.05354561745433711 0.04857591699636841 0.03481022812582733 0.019226885433049536 -0.014564077183005996 -0.026742623025712488 -0.04176449246792414
1.434256459518108 0.02942364015805645 0.03608585486913772 0.05006529772013243 0.057188178535516665 0.061418150352191926 0.05934235153528091 0.05405658863692311 0.0497931696361927 0.03600853832464449 0.020433503189728953 -0.013751212524551902 -0.02563102505822832 -0.040944998998528596
1.4374390127673178 0.02962381073684568 0.036415666876564584 0.05072087136030252 0.057777643373245396 0.062285777110073125 0.060055462251239006 0.054861270571344614 0.0501759388855201 0.03694409442906152 0.02123728951790012 -0.013043267356588919 -0.02455888044575548 -0.040718980889984976
1.4405990884730946 0.02997730473812309 0.03732316652569783 0.05147633643919171 0.05810275896786069 0.0631333497841193 0.061088016841838164 0.0559061385241914 0.05124529079619678 0.03818034359801127 0.022393550958906747 -0.011873599197569874 -0.023354271475446813 -0.03949385142569953
1.4437370075005866 0.0305233399112411 0.037564136727601324 0.05184453820065943 0.058585346432085995 0.06352301691185806 0.06176935303218756 0.05661021794872835 0.05226214142380749 0.03927712253339004 0.023672158986267566 -0.010705657274096296 -0.02314694144924941 -0.03802500308429785
1.4468494460861905 0.03087863288013508 0.03798331302994967 0.05233078599540845 0.05931651574762714 0.06436297838710738 0.06292453145666667 0.05746152422219121 0.05271938611224999 0.04004735971153048 0.024518569972333065 -0.009563931672872433 -0.02224032825675131 -0.0379954642683263
1.4499419152687458 0.031326850752830385 0.03855835768787838 0.05318861137938731 0.06013113168473221 0.06549851062194863 0.06366213832726131 0.05849892203591859 0.05326704136727246 0.04078581637884379 0.0257865364317816 -0.008324800996406445 -0.02125891665036454 -0.03612039622075459
1.4530160876845404 0.03157330676390844 0.038881142556095274 0.05385321922671005 0.06056457673265659 0.0661593856776308 0.06421685405708046 0.05943714387567315 0.05437374462671632 0.04199652742543099 0.027319466705240936 -0.007567776275260375 -0.020264398535048005 -0.03541670050745035
1.4560672784128295 0.03219801635361345 0.039306631728308686 0.054135768576506545 0.06121441234550262 0.06700202548855982 0.06568456371958356 0.06014211464416269 0.055487346042727 0.04329757474439443 0.0282766289441841 -0.007096815901441916 -0.018835467089208534 -0.03499556828610008
1.4590970994683186 0.032366858531968974 0.039724321612429045 0.05481422875732512 0.0620351169468142 0.06784974193289808 0.06609947587189816 0.060991667261334113 0.05606282859765051 0.04408957905115196 0.029323510986288593 -0.005656998460579779 -0.017228269658757733 -0.03409831392489329
1.462102381017658 0.03263802761675223 0.04011874177453675 0.055410826672642605 0.06285341383491355 0.06893953344313397 0.06699726523181507 0.06241021430198649 0.05706658971345902 0.04507590774100614 0.02981700877221168 -0.0053261043047209255 -0.016365829146944053 -0.03279967037519654
1.4650890660932203 0.03302706403865063 0.040570738837571285 0.05531500166729792 0.06318322124021396 0.0693994005674661 0.06784255905821257 0.06296469939111042 0.05844737958735566 0.04655118409677174 0.031125727480063606 -0.004287857060682511 -0.01481933267114606 -0.03184494038093311
1.4680565743713547 0.03328689692310195 0.04120799945476441 0.05598254957863586 0.06353665173129275 0.07071591151454262 0.06892688801112823 0.06415916641401605 0.05922343645311167 0.047471436108337546 0.03235110201661233 -0.003179142544414754 -0.014443108917986941 -0.03217450124370136
1.4710018838000045 0.03358045524445606 0.04148781023284386 0.05663115613851996 0.06439365830429464 0.07160860556444909 0.06968383708559175 0.06509969932022294 0.05958102631597054 0.04811652284784941 0.03355248190859489 -0.002323423953804714 -0.012486026763328304 -0.030895553095741848
1.473928452140403 0.034084482125448824 0.041954014813180056 0.05741684272504947 0.06503265068848316 0.07236238388020572 0.0704657806928836 0.06581082190296951 0.06153001101800053 0.04925586015112835 0.034503115379460436 -0.0015230364640908707 -0.010948994377243075 -0.02950696539370099
1.4768355324607905 0.0344539724850666 0.04242026900212537 0.05753886273509576 0.06566635999445151 0.07289652575581729 0.07115937669706479 0.06688865865895312 0.062499975603937157 0.05058901239806286 0.035124091996118635 -0.0006987880452077183 -0.010728677947422272 -0.02858781793084808
1.47972211671363 0.03479810283935926 0.04304388721766886 0.05821689654492182 0.06638735085913897 0.07414353888569898 0.0720624829210946 0.06765809461850855 0.06336039753488265 0.051629039673714544 0.03590817157529577 0.0006104223358322411 -0.00941084640753468 -0.027373145425047325
1.4825915060074903 0.035252747238863576 0.04337312701899037 0.05872175492596471 0.06669098863668203 0.07468068393661303 0.07320835809485114 0.06907912216108467 0.06453805029485336 0.05243715593171992 0.037514623373680195 0.0013628155564309981 -0.008679852607746863 -0.026138173980923995
1.4854404666142684 0.035647686223389256 0.04390705185465005 0.05911753378005943 0.06741806395276251 0.07559866485902145 0.07413307359883724 0.0699079165445607 0.06522720952211124 0.05380088910884499 0.038372618259368156 0.002579080185683325 -0.008128096076496696 -0.02581208000885489
1.4882705388881148 0.0361131283105734 0.044633687259530895 0.05966980358309791 0.06807564236196283 0.07671748355418143 0.07504211493594404 0.07090597539134806 0.06669060968887809 0.05498902869584903 0.039185615938754685 0.003507604696448168 -0.007734275128736448 -0.025089404139594863
1.491084386563893 0.03651111362087946 0.045061352163697076 0.0602500413817909 0.06884085447789386 0.07781088157836605 0.07582492365603875 0.07184545448019222 0.06730715277732464 0.05534430831049141 0.04053856720832991 0.0047664715680046646 -0.006729273149862969 -0.023786182670804318
1.4913616938342726 0.03579760838132233 0.043546757223894325 0.05979914415133712 0.06763738791479014 0.07596935249896229 0.07423962936828021 0.06974022207160821 0.06632062087713281 0.05549045962292886 0.04032251924616558 0.00559918812055029 -0.007481999293875406 -0.025219949147496257
1.5026686036679733 0.037149253440023615 0.04502665840787218 0.061853889163623096 0.06984089965795164 0.07894469162637209 0.07727670364307564 0.07297466809816625 0.06984323139512427 0.05963042710811945 0.04462111301020949 0.00974986303395926 -0.0036959889694328334 -0.02186767339058249
1.5139755135016741 0.038530171771916234 0.04653485701896909 0.06394793598250087 0.07208352886485404 0.08198011194359339 0.08037165220161792 0.0762705483096341 0.07343607406250385 0.0638593334100249 0.0490194581874874 0.014015830074701328 0.00019997460637429486 -0.018407903174884836
1.5252824233353748 0.03994036337700013 0.048071353057185 0.06608128460797036 0.07436527553549725 0.08507561345062607 0.08352447504390689 0.07962786270601163 0.07709914887927137 0.06817717852864502 0.05351755477799912 0.018397089242776332 0.004205891433545826 -0.014840638500403413
1.5365893331690756 0.041379828255275364 0.04963614652251996 0.06825393504003165 0.07668613966988136 0.08823119614747026 0.08673517216994271 0.08304661128729897 0.08083245584542695 0.07258396246397998 0.058115402781744825 0.022893640538184434 0.008321761512081912 -0.011165879367138101
1.5478962430027763 0.04284856640674188 0.051229237414973934 0.07046588727868465 0.0790461212680063 0.09144686003412582 0.09000374357972526 0.08652679405349602 0.08463599496097049 0.07707968521602963 0.06281300219872435 0.02750548396092547 0.012547584841982401 -0.007383625775089039
1.559203152836477 0.04434657783139968 0.05285062573454691 0.07271714132392938 0.08144522032987203 0.09472260511059277 0.09333018927325452 0.09006841100460275 0.08850976622590201 0.08166434678479403 0.06761035302893775 0.03223261951099952 0.01688336142324737 -0.0034938777242561406
1.5705100626701778 0.045873862529248834 0.054500311481238954 0.07500769717576593 0.0838834368554787 0.09805843137687126 0.09671450925053066 0.09367146214061933 0.09245376964022163 0.08633794717027328 0.07250745527238517 0.03707504718840667 0.021329091255876904 0.0005033647853606646
1.5818169725038784 0.04743042050028926 0.056178294655050004 0.0773375548341942 0.08636077084482618 0.10145433883296111 0.10015670351155352 0.0973359474615456 0.09646800520392919 0.09110048637246722 0.07750430892906639 0.042032766993146745 0.025884774339870825 0.004608101753761196
1.5931238823375793 0.049016251744521025 0.05788457525598012 0.07970671429921426 0.08887722229791457 0.10491032747886248 0.10365677205632322 0.10106186696738166 0.10055247291702485 0.09595196439137603 0.08260091399898162 0.04710577892521994 0.030550410675229324 0.008820333180945661
1.60443079217128 0.05063135626194407 0.059619153284029225 0.08211517557082604 0.09143279121474376 0.1084263973145752 0.10721471488483962 0.10484922065812742 0.10470717277950845 0.10089238122699948 0.08779727048213064 0.05229408298462605 0.0353260002619522 0.013140059066913845
1.6157377020049806 0.05227573405255842 0.06138202873919736 0.08456293864902957 0.09402747759531384 0.1120025483400994 0.1108305319971028 0.10869800853378292 0.10893210479138005 0.10592173687933772 0.09309337837851357 0.05759767917136517 0.04021154310003956 0.017567279411665866
1.6270446118386814 0.053949385116364115 0.06317320162148456 0.08705000353382492 0.0966612814396248 0.11563878055543508 0.11450422339311282 0.11260823059434825 0.11322726895263974 0.1110400313483908 0.09848923768813049 0.06301656748543744 0.04520703918949151 0.022101994215201808
1.638351521672382 0.055652309453361075 0.06499267193089074 0.08957637022521196 0.09933420274767656 0.11933509396058214 0.11823578907286957 0.11657988683982325 0.11759266526328736 0.11624726463415858 0.10398484841098123 0.06855074792684258 0.05031248853030782 0.02674420347752146
1.649658431506083 0.05738450706354938 0.066840439667416 0.09214203872319081 0.10204624151946923 0.1230914885555407 0.12202522903637314 0.12061297727020805 0.12202829372332308 0.12154343673664118 0.10958021054706596 0.07420022049558088 0.05552789112248872 0.031493907198625055
1.6609653413397836 0.05914597794692895 0.06871650483106023 0.09474700902776134 0.1047973977550027 0.1269079643403106 0.1258725432836234 0.12470750188550252 0.12653415433274673 0.12692854765583847 0.11527532409638448 0.07996498519165204 0.060853246966033996 0.03635110537851236
1.6722722511734842 0.06093672210349983 0.07062086742182351 0.09739128113892366 0.10758767145427703 0.13078452131489193 0.12977773181462046 0.12886346068570673 0.13111024709155836 0.1324025973917505 0.1210701890589369 0.08584504201505624 0.06628855606094373 0.041315798017183505
1.683579161007185 0.06275673953326205 0.07255352743970585 0.10007485505667776 0.11041706261729227 0.13472115947928484 0.1337407946293644 0.1330808536708208 0.1357565719997581 0.1379655859443774 0.12696480543472335 0.09184039096579358 0.07183381840721809 0.04638798511463856
1.6948860708408857 0.06460603023621554 0.07451448488470717 0.10279773078102358 0.11328557124404828 0.13871787883348904 0.13776173172785497 0.13735968084084452 0.14047312905734577 0.14361751331371897 0.1329591732237436 0.09795103204386384 0.07748903400485681 0.05156766667087738
1.7061929806745866 0.06648459421236037 0.07650373975682759 0.10555990831196121 0.11619319733454526 0.14277467937750482 0.14184054311009245 0.14169994219577808 0.14525991826432158 0.14935837949977543 0.13905329242599784 0.10417696524926721 0.08325420285386012 0.0568548426859001
1.7174998905082872 0.06839243146169648 0.07852129205606696 0.10836138764949055 0.119139940888783 0.1468915611113319 0.14597722877607658 0.14610163773562126 0.15011693962068526 0.1551881845025465 0.14524716304148588 0.11051819058200348 0.08912932495422779 0.06224951315970655
1.7288068003419879 0.0703295419842239 0.0805671417824254 0.11120216879361164 0.12212580190676162 0.15106852403497048 0.15017178872580755 0.15056476746037425 0.155044193126437 0.1611069283220324 0.15154078507020785 0.11697470804207276 0.09511440030595994 0.06775167809229682
1.7401137101756887 0.07229592577994265 0.08264128893590286 0.11408225174432453 0.12515078038848113 0.15530556814842053 0.15442422295928532 0.15508933137003703 0.1600416787815768 0.16711461095823313 0.15793415851216377 0.12354651762947517 0.1012094289090567 0.07336133748367103
1.7514206200093894 0.07429158284885268 0.08474373351649934 0.11700163650162912 0.12821487633394144 0.15960269345168193 0.1587345314765098 0.15967532946460947 0.16510939658610452 0.17321123241114855 0.16442728336735352 0.1302336193442105 0.10741441076351779 0.07907849133382894
1.7627275298430902 0.07631651319095405 0.08687447552421487 0.11996032306552552 0.13131808974314269 0.16395989994475485 0.16310271427748113 0.16432276174409174 0.17024734654002036 0.1793967926807788 0.17102015963577727 0.13703601318627895 0.1137293458693435 0.0849031396427708
1.7740344396767909 0.07837071680624666 0.08903351495904939 0.12295831143601361 0.13446042061608468 0.16837718762763915 0.16752877136219912 0.16903162820848366 0.1754555286433241 0.18567129176712366 0.17771278731743478 0.1439536991556803 0.12015423422653354 0.09083528241049638
1.7853413495104915 0.0804541936947306 0.09122085182100294 0.12599560161309345 0.13764186895276756 0.17285455650033482 0.1720127027306639 0.17380192885778534 0.18073394289601583 0.19203472967018334 0.18450516641232623 0.15098667725241466 0.12668907583508812 0.09687491963700577
1.7966482593441924 0.08256694385640591 0.09343648611007559 0.1290721935967652 0.14086243475319138 0.17739200656284212 0.17655450838287562 0.17863366369199687 0.18608258929809576 0.19848710638995792 0.1913972969204517 0.15813494747648216 0.13333387069500727 0.10302205132229908
1.8079551691778932 0.0847089672912725 0.09568041782626723 0.13218808738702859 0.14412211801735603 0.1819895378151608 0.18115418831883406 0.18352683271111814 0.19150146784956362 0.2050284219264472 0.19838917884181106 0.16539850982788268 0.14008861880629087 0.10927667746637626
1.8192620790115939 0.08688026399933038 0.09795264696957788 0.13534328298388373 0.14742091874526148 0.18664715025729084 0.1858117425385392 0.1884814359151491 0.19699057855041943 0.21165867627965124 0.2054808121764042 0.17277736430661608 0.14695332016893886 0.11563879806923713
1.8305689888452945 0.08908083398057953 0.10025317354000754 0.1385377803873306 0.15075883693690778 0.19136484388923233 0.1905271710419911 0.19349747330408973 0.20254992140066325 0.21837786944956994 0.21267219692423128 0.1802715109126825 0.15392797478295134 0.12210841313088185
1.8418758986789951 0.09131067723502001 0.10258199753755624 0.14177157959736925 0.15413587259229494 0.19614261871098523 0.19530047382918977 0.19857494487794014 0.20817949640029507 0.22518600143620346 0.2199633330852922 0.18788094964608193 0.16101258264832827 0.12868552265131034
1.853182808512696 0.09356979376265184 0.104939118962224 0.1450446806139997 0.15755202571142304 0.20098047472254968 0.20013165090013535 0.20371385063670042 0.213879303549315 0.23208307223955185 0.22735422065958721 0.19560568050681457 0.16820714376506984 0.13537012663052284
1.8644897183463969 0.09585818356347496 0.1073245378140108 0.14835708343722193 0.16100729629429195 0.20587841192392553 0.2050207022548276 0.20891419058037042 0.21964934284772294 0.239069081859615 0.2348448596471161 0.2034457034948802 0.1755116581331759 0.14216222506851917
1.8757966281800975 0.09817584663748935 0.10973825409291658 0.1517087880670358 0.16450168434090168 0.2108364303151128 0.20996762789326662 0.21417596470895006 0.22548961429551878 0.24614403029639276 0.24243525004787875 0.2114010186102787 0.18292612575264627 0.14906181796529916
1.8871035380137982 0.10052278298469505 0.11218026779894137 0.15509979450344147 0.16803518985125226 0.21585452989611142 0.2149724278154524 0.21949917302243946 0.23140011789270265 0.2533079175498853 0.25012539186187527 0.21947162585301017 0.19045054662348115 0.15606890532086298
1.8984104478474988 0.10289899260509207 0.11465057893208525 0.1585301027464389 0.1716078128253437 0.22093271066692155 0.220035102021385 0.2248838155208386 0.23738085363927452 0.2605607436200926 0.2579152850891057 0.22765752522307467 0.19808492074568043 0.16318348713521055
1.9097173576811997 0.10530447549868042 0.11714918749234815 0.16199971279602815 0.17521955326317606 0.22607097262754314 0.2251556505110644 0.2303298922041476 0.24343182153523452 0.26790250850701486 0.26580492972957026 0.23595871672047233 0.2058292481192444 0.17040556340834218
1.9210242675149005 0.1077392316654601 0.11967609347973009 0.16550862465220914 0.17887041116474928 0.23126931577797621 0.2303340732844906 0.23583740307236634 0.24955302158058257 0.2753332122106518 0.2737943257832687 0.24437520034520308 0.21368352874417285 0.1777351341402576
1.9323311773486012 0.11020326110543102 0.12223129689423101 0.1690568383149818 0.18256038653006332 0.23652774011822067 0.23557037034166345 0.24140634812549472 0.25574445377531846 0.2828528547310034 0.28188347325020074 0.2529069760972666 0.2216477626204656 0.18517219933095677
1.9436380871823018 0.11269656381859328 0.12481479773585097 0.17264435378434626 0.18628947935911816 0.24184624564827648 0.24086454168258314 0.24703672736353285 0.2620061181194424 0.29046143606806984 0.29007237213036685 0.2615540439766632 0.22972194974812288 0.19271675898043977
1.9549449970160027 0.11521913980494682 0.12742659600459 0.1762711710603025 0.1900576896519139 0.24722483236814385 0.24621658730724963 0.25272854078648077 0.2683380146129544 0.29815895622185107 0.29836102242376694 0.27031640398339296 0.23790609012714475 0.20036881308870663
1.9662519068497033 0.11777098906449165 0.130066691700448 0.17993729014285043 0.19386501740845047 0.2526635002778226 0.2516265072156628 0.2584817883943384 0.2747401432558544 0.3059454151923469 0.3067494241304008 0.27919405611745557 0.24620018375753097 0.20812836165575724
1.9775588166834042 0.12035211159722789 0.13273508482342505 0.18364271103199026 0.19771146262872802 0.25816224937731286 0.2570943014078229 0.2642964701871059 0.28121250404814246 0.3138208129795577 0.31523757725026874 0.28818700037885137 0.2546042306392818 0.2159954046815918
1.9888657265171048 0.12296250740315534 0.13543177537352116 0.1873874337277217 0.20159702531274631 0.26372107966661446 0.2626199698837297 0.270172586164783 0.28775509698981844 0.32178514958348314 0.3238254817833704 0.2972952367675801 0.263118230772397 0.2239699421662101
2.0001726363508054 0.12560217648227412 0.13815676335073623 0.1911714582300449 0.20552170546050544 0.2693399911457275 0.26820351264338327 0.2761101363273699 0.2943679220808824 0.3298384250041234 0.3325131377297059 0.30651876528364164 0.2717421841568767 0.2320519741096122
2.011479546184506 0.1282711188345842 0.1409100487550704 0.19499478453895994 0.20948550307200547 0.275018983814652 0.2738449296867836 0.28210912067486654 0.30105097932133446 0.33798063924147836 0.34130054508927543 0.3158575859270364 0.2804760907927208 0.240241500511798
2.022786456018207 0.13096933446008568 0.14369163158652365 0.1988574126544668 0.2134884181472465 0.28075805767338813 0.2795442210139309 0.2881695392072731 0.3078042687111747 0.3462117922955484 0.3501877038620791 0.32531169869776444 0.28931995067992966 0.24853852137276805
2.034093365851908 0.1336968233587784 0.1465015118450958 0.20275934257656528 0.2175304506862282 0.28655721272193546 0.28530138662482474 0.29429139192458925 0.3146277902504028 0.35453188416633286 0.35917461404811635 0.3348811035958252 0.2982737638185028 0.2569430366925216
2.0454002756856084 0.1364535855306624 0.14933968953078705 0.20670057430525557 0.22161160068895075 0.2924164489602943 0.2911164265194654 0.3004746788268151 0.3215215439390188 0.3629409148538322 0.36826127564738764 0.34456580062121894 0.30733753020844046 0.2654550464710591
2.056707185519309 0.13923962097573767 0.15220616464359726 0.21068110784053753 0.22573186815541418 0.2983357663884645 0.2969893406978528 0.30671939991395064 0.32848552977702283 0.3714388843580461 0.37744768865989264 0.35436578977394567 0.3165112498497425 0.27407455070838027
2.0680140953530097 0.14205492969400424 0.15510093718352647 0.21470094318241123 0.22989125308561842 0.30431516500644606 0.30292012915998695 0.31302555518599595 0.33551974776441484 0.38002579267897485 0.38673385308563163 0.3642810710540055 0.325794922742409 0.2828015494044854
2.079321005186711 0.14489951168546228 0.1580240071505749 0.21876008033087693 0.2340897554795637 0.31035464481423947 0.3089087919058681 0.3193931446429513 0.3426241979011952 0.3887016398166187 0.3961197689246048 0.37431164446139853 0.3351885488864403 0.2916360425593744
2.0906279150204115 0.14777336695011145 0.1609753745447422 0.22285851928593411 0.23832737533724965 0.3164542058118439 0.3149553289354958 0.3258221682848161 0.34979888018736316 0.39746642577097696 0.40560543617681155 0.3844575099961243 0.34469212828183576 0.3005780301730472
2.101934824854112 0.15067649548795195 0.1639550393660285 0.2269962600475831 0.24260411265867646 0.32261384799925985 0.3210597402488703 0.33231262611159057 0.3570437946229192 0.40632015054204995 0.41519085484225215 0.39471866765818303 0.3543056609285957 0.30962751224550367
2.1132417346878127 0.15360889729898378 0.1669630016144339 0.23117330261582392 0.24691996744384415 0.3288335713764872 0.3272220258459916 0.3388645181232749 0.3643589412078633 0.4152628141298377 0.42487602492092663 0.40509511744757476 0.36402914682672 0.3187844887767438
2.1245486445215134 0.1565705723832069 0.1699992612899583 0.23538964699065643 0.2512749396927527 0.3351133759435261 0.33344218572685963 0.34547784431986894 0.37174431994219537 0.4242944165343403 0.43466094641283515 0.4155868593642996 0.37386258597620897 0.328048959766768
2.1358555543552145 0.15956152074062147 0.17306381839260185 0.23964529317208083 0.25566902940540226 0.3414532617003766 0.33972021989147466 0.352152604701373 0.37919993082591574 0.433414957755558 0.44454561931797787 0.4261938934083579 0.3838059783770627 0.3374209252155763
2.147162464188915 0.1625817423712272 0.17615667292236428 0.24394024116009688 0.2601022365817925 0.34785322864703827 0.3460561283398363 0.35888879926778655 0.38672577385902385 0.44262443779349014 0.45453004363635424 0.43691621957974885 0.3938593240292808 0.3469003851231683
2.1584693740226157 0.1656312372750243 0.1792778248792458 0.24827449095470466 0.2645745612219237 0.3543132767835115 0.3524499110719446 0.3656864280191099 0.39432184904152 0.451922856648137 0.4646142193679644 0.4477538378784726 0.404022622932863 0.35648733948954375
2.1697762838563164 0.16871000545201265 0.18242727426324631 0.25264804255590423 0.2690860033257956 0.3608334061097961 0.3589015680877998 0.3725454909553429 0.40198815637340424 0.46131021431949865 0.4747981465128085 0.4587067483045296 0.4142958750878099 0.3661817883147033
2.181083193690017 0.17181804690219232 0.18560502107436588 0.2570608959636955 0.2736365628934085 0.3674136166258921 0.36541109938740174 0.3794659880764857 0.40972469585467636 0.47078651080757505 0.4850818250708865 0.4697749508579195 0.4246790804941211 0.3759837315986466
2.192390103523718 0.17495536162556338 0.18881106531260455 0.26151305117807877 0.27822623992476225 0.3740539083317998 0.37197850497075075 0.3864479193825385 0.41753146748533676 0.48035174611236653 0.4954652550421987 0.48095844553864275 0.4351722391517973 0.38589316934137396
2.2036970133574187 0.17812194962212569 0.19204540697796213 0.2660045081990536 0.2828550344198569 0.3807542812275187 0.37860378483784624 0.3934912848735008 0.42540847126538506 0.4900059202338725 0.5059484364267445 0.49225723234669877 0.4457753510608376 0.3959101015428851
2.2150039231911194 0.18131781089187926 0.19530804607043883 0.27053526702662023 0.28752294637869225 0.3875147353130491 0.3852869389886885 0.40059608454937284 0.4333557071948212 0.4997490331720932 0.5165313692245241 0.5036713112820876 0.45648841622124225 0.40603452820317965
2.22631083302482 0.18454294543482413 0.19859898259003445 0.27510532766077844 0.2922299758012685 0.3943352705883908 0.3920279674232775 0.40776231841015453 0.4413731752736454 0.5095810849270286 0.5272140534355378 0.5152006823448096 0.46731143463301156 0.4162664493222584
2.2376177428585207 0.1877973532509604 0.20191821653674916 0.2797146901015286 0.29697612268758566 0.40121588705354405 0.39882687014161333 0.41498998645584617 0.4494608755018576 0.5195020754986788 0.5379964890597853 0.5268453455348646 0.4782444062961453 0.42660586490012076
2.2489246526922217 0.19108103434028798 0.20526574791058294 0.28436335434887056 0.3017613870376437 0.4081565847085089 0.4056836471436961 0.42227908868644765 0.4576188078794581 0.5295120048870442 0.548878676097267 0.5386053008522531 0.48928733121064394 0.4370527749367673
2.2602315625259224 0.1943939887028068 0.20864157671153571 0.2890513204028041 0.3065857688514425 0.41515736355328503 0.4125982984295255 0.4296296251019587 0.46584697240644635 0.5396108730921239 0.5598606145479823 0.5504805482969742 0.5004402093765066 0.44760717943219747
2.271538472359623 0.1977362163385169 0.21204570293960745 0.2937785882633295 0.3114492681289822 0.42221822358787253 0.4195708239991016 0.43704159570237944 0.47414536908282257 0.5497986801139185 0.5709423044119315 0.5624710878690282 0.5117030407937337 0.4582690783864114
2.2828453821933237 0.20110771724741833 0.21547812659479826 0.2985451579304466 0.3163518848702627 0.4293391648122715 0.42660122385242455 0.4445150004877099 0.48251399790858684 0.5600754259524277 0.5821237456891145 0.5745769195684152 0.5230758254623253 0.46903847179940905
2.2941522920270243 0.2045084914295111 0.2189388476771081 0.3033510294041555 0.3212936190752842 0.4365201872264819 0.43368949798949424 0.45204983945795024 0.49095285888373913 0.5704411106076518 0.5934049383795316 0.5867980433951353 0.5345585633822814 0.4799153596711905
2.3054592018607254 0.2079385388847952 0.22242786618653704 0.3081962026844562 0.3262744707440465 0.44376129083050386 0.44083564641031087 0.45964611261310034 0.49946195200827964 0.5808957340795908 0.6047858824831829 0.5991344593491889 0.5461512545536024 0.49089974200175635
2.316766111694426 0.21139785961327057 0.22594518212308495 0.31308067777134857 0.3312944398765496 0.4510624756243372 0.4480396691148741 0.4673038199531601 0.5080412772822079 0.5914392963682443 0.6162665780000676 0.6115861674305747 0.5578538989762873 0.5019916187911054
2.3280730215281267 0.2148864536149372 0.22949079548675183 0.3180044546648327 0.3363535264727936 0.4584237416079819 0.4553015661031841 0.47502296147812967 0.5166908347055242 0.6020717974736127 0.6278470249301864 0.6241531676392941 0.5696664966503371 0.5131909900392385
2.3393799313618273 0.21840432088979517 0.23306470627753775 0.3229675333649086 0.3414517305327784 0.465845088781438 0.4626213373752409 0.4828035371880089 0.5254106242782286 0.6127932373956959 0.639527223273539 0.6368354599753461 0.581589047575751 0.5244978557461554
2.350686841195528 0.22195146143784442 0.23666691449544272 0.3279699138715762 0.346589052056504 0.4733265171447056 0.4699989829310445 0.4906455470827978 0.5342006460003208 0.6236036161344937 0.6513071730301252 0.6496330444387312 0.5936215517525295 0.5359122159118558
2.361993751029229 0.2255278752590851 0.2402974201404669 0.33301159618483583 0.3517654910439707 0.480868026697785 0.47743450277059507 0.4985489911624969 0.5430608998718015 0.6345029336900068 0.6631868741999463 0.6625459210294499 0.605764009180673 0.547434070536341
2.3733006608629297 0.229133562353517 0.24395622321260987 0.3380925803046869 0.356981047495178 0.48846961744067546 0.48492789689389215 0.5065138694271054 0.5519913858926699 0.6454911900622341 0.6751663267830005 0.6755740897475011 0.6180164198601804 0.5590634196196093
2.3846075706966303 0.23276852272114015 0.24764332371187192 0.3432128662311298 0.36223572141012633 0.49613128937337725 0.49247916530093605 0.5145401818766235 0.5609921040629262 0.6565683852511761 0.6872455307792886 0.6887175505928853 0.6303787837910522 0.5708002631616613
2.395914480530331 0.23643275636195468 0.251358721638253 0.34837245396416455 0.3675295127888154 0.5038530424958906 0.5000883079917267 0.5226279285110516 0.5700630543825707 0.6677345192568331 0.6994244861888108 0.7019763035656024 0.6428511009732887 0.5826446011624972
2.4072213903640316 0.24012626327596043 0.25510241699175307 0.3535713435037909 0.37286242163124533 0.5116348768082154 0.5077553249662641 0.5307771093303891 0.579204236851603 0.6789895920792048 0.7117031930115668 0.7153503486656528 0.6554333714068898 0.5945964336221172
2.4185283001977327 0.24384904346315772 0.2588744097723724 0.3588095348500093 0.37823444793741634 0.5194767923103519 0.5154802162245486 0.538987724334637 0.5884156514700237 0.6903336037182916 0.7240816512475571 0.7288396858930364 0.6681255950918554 0.6066557605405211
2.4298352100314333 0.24760109692354607 0.2626746999801106 0.36408702800281917 0.3836455917073279 0.5273787890022995 0.5232629817665796 0.5472597735237941 0.5976972982378321 0.7017665541740927 0.7365598608967808 0.7424443152477526 0.6809277720281852 0.6188225819177083
2.441142119865134 0.2513824236571258 0.2665032876149678 0.36940382296222085 0.3890958529409805 0.5353408668840586 0.5311036215923574 0.5555932568978612 0.6070491771550286 0.7132884434466088 0.7491378219592386 0.756164236729802 0.6938399022158798 0.63109689775368
2.4524490296988346 0.25519302366389685 0.270360172676944 0.3747599197282143 0.3945852316383738 0.543363025955629 0.5390021357018819 0.5639881744568378 0.616471288221613 0.7248992715358393 0.7618155344349302 0.7699994503391842 0.7068619856549384 0.6434787080484348
2.4637559395325352 0.2590328969438592 0.27424535516603926 0.3801553183007995 0.40011372779950816 0.5514452662170111 0.5469585240951532 0.5724445262007243 0.6259636314375855 0.736599038441785 0.7745929983238555 0.7839499560758995 0.7199940223453617 0.6559680128019736
2.4750628493662363 0.26290204349701296 0.27815883508225375 0.38559001867997666 0.4056813414243834 0.5595875876682049 0.5549727867721717 0.5809623121295208 0.6355262068029464 0.7483877441644458 0.7874702136260157 0.7980157539399485 0.73323601228715 0.668564812014297
2.486369759199937 0.26680046332335794 0.28210061242558704 0.39106402086574543 0.4112880725129993 0.5677899903092096 0.5630449237329366 0.5895415322432268 0.6451590143176947 0.7602653887038208 0.800447180341409 0.8121968439313298 0.7465879554803024 0.6812691056854038
2.4976766690336376 0.27072815642289405 0.28607068719603923 0.3965773248581057 0.416933921065356 0.5760524741400257 0.571174934977448 0.5981821865418422 0.6548620539818311 0.7722319720599105 0.813523898470036 0.826493226050044 0.7600498519248189 0.6940808938152938
2.5089835788673387 0.2746851227956218 0.2900690593936108 0.4021299306570582 0.4226188870814538 0.5843750391606537 0.5793628205057068 0.606884275025368 0.664635325795356 0.7842874942327154 0.8267003680118976 0.8409049002960919 0.7736217016207005 0.7070001764039687
2.520290488701039 0.2786713624415405 0.294095729018301 0.407721838262602 0.4283429705612921 0.5927576853710926 0.5876085803177116 0.6156477976938028 0.674478829758268 0.7964319552222341 0.8399765889669921 0.8554318666694718 0.7873035045679457 0.7200269534514262
2.53159739853474 0.2826868753606508 0.2981506960701106 0.4133530476747378 0.43410617150487163 0.6012004127713434 0.5959122144134638 0.6244727545471481 0.6843925658705688 0.8086653550284687 0.8533525613353214 0.8700741251701857 0.8010952607665563 0.7331612249576686
2.5429043083684406 0.28673166155295227 0.302233960549039 0.4190235588934654 0.4399084899121919 0.6097032213614054 0.6042737227929627 0.6333591455854027 0.6943765341322574 0.8209876936514175 0.8668282851168843 0.8848316757982322 0.8149969702165312 0.7464029909226941
2.5542112182021413 0.29080572101844504 0.3063455224550865 0.4247333719187846 0.44574992578325295 0.6182661111412788 0.612693105456208 0.6423069708085671 0.7044307345433339 0.8333989710910811 0.880403760311681 0.8997045185536114 0.8290086329178701 0.7597522513465037
2.5655181280358423 0.2949090537571292 0.31048538178825313 0.4304824867506957 0.4516304791180551 0.6268890821109641 0.6211703624032007 0.6513162302166415 0.7145551671037987 0.8458991873474598 0.8940789869197121 0.9146926534363244 0.8431302488705743 0.7732090062290975
2.5768250378695425 0.2990416597690045 0.3146535385485385 0.4362709033891983 0.4575501499165976 0.6355721342704601 0.6297054936339394 0.6603869238096252 0.7247498318136509 0.8584883424205525 0.9078539649409763 0.9297960804463694 0.857361818074642 0.7867732555704743
2.5881319477032436 0.3032035390540713 0.3188499927359432 0.442098621834293 0.4635089381788814 0.6443152676197682 0.6382984991484255 0.6695190515875192 0.735014728672892 0.871166436310361 0.9217286943754752 0.9450147995837486 0.8717033405300749 0.8004449993706357
2.5994388575369443 0.30739469161232935 0.3230747443504668 0.44796564208597917 0.46950684390490594 0.6531184821588873 0.6469493789466582 0.6787126135503225 0.7453498576815205 0.8839334690168834 0.9357031752232072 0.9603488108484599 0.886154816236872 0.8142242376295805
2.610745767370645 0.3116151174437787 0.3273277933921094 0.45387196414425723 0.47554386709467134 0.6619817778878181 0.6556581330286376 0.6879676096980357 0.7557552188395371 0.8967894405401209 0.9497774074841736 0.9757981142405046 0.9007162451950336 0.8281109703473091
2.622052677204346 0.31586481654841947 0.33160913986087126 0.4598175880091272 0.4816200077481777 0.6709051548065604 0.6644247613943641 0.6972840400306589 0.7662308121469421 0.9097343508800736 0.9639513911583744 0.9913627097598826 0.9153876274045601 0.8421051975238223
2.633359587038046 0.32014378892625117 0.33591878375675177 0.46580251368058845 0.4877352658654244 0.6798886129151136 0.6732492640438367 0.7066619045481911 0.7767766376037343 0.92276820003674 0.9782251262458077 1.0070425974065924 0.9301689628654501 0.8562069191591181
2.6446664968717473 0.3244520345772746 0.3402567250797516 0.471826741158642 0.4938896414464127 0.6889321522134788 0.6821316409770568 0.716101203250634 0.7873926952099154 0.9358909880101223 0.9925986127464763 1.0228377771806367 0.9450602515777053 0.8704161352531986
2.655973406705448 0.3287895535014891 0.34462296382987034 0.4778902704432871 0.5000831344911414 0.6980357727016553 0.6910718921940232 0.7256019361379861 0.798078984965484 0.9491027148002187 1.007071850660378 1.0387482490820132 0.9600614935413248 0.8847328458060626
2.6672803165391485 0.33315634569889496 0.3490175000071081 0.4839931015345239 0.5063157449996111 0.707199474379643 0.7000700176947364 0.7351641032102479 0.8088355068704406 0.96240338040703 1.0216448399875138 1.054774013110723 0.9751726887563091 0.8991570508177104
2.6785872263728496 0.3375524111694923 0.3534403336114651 0.49013523443235263 0.5125874729718216 0.7164232572474427 0.7091260174791969 0.7447877044674199 0.8196622609247857 0.9757929848305564 1.036317580727884 1.0709150692667662 0.9903938372226578 0.9136887502881426
2.68989413620655 0.34197774991328056 0.35789146464294064 0.4963166691367727 0.5188983184077727 0.725707121305053 0.7182398915474032 0.7544727399095008 0.8305592471285178 0.9892715280707967 1.051090072881487 1.087171417550141 1.0057249389403702 0.9283279442173573
2.701201046040251 0.34643236193026045 0.36237089310153564 0.5025374056477849 0.525248281307465 0.7350510665524754 0.7274116398993571 0.7642192095364922 0.8415264654816389 1.0028390101277527 1.0659623164483247 1.1035430579608505 1.0211659939094482 0.9430746326053572
2.7125079558739515 0.35091624722043147 0.3668786189872494 0.5087974439653886 0.531637361670898 0.7444550929897089 0.7366412625350574 0.774027113348393 0.8525639159841475 1.016495431001423 1.080934311428396 1.120029990498892 1.03671700212989 0.9579288154521406
2.723814865707652 0.35542940578379384 0.37141464230008236 0.5150967840895844 0.538065559498072 0.753919200616754 0.7459287594545045 0.7838964513452037 0.8636715986360443 1.0302407906918079 1.0960060578217012 1.1366322151642663 1.0523779636016959 0.9728904927577069
2.7351217755413533 0.3599718376203477 0.3759789630400346 0.5214354260203719 0.544532874788987 0.7634433894336108 0.7552741306576989 0.7938272235269245 0.8748495134373294 1.0440750891989081 1.111177555628241 1.1533497319569748 1.0681488783248676 0.9879596645220582
2.7464286853750535 0.3645435427300925 0.38057158120710527 0.5278133697577506 0.5510393075436423 0.7730276594402782 0.764677376144639 0.8038194298935539 0.8860976603880016 1.0579983265227222 1.1264488048480135 1.170182540877015 1.0840297462994022 1.0031363307451924
2.7577355952087546 0.36914452111302903 0.38519249680129547 0.5342306153017218 0.5575848577620391 0.782672010636758 0.774138495915327 0.8138730704450944 0.8974160394880628 1.072010502663252 1.141819805481021 1.187130641924389 1.100020567525302 1.0184204914271109
2.769042505042455 0.3737747727691566 0.3898417098226045 0.5406871626522843 0.5641695254441764 0.7923764430230488 0.7836574899697613 0.823988145181544 0.9088046507375116 1.0861116176204961 1.1572905575272618 1.2041940350990958 1.1161213420025666 1.0338121465678132
2.780349414876156 0.3784342976984755 0.3945192202710325 0.5471830118094386 0.5707933105900544 0.8021409565991509 0.7932343583079422 0.8341646541029032 0.9202634941363482 1.100301671394455 1.1728610609867365 1.2213727204011358 1.1323320697311954 1.0493112961672995
2.791656324709857 0.3831230959009859 0.39922502814657973 0.553718162773185 0.5774562131996739 0.8119655513650649 0.8028691009298703 0.8444025972091725 0.9317925696845735 1.1145806639851292 1.1885313158594455 1.238666697830509 1.148652750711189 1.0649179402255697
2.802963234543557 0.3878411673766873 0.4039591334492457 0.5602926155435227 0.5841582332730335 0.8218502273207896 0.8125617178355447 0.854701974500351 0.9433918773821858 1.128948595392517 1.2043013221453873 1.256075967387214 1.165083384942546 1.0806320787426227
2.814270144377258 0.3925885121255802 0.40872153617903095 0.5669063701204524 0.5908993708101344 0.8317949844663265 0.8223122090249663 0.86506278597644 0.955061417229187 1.1434054656166208 1.2201710798445649 1.2736005290712538 1.181623972425269 1.0964537117184612
2.825577054210959 0.39736513014766434 0.41351223633593515 0.5735594265039738 0.597679625810976 0.8417998228016744 0.8321205744981343 0.8754850316374383 0.9668011892255757 1.1579512746574385 1.2361405889569748 1.2912403828826253 1.1982745131593555 1.1123828391530821
2.8368839640446595 0.4021710214429397 0.4183312339199583 0.5802517846940869 0.6044989982755584 0.8518647423268337 0.8419868142550493 0.8859687114833463 0.9786111933713526 1.1725860225149713 1.252209849482619 1.3089955288213302 1.2150350071448066 1.1284194610464875
2.8481908738783606 0.4070061860114067 0.4231785289311006 0.5869834446907921 0.6113574882038821 0.8619897430418049 0.8519109282957114 0.8965138255141645 0.9904914296665179 1.1873097091892193 1.268378861421498 1.3268659668873688 1.2319054543816228 1.144563577398677
2.8594977837120608 0.41187062385306455 0.4280541213693617 0.5937544064940884 0.6182550955959459 0.8721748249465866 0.8618929166201195 0.9071203737298917 1.0024418981110703 1.202122334680181 1.2846476247736094 1.344851697080739 1.2488858548698023 1.1608151882096491
2.870804693545762 0.4167643349679141 0.43295801123474215 0.6005646701039771 0.6251918204517513 0.8824199880411808 0.871932779228275 0.9177883561305294 1.0144625987050115 1.2170238989878586 1.3010161395389561 1.3629527194014437 1.2659762086093476 1.1771742934794065
2.8821116033794625 0.42168731935595477 0.4378901985272414 0.6074142355204573 0.6321676627712971 0.8927252323255861 0.882030516120177 0.9285177727160764 1.0265535314483405 1.23201440211225 1.3174844057175354 1.3811690338494802 1.2831765156002564 1.193640893207947
2.893418513213163 0.4266395770171867 0.4428506832468598 0.6143031027435291 0.6391826225545837 0.9030905577998024 0.8921861272958257 0.9393086234865331 1.0387146963410572 1.2470938440533565 1.3340524233093496 1.39950064042485 1.30048677584253 1.210214987395271
2.904725423046864 0.4316211079516102 0.4478394653935972 0.6212312717731929 0.6462366998016115 0.9135159644638309 0.9023996127552214 0.9501609084419 1.0509460933831625 1.2622622248111783 1.3507201923143977 1.417947539127554 1.3179069893361688 1.22689657604138
2.9160323328805644 0.4366319121592246 0.4528565449674535 0.6281987426094481 0.6533298945123798 0.92400145231767 0.9126709724983634 0.9610746275821759 1.0632477225746548 1.277519544385714 1.3674877127326783 1.4365097299575889 1.3354371560811702 1.2436856591462713
2.9273392427142655 0.44167198964003057 0.4579019219684291 0.6352055152522955 0.6604622066868894 0.934547021361321 0.9230002065252529 0.9720497809073623 1.0756195839155362 1.2928658027769653 1.3843549845641947 1.4551872129149588 1.3530772760775378 1.2605822367099475
2.938646152547966 0.4467413403940278 0.4629755963965235 0.6422515897017345 0.6676336363251395 0.9451526715947836 0.9333873148358887 0.9830863684174581 1.0880616774058052 1.3083009999849307 1.401322007808944 1.4739799879996605 1.3708273493252692 1.277586308732407
2.9499530623816668 0.4518399644212163 0.4680775682517369 0.649336965957765 0.6748441834271304 0.9558184030180572 0.9438322974302713 0.9941843901124635 1.100574003045462 1.323825136009611 1.4183887824669275 1.4928880552116954 1.3886873758243647 1.2946978752136502
2.961259972215368 0.45696786172159626 0.4732078375340695 0.6564616440203876 0.6820938479928625 0.9665442156311426 0.954335154308401 1.0053438459923791 1.1131565608345073 1.3394382108510068 1.4355553085381447 1.5119114145510644 1.406657355574826 1.3119169361536784
2.972566882049068 0.4621250322951672 0.47836640424352095 0.6636256238896017 0.689382630022335 0.977330109434039 0.9648958854702769 1.0165647360572039 1.1258093507729399 1.355140224509116 1.4528215860225955 1.5310500660177646 1.42473728857665 1.3292434915524889
2.983873791882769 0.4673114761419297 0.48355326838009155 0.6708289055654078 0.6967105295155487 0.9881760844267473 0.9755144909159003 1.027847060306939 1.1385323728607613 1.370931176983941 1.470187614920281 1.5503040096117993 1.4429271748298405 1.346677541410084
2.9951807017164698 0.4725271932618835 0.4887684299437812 0.6780714890478057 0.7040775464725033 0.9990821406092668 0.98619097064527 1.0391908187415833 1.1513256270979704 1.3868110682754804 1.4876533952311997 1.5696732453331659 1.4612270143343942 1.3642190857264624
3.0064876115501704 0.4777721836550285 0.49401188893458975 0.685353374336795 0.7114836808931984 1.0100482779815978 0.9969253246583862 1.0505960113611374 1.1641891134845672 1.4027798983837345 1.5052189269553526 1.5891577731818665 1.4796368070903128 1.3818681245016253
3.0177945213838715 0.4830464473213651 0.4992836453525176 0.6926745614323764 0.7189289327776349 1.0210744965437404 1.0077175529552502 1.062062638165602 1.1771228320205527 1.4188376673087042 1.52288421009274 1.6087575931579003 1.498156553097596 1.3996246577355724
3.0291014312175717 0.48834998426089254 0.5045836991975641 0.7000350503345492 0.7264133021258117 1.0321607962956938 1.0185676555358598 1.0735906991549753 1.1901267827059252 1.4349843750503872 1.54064924464336 1.6284727052612662 1.516786252356243 1.4174886854283024
3.040408341051273 0.4936827944736117 0.50991205046973 0.7074348410433142 0.7339367889377297 1.0433071772374596 1.0294756324002172 1.0851801943292594 1.2032009655406868 1.451220021608786 1.558514030607215 1.6483031094919653 1.535525904866255 1.4354602075798168
3.0517152508849734 0.499044877959522 0.5152686991690147 0.7148739335586708 0.7414993932133886 1.0545136393690364 1.040441483548321 1.0968311236884527 1.2163453805248359 1.4675446069838993 1.576478567984303 1.6682488058499974 1.5543755106276307 1.4535392241901142
3.063022160718674 0.5044362347186234 0.5206536452954184 0.7223523278806188 0.7491011149527879 1.0657801826904243 1.0514652089801708 1.1085434872325552 1.2295600276583725 1.483958131175727 1.5945428567746252 1.6883097943353624 1.5733350696403718 1.4717257352591964
3.074329070552375 0.5098568647509165 0.5260668888489414 0.729870024009159 0.7567419541559286 1.0771068072016243 1.0625468086957686 1.1203172849615686 1.2428449069412981 1.5004605941842706 1.6127068969781821 1.7084860749480615 1.5924045819044776 1.4900197407870621
3.0856359803860753 0.5153067680564005 0.5315084298295831 0.7374270219442907 0.7644219108228099 1.088493512902635 1.0736862826951121 1.1321525168754907 1.2562000183736108 1.5170519960095272 1.6309706885949715 1.7287776476880918 1.6115840474199459 1.5084212407737105
3.0969428902197764 0.5207859446350762 0.536978268237344 0.7450233216860144 0.772140984953432 1.0999402997934578 1.0848836309782035 1.1440491829743231 1.2696253619553124 1.5337323366515003 1.6493342316249961 1.749184512555457 1.6308734661867812 1.526930235219145
3.108249800053477 0.526294394486943 0.5424764040722239 0.7526589232343297 0.7798991765477952 1.1114471678740916 1.0961388535450407 1.1560072832580652 1.2831209376864015 1.5505016161101874 1.667797526068254 1.769706669550154 1.6502728382049798 1.5455467241233618
3.1195567098871777 0.5318321176120011 0.5480028373342227 0.7603338265892366 0.7876964856058988 1.123014117144537 1.1074519503956248 1.168026817726717 1.2966867455668785 1.5673598343855888 1.6863605719247459 1.790344118672184 1.669782163474543 1.5642707074863624
3.130863619720879 0.5373991140102508 0.5535575680233409 0.7680480317507355 0.7955329121277437 1.134641147604794 1.1188229215299565 1.1801077863802787 1.310322785596744 1.5843069914777064 1.705023369194472 1.8110968599215485 1.6894014419954713 1.583102185308148
3.142170529554579 0.5429953836816912 0.5591405961395777 0.7758015387188258 0.803408456113329 1.1463282592548618 1.1302517669480339 1.1922501892187494 1.3240290577759968 1.6013430873865369 1.723785917877431 1.831964893298244 1.7091306737677623 1.6020411575887157
3.15347743938828 0.5486209266263233 0.5647519216829338 0.7835943474935082 0.8113231175626558 1.1580754520947418 1.1417384866498588 1.2044540262421308 1.3378055621046383 1.6184681221120836 1.742648217973625 1.852948218802274 1.72896985879142 1.6210876243280683
3.1647843492219807 0.5542757428441468 0.5703915446534089 0.7914264580747825 0.8192768964757232 1.169882726124433 1.1532830806354304 1.2167192974504217 1.3516522985826676 1.635682095654344 1.7616102694830524 1.8740468364336358 1.7489189970664405 1.6402415855262045
3.1760912590556813 0.5599598323351613 0.5760594650510027 0.7992978704626481 0.8272697928525311 1.1817500813439352 1.1648855489047483 1.229046002843622 1.3655692672100845 1.65298500801332 1.7806720724057137 1.8952607461923314 1.7689780885928263 1.6595030411831244
