# z
0.000000000000000000e+00
6.012024048096192147e-02
1.202404809619238429e-01
1.803607214428857575e-01
2.404809619238476859e-01
3.006012024048095865e-01
3.607214428857715149e-01
4.208416833667334433e-01
4.809619238476953718e-01
5.410821643286573002e-01
6.012024048096191731e-01
6.613226452905811570e-01
7.214428857715430299e-01
7.815631262525050138e-01
8.416833667334668867e-01
9.018036072144288706e-01
9.619238476953907435e-01
1.022044088176352616e+00
1.082164328657314600e+00
1.142284569138276584e+00
1.202404809619238346e+00
1.262525050100200330e+00
1.322645290581162314e+00
1.382765531062124298e+00
1.442885771543086060e+00
1.503006012024048044e+00
1.563126252505010028e+00
1.623246492985971789e+00
1.683366733466933773e+00
1.743486973947895757e+00
1.803607214428857741e+00
1.863727454909819503e+00
1.923847695390781487e+00
1.983967935871743471e+00
2.044088176352705233e+00
2.104208416833667439e+00
2.164328657314629201e+00
2.224448897795590963e+00
2.284569138276553169e+00
2.344689378757514930e+00
2.404809619238476692e+00
2.464929859719438898e+00
2.525050100200400660e+00
2.585170340681362422e+00
2.645290581162324628e+00
2.705410821643286390e+00
2.765531062124248596e+00
2.825651302605210358e+00
2.885771543086172120e+00
2.945891783567134325e+00
3.006012024048096087e+00
3.066132264529057849e+00
3.126252505010020055e+00
3.186372745490981817e+00
3.246492985971943579e+00
3.306613226452905785e+00
3.366733466933867547e+00
3.426853707414829309e+00
3.486973947895791515e+00
3.547094188376753277e+00
3.607214428857715482e+00
3.667334669338677244e+00
3.727454909819639006e+00
3.787575150300601212e+00
3.847695390781562974e+00
3.907815631262524736e+00
3.967935871743486942e+00
4.028056112224448704e+00
4.088176352705410466e+00
4.148296593186372228e+00
4.208416833667334878e+00
4.268537074148296639e+00
4.328657314629258401e+00
4.388777555110220163e+00
4.448897795591181925e+00
4.509018036072143687e+00
4.569138276553106337e+00
4.629258517034068099e+00
4.689378757515029861e+00
4.749498997995991623e+00
4.809619238476953385e+00
4.869739478957916035e+00
4.929859719438877796e+00
4.989979959919839558e+00
5.050100200400801320e+00
5.110220440881763082e+00
5.170340681362724844e+00
5.230460921843687494e+00
5.290581162324649256e+00
5.350701402805611018e+00
5.410821643286572780e+00
5.470941883767534542e+00
5.531062124248497192e+00
5.591182364729458953e+00
5.651302605210420715e+00
5.711422845691382477e+00
5.771543086172344239e+00
5.831663326653306001e+00
5.891783567134268651e+00
5.951903807615230413e+00
6.012024048096192175e+00
6.072144288577153937e+00
6.132264529058115698e+00
6.192384769539078349e+00
6.252505010020040110e+00
6.312625250501001872e+00
6.372745490981963634e+00
6.432865731462925396e+00
6.492985971943887158e+00
6.553106212424849808e+00
6.613226452905811570e+00
6.673346693386773332e+00
6.733466933867735094e+00
6.793587174348696855e+00
6.853707414829658617e+00
6.913827655310621267e+00
6.973947895791583029e+00
7.034068136272544791e+00
7.094188376753506553e+00
7.154308617234468315e+00
7.214428857715430965e+00
7.274549098196392727e+00
7.334669338677354489e+00
7.394789579158316251e+00
7.454909819639278012e+00
7.515030060120239774e+00
7.575150300601202424e+00
7.635270541082164186e+00
7.695390781563125948e+00
7.755511022044087710e+00
7.815631262525049472e+00
7.875751503006012122e+00
7.935871743486973884e+00
7.995991983967935646e+00
8.056112224448897408e+00
8.116232464929860058e+00
8.176352705410820931e+00
8.236472945891783581e+00
8.296593186372744455e+00
8.356713426853707105e+00
8.416833667334669755e+00
8.476953907815630629e+00
8.537074148296593279e+00
8.597194388777554153e+00
8.657314629258516803e+00
8.717434869739479453e+00
8.777555110220440326e+00
8.837675350701402976e+00
8.897795591182363850e+00
8.957915831663326500e+00
9.018036072144287374e+00
9.078156312625250024e+00
9.138276553106212674e+00
9.198396793587173548e+00
9.258517034068136198e+00
9.318637274549097071e+00
9.378757515030059722e+00
9.438877755511022372e+00
9.498997995991983245e+00
9.559118236472945895e+00
9.619238476953906769e+00
9.679358717434869419e+00
9.739478957915832069e+00
9.799599198396792943e+00
9.859719438877755593e+00
9.919839679358716467e+00
9.979959919839679117e+00
1.004008016032064177e+01
1.010020040080160264e+01
1.016032064128256529e+01
1.022044088176352616e+01
1.028056112224448881e+01
1.034068136272544969e+01
1.040080160320641234e+01
1.046092184368737499e+01
1.052104208416833586e+01
1.058116232464929851e+01
1.064128256513025939e+01
1.070140280561122204e+01
1.076152304609218469e+01
1.082164328657314556e+01
1.088176352705410821e+01
1.094188376753506908e+01
1.100200400801603173e+01
1.106212424849699438e+01
1.112224448897795526e+01
1.118236472945891791e+01
1.124248496993987878e+01
1.130260521042084143e+01
1.136272545090180230e+01
1.142284569138276495e+01
1.148296593186372760e+01
1.154308617234468848e+01
1.160320641282565113e+01
1.166332665330661200e+01
1.172344689378757465e+01
1.178356713426853730e+01
1.184368737474949818e+01
1.190380761523046083e+01
1.196392785571142170e+01
1.202404809619238435e+01
1.208416833667334700e+01
1.214428857715430787e+01
1.220440881763527052e+01
1.226452905811623140e+01
1.232464929859719405e+01
1.238476953907815670e+01
1.244488977955911757e+01
1.250501002004008022e+01
1.256513026052104109e+01
1.262525050100200374e+01
1.268537074148296462e+01
1.274549098196392727e+01
1.280561122244488992e+01
1.286573146292585079e+01
1.292585170340681344e+01
1.298597194388777432e+01
1.304609218436873697e+01
1.310621242484969962e+01
1.316633266533066049e+01
1.322645290581162314e+01
1.328657314629258401e+01
1.334669338677354666e+01
1.340681362725450931e+01
1.346693386773547019e+01
1.352705410821643284e+01
1.358717434869739371e+01
1.364729458917835636e+01
1.370741482965931723e+01
1.376753507014027988e+01
1.382765531062124253e+01
1.388777555110220341e+01
1.394789579158316606e+01
1.400801603206412693e+01
1.406813627254508958e+01
1.412825651302605223e+01
1.418837675350701311e+01
1.424849699398797576e+01
1.430861723446893663e+01
1.436873747494989928e+01
1.442885771543086193e+01
1.448897795591182280e+01
1.454909819639278545e+01
1.460921843687374633e+01
1.466933867735470898e+01
1.472945891783567163e+01
1.478957915831663250e+01
1.484969939879759515e+01
1.490981963927855602e+01
1.496993987975951867e+01
1.503006012024047955e+01
1.509018036072144220e+01
1.515030060120240485e+01
1.521042084168336572e+01
1.527054108216432837e+01
1.533066132264528925e+01
1.539078156312625190e+01
1.545090180360721455e+01
1.551102204408817542e+01
1.557114228456913807e+01
1.563126252505009894e+01
1.569138276553106159e+01
1.575150300601202424e+01
1.581162324649298512e+01
1.587174348697394777e+01
1.593186372745490864e+01
1.599198396793587129e+01
1.605210420841683217e+01
1.611222444889779482e+01
1.617234468937875747e+01
1.623246492985972012e+01
1.629258517034067921e+01
1.635270541082164186e+01
1.641282565130260451e+01
1.647294589178356716e+01
1.653306613226452981e+01
1.659318637274548891e+01
1.665330661322645156e+01
1.671342685370741421e+01
1.677354709418837686e+01
1.683366733466933951e+01
1.689378757515029861e+01
1.695390781563126126e+01
1.701402805611222391e+01
1.707414829659318656e+01
1.713426853707414921e+01
1.719438877755510831e+01
1.725450901803607096e+01
1.731462925851703361e+01
1.737474949899799626e+01
1.743486973947895891e+01
1.749498997995991800e+01
1.755511022044088065e+01
1.761523046092184330e+01
1.767535070140280595e+01
1.773547094188376860e+01
1.779559118236472770e+01
1.785571142284569035e+01
1.791583166332665300e+01
1.797595190380761565e+01
1.803607214428857475e+01
1.809619238476953740e+01
1.815631262525050005e+01
1.821643286573146270e+01
1.827655310621242535e+01
1.833667334669338445e+01
1.839679358717434710e+01
1.845691382765530975e+01
1.851703406813627240e+01
1.857715430861723505e+01
1.863727454909819414e+01
1.869739478957915679e+01
1.875751503006011944e+01
1.881763527054108209e+01
1.887775551102204474e+01
1.893787575150300384e+01
1.899799599198396649e+01
1.905811623246492914e+01
1.911823647294589179e+01
1.917835671342685444e+01
1.923847695390781354e+01
1.929859719438877619e+01
1.935871743486973884e+01
1.941883767535070149e+01
1.947895791583166414e+01
1.953907815631262324e+01
1.959919839679358589e+01
1.965931863727454854e+01
1.971943887775551119e+01
1.977955911823647384e+01
1.983967935871743293e+01
1.989979959919839558e+01
1.995991983967935823e+01
2.002004008016032088e+01
2.008016032064128353e+01
2.014028056112224263e+01
2.020040080160320528e+01
2.026052104208416793e+01
2.032064128256513058e+01
2.038076152304608968e+01
2.044088176352705233e+01
2.050100200400801498e+01
2.056112224448897763e+01
2.062124248496994028e+01
2.068136272545089938e+01
2.074148296593186203e+01
2.080160320641282468e+01
2.086172344689378733e+01
2.092184368737474998e+01
2.098196392785570907e+01
2.104208416833667172e+01
2.110220440881763437e+01
2.116232464929859702e+01
2.122244488977955967e+01
2.128256513026051877e+01
2.134268537074148142e+01
2.140280561122244407e+01
2.146292585170340672e+01
2.152304609218436937e+01
2.158316633266532847e+01
2.164328657314629112e+01
2.170340681362725377e+01
2.176352705410821642e+01
2.182364729458917907e+01
2.188376753507013817e+01
2.194388777555110082e+01
2.200400801603206347e+01
2.206412825651302612e+01
2.212424849699398877e+01
2.218436873747494786e+01
2.224448897795591051e+01
2.230460921843687316e+01
2.236472945891783581e+01
2.242484969939879846e+01
2.248496993987975756e+01
2.254509018036072021e+01
2.260521042084168286e+01
2.266533066132264551e+01
2.272545090180360461e+01
2.278557114228456726e+01
2.284569138276552991e+01
2.290581162324649256e+01
2.296593186372745521e+01
2.302605210420841431e+01
2.308617234468937696e+01
2.314629258517033961e+01
2.320641282565130226e+01
2.326653306613226491e+01
2.332665330661322400e+01
2.338677354709418665e+01
2.344689378757514930e+01
2.350701402805611195e+01
2.356713426853707460e+01
2.362725450901803370e+01
2.368737474949899635e+01
2.374749498997995900e+01
2.380761523046092165e+01
2.386773547094188430e+01
2.392785571142284340e+01
2.398797595190380605e+01
2.404809619238476870e+01
2.410821643286573135e+01
2.416833667334669400e+01
2.422845691382765310e+01
2.428857715430861575e+01
2.434869739478957840e+01
2.440881763527054105e+01
2.446893787575150370e+01
2.452905811623246279e+01
2.458917835671342544e+01
2.464929859719438809e+01
2.470941883767535074e+01
2.476953907815631339e+01
2.482965931863727249e+01
2.488977955911823514e+01
2.494989979959919779e+01
2.501002004008016044e+01
2.507014028056111954e+01
2.513026052104208219e+01
2.519038076152304484e+01
2.525050100200400749e+01
2.531062124248497014e+01
2.537074148296592924e+01
2.543086172344689189e+01
2.549098196392785454e+01
2.555110220440881719e+01
2.561122244488977984e+01
2.567134268537073893e+01
2.573146292585170158e+01
2.579158316633266423e+01
2.585170340681362688e+01
2.591182364729458953e+01
2.597194388777554863e+01
2.603206412825651128e+01
2.609218436873747393e+01
2.615230460921843658e+01
2.621242484969939923e+01
2.627254509018035833e+01
2.633266533066132098e+01
2.639278557114228363e+01
2.645290581162324628e+01
2.651302605210420893e+01
2.657314629258516803e+01
2.663326653306613068e+01
2.669338677354709333e+01
2.675350701402805598e+01
2.681362725450901863e+01
2.687374749498997772e+01
2.693386773547094037e+01
2.699398797595190302e+01
2.705410821643286567e+01
2.711422845691382832e+01
2.717434869739478742e+01
2.723446893787575007e+01
2.729458917835671272e+01
2.735470941883767537e+01
2.741482965931863447e+01
2.747494989979959712e+01
2.753507014028055977e+01
2.759519038076152242e+01
2.765531062124248507e+01
2.771543086172344417e+01
2.777555110220440682e+01
2.783567134268536947e+01
2.789579158316633212e+01
2.795591182364729477e+01
2.801603206412825386e+01
2.807615230460921651e+01
2.813627254509017916e+01
2.819639278557114181e+01
2.825651302605210446e+01
2.831663326653306356e+01
2.837675350701402621e+01
2.843687374749498886e+01
2.849699398797595151e+01
2.855711422845691416e+01
2.861723446893787326e+01
2.867735470941883591e+01
2.873747494989979856e+01
2.879759519038076121e+01
2.885771543086172386e+01
2.891783567134268296e+01
2.897795591182364561e+01
2.903807615230460826e+01
2.909819639278557091e+01
2.915831663326653356e+01
2.921843687374749265e+01
2.927855711422845530e+01
2.933867735470941795e+01
2.939879759519038060e+01
2.945891783567134325e+01
2.951903807615230235e+01
2.957915831663326500e+01
2.963927855711422765e+01
2.969939879759519030e+01
2.975951903807614940e+01
2.981963927855711205e+01
2.987975951903807470e+01
2.993987975951903735e+01
3.000000000000000000e+01
