3.200000000000000000e+01 6.596726492006779630e+00
3.700000000000000000e+01 5.309926850746870208e+00
4.200000000000000000e+01 5.001164742107990335e+00
4.700000000000000000e+01 3.843834499231880031e+00
5.200000000000000000e+01 3.039783177581880214e+00
5.700000000000000000e+01 3.052379677276760184e+00
6.200000000000000000e+01 2.698431218012570021e+00
6.700000000000000000e+01 2.541249007288069794e+00
7.200000000000000000e+01 2.375494197419139919e+00
7.700000000000000000e+01 1.854935583289710088e+00
8.200000000000000000e+01 2.008288273624479814e+00
8.700000000000000000e+01 1.922002541646510076e+00
9.200000000000000000e+01 1.806189886813460044e+00
9.700000000000000000e+01 1.644525562542680008e+00
1.040000000000000000e+02 1.704532800483260058e+00
1.130000000000000000e+02 1.574196997323330072e+00
1.220000000000000000e+02 1.418796209222670024e+00
1.310000000000000000e+02 1.305975337361839905e+00
1.400000000000000000e+02 1.347475313587779944e+00
1.490000000000000000e+02 1.196475073556900082e+00
1.580000000000000000e+02 1.196036654353890061e+00
1.670000000000000000e+02 1.085262155241740079e+00
1.760000000000000000e+02 1.034160059305649915e+00
1.850000000000000000e+02 9.823060482282940375e-01
1.940000000000000000e+02 9.219389807622879740e-01
2.030000000000000000e+02 8.267940184513480339e-01
2.120000000000000000e+02 7.842635379394889972e-01
2.210000000000000000e+02 7.447336653199789769e-01
2.300000000000000000e+02 6.728468954250219625e-01
2.390000000000000000e+02 6.331005909806489695e-01
2.480000000000000000e+02 5.528788313424960466e-01
2.570000000000000000e+02 4.956749919172380170e-01
2.660000000000000000e+02 4.504550071867179928e-01
2.750000000000000000e+02 4.224720753626530212e-01
2.840000000000000000e+02 3.531008109752459823e-01
2.930000000000000000e+02 3.192777410164849838e-01
3.020000000000000000e+02 2.701142813188769920e-01
3.110000000000000000e+02 2.364103426364810023e-01
3.200000000000000000e+02 2.086466908656620101e-01
3.290000000000000000e+02 1.838424859023279900e-01
3.380000000000000000e+02 1.559883749834820033e-01
3.470000000000000000e+02 1.300320342333800006e-01
3.560000000000000000e+02 1.166377897128930002e-01
3.650000000000000000e+02 1.027446009122300052e-01
3.740000000000000000e+02 9.136724335890263060e-02
3.830000000000000000e+02 8.087250776250846929e-02
3.920000000000000000e+02 7.291950772244483459e-02
4.010000000000000000e+02 6.754929979368579085e-02
4.100000000000000000e+02 6.486239532430655708e-02
4.190000000000000000e+02 6.176159243127796877e-02
4.280000000000000000e+02 6.054351573659572799e-02
4.370000000000000000e+02 5.810598180436062771e-02
4.460000000000000000e+02 5.852301002062856861e-02
4.550000000000000000e+02 6.196177403318695737e-02
4.640000000000000000e+02 6.478199852352961585e-02
4.730000000000000000e+02 6.106381003965623971e-02
4.820000000000000000e+02 6.274627961513586094e-02
4.910000000000000000e+02 6.293692997332196726e-02
5.000000000000000000e+02 6.139518074579070755e-02
5.090000000000000000e+02 6.244750044031534275e-02
5.180000000000000000e+02 5.976686733277981195e-02
5.270000000000000000e+02 5.829811698657925978e-02
5.360000000000000000e+02 5.509007331081666042e-02
5.450000000000000000e+02 5.320075174481143226e-02
5.540000000000000000e+02 5.239678499841596976e-02
5.630000000000000000e+02 5.036327782259787667e-02
5.720000000000000000e+02 4.627134153849445097e-02
5.810000000000000000e+02 4.477213027104270243e-02
5.900000000000000000e+02 4.276312363596167232e-02
5.990000000000000000e+02 3.856794609477742775e-02
6.080000000000000000e+02 3.595483642266598251e-02
6.170000000000000000e+02 3.520076249188743706e-02
6.260000000000000000e+02 3.127082904515089690e-02
6.350000000000000000e+02 3.014683871105779123e-02
6.440000000000000000e+02 2.809881730207242079e-02
6.530000000000000000e+02 2.720252092689973838e-02
6.620000000000000000e+02 2.648005313495174068e-02
6.710000000000000000e+02 2.528837826841744130e-02
6.800000000000000000e+02 2.389420373364118874e-02
6.890000000000000000e+02 2.408714044754858841e-02
6.980000000000000000e+02 2.430125230674864967e-02
7.070000000000000000e+02 2.374099077017744960e-02
7.160000000000000000e+02 2.336700245226732905e-02
7.250000000000000000e+02 2.382866215196671050e-02
7.340000000000000000e+02 2.389000866303453083e-02
7.430000000000000000e+02 2.479478587298188097e-02
7.520000000000000000e+02 2.506103313420433853e-02
7.610000000000000000e+02 2.540676278431667004e-02
7.700000000000000000e+02 2.485289371940074127e-02
7.790000000000000000e+02 2.431804872641340001e-02
7.880000000000000000e+02 2.509595618088962879e-02
7.970000000000000000e+02 2.439172283743974018e-02
8.060000000000000000e+02 2.410270543694262996e-02
8.150000000000000000e+02 2.411462780349655013e-02
8.240000000000000000e+02 2.329877408035099101e-02
8.330000000000000000e+02 2.255811976868426008e-02
8.420000000000000000e+02 2.217100327032851120e-02
8.510000000000000000e+02 2.067525348514318018e-02
8.600000000000000000e+02 1.996935163679066857e-02
8.690000000000000000e+02 1.856828603346599021e-02
8.780000000000000000e+02 1.764953701539431069e-02
8.870000000000000000e+02 1.655797695693908902e-02
8.960000000000000000e+02 1.525239547026110976e-02
9.050000000000000000e+02 1.412047529332804974e-02
9.140000000000000000e+02 1.313103397010709043e-02
9.230000000000000000e+02 1.193137944202985953e-02
9.320000000000000000e+02 1.127694412067765072e-02
9.410000000000000000e+02 1.018624370946897943e-02
9.500000000000000000e+02 9.326343405402731310e-03
9.590000000000000000e+02 8.771191873541101663e-03
9.680000000000000000e+02 8.260744939797441677e-03
9.770000000000000000e+02 7.422969432183308854e-03
9.860000000000000000e+02 7.135137184288468763e-03
9.950000000000000000e+02 6.893629196583642670e-03
1.004000000000000000e+03 6.383524542878731348e-03
1.013000000000000000e+03 6.599509706798708034e-03
1.022000000000000000e+03 6.200410342049435600e-03
1.031000000000000000e+03 6.162369938135380150e-03
1.040000000000000000e+03 6.130489478166564754e-03
1.049000000000000000e+03 6.162621149445766597e-03
1.058000000000000000e+03 6.334684011458303204e-03
1.067000000000000000e+03 6.187559371865354076e-03
1.076000000000000000e+03 6.255451723192237412e-03
1.085000000000000000e+03 6.490554809347377253e-03
1.094000000000000000e+03 6.382412843043566882e-03
1.103000000000000000e+03 6.243435279155383141e-03
1.112000000000000000e+03 6.163649144715163675e-03
1.121000000000000000e+03 6.229739346351706626e-03
1.130000000000000000e+03 6.073917651648517123e-03
1.139000000000000000e+03 5.877928025915171197e-03
1.148000000000000000e+03 5.778500235616228567e-03
1.157000000000000000e+03 5.723021018708824431e-03
1.166000000000000000e+03 5.357655744237127017e-03
1.175000000000000000e+03 5.192863859450444659e-03
1.184000000000000000e+03 5.078328400840400811e-03
1.193000000000000000e+03 4.787429633119026987e-03
1.202000000000000000e+03 4.369635902885929402e-03
1.211000000000000000e+03 4.173374453809228571e-03
1.220000000000000000e+03 4.090600562245526838e-03
1.229000000000000000e+03 3.767872058109206050e-03
1.238000000000000000e+03 3.669868333441263057e-03
1.247000000000000000e+03 3.471539377464214014e-03
1.256000000000000000e+03 3.213032793336023825e-03
1.265000000000000000e+03 3.050663691714580045e-03
1.274000000000000000e+03 2.983040614687489014e-03
1.283000000000000000e+03 2.813700242936611074e-03
1.292000000000000000e+03 2.849374034930660798e-03
1.301000000000000000e+03 2.718392459189344999e-03
1.310000000000000000e+03 2.604525094019773199e-03
1.319000000000000000e+03 2.600039598315197036e-03
1.328000000000000000e+03 2.577772499361016822e-03
1.337000000000000000e+03 2.660947651847672939e-03
1.346000000000000000e+03 2.555145596347284040e-03
1.355000000000000000e+03 2.616344790115254088e-03
1.364000000000000000e+03 2.624272020662319922e-03
1.373000000000000000e+03 2.582771134775248018e-03
1.382000000000000000e+03 2.545055117130978154e-03
1.391000000000000000e+03 2.613276050935673962e-03
1.400000000000000000e+03 2.660706377929018037e-03
1.409000000000000000e+03 2.597087064986698841e-03
1.418000000000000000e+03 2.557203176636540110e-03
1.427000000000000000e+03 2.452163185433892025e-03
1.436000000000000000e+03 2.440677530136018021e-03
1.445000000000000000e+03 2.401583108974445890e-03
1.454000000000000000e+03 2.292144013583019991e-03
1.463000000000000000e+03 2.236437873872345987e-03
1.472000000000000000e+03 2.177521179839094975e-03
1.481000000000000000e+03 2.112061196717405099e-03
1.490000000000000000e+03 2.054405689909763032e-03
1.499000000000000000e+03 1.966841519009466903e-03
1.512000000000000000e+03 1.799641333069449019e-03
1.529000000000000000e+03 1.578518254744994955e-03
1.546000000000000000e+03 1.440280294651748042e-03
1.563000000000000000e+03 1.294703927644149993e-03
1.580000000000000000e+03 1.177663759373389924e-03
1.597000000000000000e+03 1.056005643627212992e-03
1.614000000000000000e+03 9.821739951355265303e-04
1.631000000000000000e+03 9.407195224414317131e-04
1.648000000000000000e+03 9.014800137426936914e-04
1.665000000000000000e+03 8.867890184012503819e-04
1.682000000000000000e+03 8.518224448603722984e-04
1.699000000000000000e+03 8.676533646153984430e-04
1.716000000000000000e+03 8.427424899702600598e-04
1.733000000000000000e+03 8.534838345072785337e-04
1.750000000000000000e+03 7.734020043395867065e-04
1.767000000000000000e+03 7.639958818954618825e-04
1.784000000000000000e+03 7.384396655666932525e-04
1.801000000000000000e+03 6.994276584433100448e-04
1.818000000000000000e+03 6.490468269449774664e-04
1.835000000000000000e+03 5.858226266183919973e-04
1.852000000000000000e+03 5.599539510644899361e-04
1.869000000000000000e+03 4.950990981129143155e-04
1.886000000000000000e+03 4.723920536347941154e-04
1.903000000000000000e+03 4.293797644800361022e-04
1.920000000000000000e+03 4.349830933383055150e-04
1.937000000000000000e+03 4.075533098461164893e-04
1.954000000000000000e+03 3.835583461236455761e-04
1.971000000000000000e+03 3.718469296834519167e-04
1.988000000000000000e+03 3.580128254779628948e-04
2.005000000000000000e+03 3.775102281214640022e-04
2.030000000000000000e+03 3.556464572480036099e-04
2.063000000000000000e+03 3.193808510474627758e-04
2.096000000000000000e+03 2.950766840331016101e-04
2.129000000000000000e+03 2.749628109208970155e-04
2.162000000000000000e+03 2.276205956545345865e-04
2.195000000000000000e+03 1.839965650294562115e-04
2.228000000000000000e+03 1.673226447604792954e-04
2.261000000000000000e+03 1.447347334014738968e-04
2.294000000000000000e+03 1.399678176789347984e-04
2.327000000000000000e+03 1.282188266029015897e-04
2.360000000000000000e+03 1.295492917914043958e-04
2.393000000000000000e+03 1.343814047023898046e-04
2.426000000000000000e+03 8.941996468577989956e-05
2.459000000000000000e+03 8.735478929159786409e-05
2.492000000000000000e+03 7.675842960069892667e-05
3.200000000000000000e+01 1.047853361085314058e-02
3.700000000000000000e+01 1.331246808911504959e-02
4.200000000000000000e+01 2.622899039649859935e-03
4.700000000000000000e+01 2.198854628581492932e-03
5.200000000000000000e+01 2.391352810191657054e-03
5.700000000000000000e+01 -7.485970490489025908e-03
6.200000000000000000e+01 -6.527736658959301316e-03
6.700000000000000000e+01 -3.186524745182276169e-03
7.200000000000000000e+01 -9.655457567768303828e-03
7.700000000000000000e+01 -6.428794408370091910e-03
8.200000000000000000e+01 -9.812119945964750331e-03
8.700000000000000000e+01 -1.014691663745971063e-02
9.200000000000000000e+01 -1.425227213774050983e-02
9.700000000000000000e+01 -1.314482738731195983e-02
1.040000000000000000e+02 -1.657275104744941954e-02
1.130000000000000000e+02 -1.550400371703086061e-02
1.220000000000000000e+02 -1.460888162636081976e-02
1.310000000000000000e+02 -1.493231472284299935e-02
1.400000000000000000e+02 -1.400127337893005038e-02
1.490000000000000000e+02 -1.282603873494198021e-02
1.580000000000000000e+02 -1.263243803635123036e-02
1.670000000000000000e+02 -1.020005409391072995e-02
1.760000000000000000e+02 -8.839155883945059092e-03
1.850000000000000000e+02 -5.532823271605885433e-03
1.940000000000000000e+02 -3.269748126263148213e-03
2.030000000000000000e+02 -1.046532448836513069e-03
2.120000000000000000e+02 2.965591539076167988e-04
2.210000000000000000e+02 2.225477453838283805e-03
2.300000000000000000e+02 3.177141829791653004e-03
2.390000000000000000e+02 5.108727984508149890e-03
2.480000000000000000e+02 5.231644699887838361e-03
2.570000000000000000e+02 6.824839363858336769e-03
2.660000000000000000e+02 7.740891876606038370e-03
2.750000000000000000e+02 8.906985125697101241e-03
2.840000000000000000e+02 8.097033216358977617e-03
2.930000000000000000e+02 8.536034392098663937e-03
3.020000000000000000e+02 8.043973689100239813e-03
3.110000000000000000e+02 7.688306004067999196e-03
3.200000000000000000e+02 6.870468598798615961e-03
3.290000000000000000e+02 6.805902671965305406e-03
3.380000000000000000e+02 5.870697558862157314e-03
3.470000000000000000e+02 4.580053740283764573e-03
3.560000000000000000e+02 3.996174163963296840e-03
3.650000000000000000e+02 2.842798856837908030e-03
3.740000000000000000e+02 2.109113597999240104e-03
3.830000000000000000e+02 1.361087076361509104e-03
3.920000000000000000e+02 7.948493755669141896e-04
4.010000000000000000e+02 -3.468594629766964978e-05
4.100000000000000000e+02 -7.953327514863121374e-04
4.190000000000000000e+02 -1.188147400685774999e-03
4.280000000000000000e+02 -1.656303640452824917e-03
4.370000000000000000e+02 -2.035051840170636148e-03
4.460000000000000000e+02 -1.943000510117708990e-03
4.550000000000000000e+02 -2.262423381843109167e-03
4.640000000000000000e+02 -2.361911404156854209e-03
4.730000000000000000e+02 -2.115813219987031004e-03
4.820000000000000000e+02 -1.967324935917859167e-03
4.910000000000000000e+02 -1.836933071150851932e-03
5.000000000000000000e+02 -1.484251061451504925e-03
5.090000000000000000e+02 -1.108163964550912999e-03
5.180000000000000000e+02 -1.009681718329229986e-03
5.270000000000000000e+02 -5.384916687071381568e-04
5.360000000000000000e+02 -4.135910270750809922e-04
5.450000000000000000e+02 -2.233160631057071980e-05
5.540000000000000000e+02 8.927413813633246372e-05
5.630000000000000000e+02 2.281072279207836087e-04
5.720000000000000000e+02 3.794131992040137929e-04
5.810000000000000000e+02 4.930831742607734089e-04
5.900000000000000000e+02 4.882872730737290029e-04
5.990000000000000000e+02 4.931237131642592433e-04
6.080000000000000000e+02 5.287650755768482161e-04
6.170000000000000000e+02 4.245110175408807777e-04
6.260000000000000000e+02 1.852934566674362094e-04
6.350000000000000000e+02 1.188541571620655991e-04
6.440000000000000000e+02 -4.398653492197425105e-05
6.530000000000000000e+02 -2.407859064172329980e-04
6.620000000000000000e+02 -4.155735944920160808e-04
6.710000000000000000e+02 -7.959896467062207862e-04
6.800000000000000000e+02 -9.026438958488869997e-04
6.890000000000000000e+02 -1.064445174724605895e-03
6.980000000000000000e+02 -1.209835033854906108e-03
7.070000000000000000e+02 -1.244804926851575053e-03
7.160000000000000000e+02 -1.390895087145181978e-03
7.250000000000000000e+02 -1.474822193158907037e-03
7.340000000000000000e+02 -1.481331179554254071e-03
7.430000000000000000e+02 -1.489592655317246951e-03
7.520000000000000000e+02 -1.459262927803647945e-03
7.610000000000000000e+02 -1.364480069787823904e-03
7.700000000000000000e+02 -1.246108916322264054e-03
7.790000000000000000e+02 -1.144105491386945101e-03
7.880000000000000000e+02 -1.065997046829871096e-03
7.970000000000000000e+02 -8.851464346825377522e-04
8.060000000000000000e+02 -7.544423029913742028e-04
8.150000000000000000e+02 -6.174625953166832564e-04
8.240000000000000000e+02 -4.831527479915893875e-04
8.330000000000000000e+02 -2.514701951743246217e-04
8.420000000000000000e+02 -1.556748482133467966e-04
8.510000000000000000e+02 3.216271844275002243e-05
8.600000000000000000e+02 8.440668655793301411e-05
8.690000000000000000e+02 2.247907595132527946e-04
8.780000000000000000e+02 3.374040749137203251e-04
8.870000000000000000e+02 3.971378247405846261e-04
8.960000000000000000e+02 4.219946048248311948e-04
9.050000000000000000e+02 4.368467606030753802e-04
9.140000000000000000e+02 5.065887508906962832e-04
9.230000000000000000e+02 4.253738753888318923e-04
9.320000000000000000e+02 3.912656432488439084e-04
9.410000000000000000e+02 3.525493436171381768e-04
9.500000000000000000e+02 2.913586548452258129e-04
9.590000000000000000e+02 2.253379926035449998e-04
9.680000000000000000e+02 1.288357851276152879e-04
9.770000000000000000e+02 6.861093409364728876e-05
9.860000000000000000e+02 -6.191945854523369651e-07
9.950000000000000000e+02 -1.025338682710191996e-04
1.004000000000000000e+03 -2.412394994871920031e-04
1.013000000000000000e+03 -2.811245796511684819e-04
1.022000000000000000e+03 -2.940700743143498212e-04
1.031000000000000000e+03 -3.324910327602992734e-04
1.040000000000000000e+03 -3.453547328098284172e-04
1.049000000000000000e+03 -4.282703264876909044e-04
1.058000000000000000e+03 -4.717371421418648067e-04
1.067000000000000000e+03 -4.477544955657139763e-04
1.076000000000000000e+03 -4.328505405472970048e-04
1.085000000000000000e+03 -3.946746502228780048e-04
1.094000000000000000e+03 -4.027678362890947249e-04
1.103000000000000000e+03 -2.952806617384522072e-04
1.112000000000000000e+03 -2.968871381745521142e-04
1.121000000000000000e+03 -2.434829515938145134e-04
1.130000000000000000e+03 -2.173058583790316120e-04
1.139000000000000000e+03 -2.514340457127582098e-04
1.148000000000000000e+03 -1.130518883447666971e-04
1.157000000000000000e+03 -8.922952485871735585e-05
1.166000000000000000e+03 -1.069562217672093027e-04
1.175000000000000000e+03 -6.378140531818738378e-05
1.184000000000000000e+03 -4.542598747485984283e-05
1.193000000000000000e+03 -2.088971803554308149e-05
1.202000000000000000e+03 -1.614344754112141865e-05
1.211000000000000000e+03 2.578445256728341869e-05
1.220000000000000000e+03 3.654839150677996750e-05
1.229000000000000000e+03 -5.038418309585952129e-06
1.238000000000000000e+03 -1.414404255221325050e-05
1.247000000000000000e+03 1.697047291656780937e-05
1.256000000000000000e+03 -2.120405226836853985e-05
1.265000000000000000e+03 -4.834248860381668662e-05
1.274000000000000000e+03 -2.661396983273389084e-05
1.283000000000000000e+03 -9.492352163638542565e-05
1.292000000000000000e+03 -1.009494821840713018e-04
1.301000000000000000e+03 -1.204060788476157996e-04
1.310000000000000000e+03 -1.683464159378854970e-04
1.319000000000000000e+03 -1.696301552544264080e-04
1.328000000000000000e+03 -1.991637035470012059e-04
1.337000000000000000e+03 -1.804609133462691027e-04
1.346000000000000000e+03 -2.051892153571862026e-04
1.355000000000000000e+03 -2.155417119148477943e-04
1.364000000000000000e+03 -2.187308775890961076e-04
1.373000000000000000e+03 -1.756687013853389134e-04
1.382000000000000000e+03 -1.617904796178299971e-04
1.391000000000000000e+03 -2.150616475242167881e-04
1.400000000000000000e+03 -1.958387941663386120e-04
1.409000000000000000e+03 -1.791388250978252869e-04
1.418000000000000000e+03 -1.614409565217374937e-04
1.427000000000000000e+03 -1.235480216302039115e-04
1.436000000000000000e+03 -1.260688319292739914e-04
1.445000000000000000e+03 -1.129875471845753001e-04
1.454000000000000000e+03 -7.776141822090868610e-05
1.463000000000000000e+03 -6.874348422193292494e-05
1.472000000000000000e+03 -2.902952161320130077e-05
1.481000000000000000e+03 -3.610433460087102961e-06
1.490000000000000000e+03 -2.538563146051209905e-05
1.499000000000000000e+03 -7.142351533582223188e-06
1.512000000000000000e+03 1.767338018622028952e-05
1.529000000000000000e+03 1.901300469002218017e-05
1.546000000000000000e+03 1.534534887336692875e-05
1.563000000000000000e+03 3.608218806078532087e-06
1.580000000000000000e+03 -1.184917384433085062e-05
1.597000000000000000e+03 -2.571593202715621146e-05
1.614000000000000000e+03 -2.616768578312196933e-05
1.631000000000000000e+03 -5.881776411234000050e-05
1.648000000000000000e+03 -5.567789139769274947e-05
1.665000000000000000e+03 -6.003259646139668239e-05
1.682000000000000000e+03 -6.844556348122864966e-05
1.699000000000000000e+03 -5.890251642691467259e-05
1.716000000000000000e+03 -4.584955728563327711e-05
1.733000000000000000e+03 -6.403650979773033798e-05
1.750000000000000000e+03 -4.592493603988811963e-05
1.767000000000000000e+03 -2.090799089754923976e-05
1.784000000000000000e+03 -2.612153304164568010e-05
1.801000000000000000e+03 -1.496277865671649055e-05
1.818000000000000000e+03 -1.493108115784719961e-06
1.835000000000000000e+03 -1.009933239613384075e-05
1.852000000000000000e+03 2.934957932131864111e-06
1.869000000000000000e+03 -4.602080893202363361e-06
1.886000000000000000e+03 4.656674950120282706e-06
1.903000000000000000e+03 -2.483488639478184995e-05
1.920000000000000000e+03 -8.996018214082382566e-06
1.937000000000000000e+03 -1.300983885792448920e-05
1.954000000000000000e+03 -4.401511234540787345e-06
1.971000000000000000e+03 -4.723604248158120011e-05
1.988000000000000000e+03 -4.761605073541020305e-05
3.200000000000000000e+01 3.259634876606200249e-04
3.700000000000000000e+01 2.726750507029717155e-04
4.200000000000000000e+01 2.071357321355453873e-04
4.700000000000000000e+01 3.985222877305503271e-04
5.200000000000000000e+01 4.236679612938369795e-04
5.700000000000000000e+01 4.109301410011767151e-04
6.200000000000000000e+01 5.009997413819337279e-04
6.700000000000000000e+01 4.895681727383453417e-04
7.200000000000000000e+01 4.836906158922283836e-04
7.700000000000000000e+01 4.262045891665730188e-04
8.200000000000000000e+01 5.229567834537920609e-04
8.700000000000000000e+01 4.580756124451091206e-04
9.200000000000000000e+01 5.651185996511049001e-04
9.700000000000000000e+01 3.903138033428968042e-04
1.040000000000000000e+02 5.155962156761961963e-04
1.130000000000000000e+02 4.763131870486177156e-04
1.220000000000000000e+02 4.643358622612503753e-04
1.310000000000000000e+02 4.021341573625431985e-04
1.400000000000000000e+02 3.573191766222225834e-04
1.490000000000000000e+02 3.013359043926720944e-04
1.580000000000000000e+02 2.789922250320704938e-04
1.670000000000000000e+02 1.954163544564834929e-04
1.760000000000000000e+02 1.973219977815734050e-04
1.850000000000000000e+02 1.577695501624021127e-04
1.940000000000000000e+02 1.289689442639064892e-04
2.030000000000000000e+02 1.181685926858290015e-04
2.120000000000000000e+02 1.399111026021092048e-04
2.210000000000000000e+02 1.210967178868122999e-04
2.300000000000000000e+02 1.596748680342626088e-04
2.390000000000000000e+02 1.948874535715095131e-04
2.480000000000000000e+02 2.186968294182588951e-04
2.570000000000000000e+02 3.007319778215970124e-04
2.660000000000000000e+02 3.584989924954060732e-04
2.750000000000000000e+02 4.573365266210020958e-04
2.840000000000000000e+02 4.546358404047713816e-04
2.930000000000000000e+02 5.992254960753780378e-04
3.020000000000000000e+02 6.542721788540802139e-04
3.110000000000000000e+02 7.065169518819311564e-04
3.200000000000000000e+02 7.773627912917435842e-04
3.290000000000000000e+02 9.017412839594908611e-04
3.380000000000000000e+02 8.926652455971634346e-04
3.470000000000000000e+02 8.587693130299885440e-04
3.560000000000000000e+02 9.332964129990432931e-04
3.650000000000000000e+02 8.833798130686772729e-04
3.740000000000000000e+02 9.404427755396318556e-04
3.830000000000000000e+02 9.261221864034451228e-04
3.920000000000000000e+02 9.152560759169137399e-04
4.010000000000000000e+02 8.253512341279565980e-04
4.100000000000000000e+02 7.877670004378159972e-04
4.190000000000000000e+02 6.986269189082667955e-04
4.280000000000000000e+02 6.639323081245675261e-04
4.370000000000000000e+02 6.352462693977576919e-04
4.460000000000000000e+02 5.542260074510340414e-04
4.550000000000000000e+02 4.767098495444587803e-04
4.640000000000000000e+02 4.321550714107434059e-04
4.730000000000000000e+02 3.323012650513556079e-04
4.820000000000000000e+02 3.127725412498694201e-04
4.910000000000000000e+02 2.750284738543633234e-04
5.000000000000000000e+02 2.106678386242857046e-04
5.090000000000000000e+02 1.978581202656642100e-04
5.180000000000000000e+02 1.749650146042586011e-04
5.270000000000000000e+02 1.453495729650422128e-04
5.360000000000000000e+02 1.411053986062416131e-04
5.450000000000000000e+02 1.775974447980479089e-04
5.540000000000000000e+02 1.732160869637392050e-04
5.630000000000000000e+02 2.075132212991047907e-04
5.720000000000000000e+02 2.340295517806408097e-04
5.810000000000000000e+02 2.800108665779226175e-04
5.900000000000000000e+02 2.784477156831963261e-04
5.990000000000000000e+02 3.301177544423625839e-04
6.080000000000000000e+02 3.701952655651984960e-04
6.170000000000000000e+02 4.303953075369645106e-04
6.260000000000000000e+02 4.231566531138741794e-04
6.350000000000000000e+02 4.685391146105030214e-04
6.440000000000000000e+02 4.902640002486077959e-04
6.530000000000000000e+02 4.824084959763057950e-04
6.620000000000000000e+02 4.954585489184683495e-04
6.710000000000000000e+02 5.101238368283156485e-04
6.800000000000000000e+02 4.972388240492000774e-04
6.890000000000000000e+02 5.138460754196421971e-04
6.980000000000000000e+02 4.983348990542799334e-04
7.070000000000000000e+02 4.563469462027568775e-04
7.160000000000000000e+02 4.457522226357104830e-04
7.250000000000000000e+02 4.040100697125307812e-04
7.340000000000000000e+02 3.795904318405518866e-04
7.430000000000000000e+02 3.179534740977033123e-04
7.520000000000000000e+02 2.968242585169900984e-04
7.610000000000000000e+02 2.750836501581580191e-04
7.700000000000000000e+02 2.310781760122517967e-04
7.790000000000000000e+02 2.094678839848711888e-04
7.880000000000000000e+02 1.976098364355857089e-04
7.970000000000000000e+02 1.732672450708013867e-04
8.060000000000000000e+02 1.525314989528851869e-04
8.150000000000000000e+02 1.361427319072844929e-04
8.240000000000000000e+02 1.133074352684571056e-04
8.330000000000000000e+02 1.072792401679908015e-04
8.420000000000000000e+02 1.147941960047228001e-04
8.510000000000000000e+02 1.158742591224017944e-04
8.600000000000000000e+02 1.226233374867934025e-04
8.690000000000000000e+02 1.415213377522286128e-04
8.780000000000000000e+02 1.553594753218567046e-04
8.870000000000000000e+02 1.759080843384344943e-04
8.960000000000000000e+02 1.858936187061772103e-04
9.050000000000000000e+02 1.821302022661803056e-04
9.140000000000000000e+02 2.124826441732874957e-04
9.230000000000000000e+02 2.245690558734167984e-04
9.320000000000000000e+02 2.461630649316975863e-04
9.410000000000000000e+02 2.664914695599328136e-04
9.500000000000000000e+02 2.698175655779596238e-04
9.590000000000000000e+02 2.650635598798361842e-04
9.680000000000000000e+02 2.781878527227853930e-04
9.770000000000000000e+02 2.658132195291181888e-04
9.860000000000000000e+02 2.545890391145075836e-04
9.950000000000000000e+02 2.662303400294876977e-04
1.004000000000000000e+03 2.410455617524166988e-04
1.013000000000000000e+03 2.674090294081178957e-04
1.022000000000000000e+03 2.463511088845370882e-04
1.031000000000000000e+03 2.264317440856758066e-04
1.040000000000000000e+03 2.135408071577694878e-04
1.049000000000000000e+03 1.967942514950299880e-04
1.058000000000000000e+03 1.929076225417430111e-04
1.067000000000000000e+03 1.721245954743335054e-04
1.076000000000000000e+03 1.318280236044439056e-04
1.085000000000000000e+03 1.228990352600704068e-04
1.094000000000000000e+03 1.292047356884859120e-04
1.103000000000000000e+03 6.994518959376192283e-05
1.112000000000000000e+03 8.636368672706907655e-05
1.121000000000000000e+03 7.055759202624948493e-05
1.130000000000000000e+03 7.950117482170004099e-05
1.139000000000000000e+03 6.647744563349277465e-05
1.148000000000000000e+03 7.746250618427069851e-05
1.157000000000000000e+03 8.364481811402526982e-05
1.166000000000000000e+03 5.112928509772176846e-05
1.175000000000000000e+03 5.245658997539773272e-05
1.184000000000000000e+03 5.586040678328326332e-05
1.193000000000000000e+03 6.329790271029091763e-05
1.202000000000000000e+03 1.140393861666962055e-04
1.211000000000000000e+03 9.967148370297081303e-05
1.220000000000000000e+03 7.273564115337362540e-05
1.229000000000000000e+03 1.051142402688220063e-04
1.238000000000000000e+03 1.119752841052855055e-04
1.247000000000000000e+03 1.288189577044112982e-04
1.256000000000000000e+03 9.882366464862797682e-05
1.265000000000000000e+03 1.369084155170867054e-04
1.274000000000000000e+03 1.072058029411687008e-04
1.283000000000000000e+03 1.056288543804908067e-04
1.292000000000000000e+03 1.023128704865121016e-04
1.301000000000000000e+03 1.184837994378427038e-04
1.310000000000000000e+03 1.352092526991237104e-04
1.319000000000000000e+03 1.369901296140914879e-04
1.328000000000000000e+03 9.514717703235589942e-05
1.337000000000000000e+03 1.107930658576856053e-04
1.346000000000000000e+03 7.825954123922699071e-05
1.355000000000000000e+03 7.676072743026987307e-05
1.364000000000000000e+03 7.866663931177452179e-05
1.373000000000000000e+03 4.447883358217097122e-05
1.382000000000000000e+03 7.721975604729307003e-05
1.391000000000000000e+03 4.137274450760768693e-05
1.400000000000000000e+03 8.606096218695176317e-05
1.409000000000000000e+03 2.857068822870900042e-05
1.418000000000000000e+03 4.768082224039469903e-05
1.427000000000000000e+03 5.694700876464799252e-05
1.436000000000000000e+03 4.586479827977976270e-05
1.445000000000000000e+03 3.530303297278168813e-05
1.454000000000000000e+03 -1.279989909952930015e-05
1.463000000000000000e+03 6.306344191313128069e-05
1.472000000000000000e+03 3.956009134081983684e-05
1.481000000000000000e+03 4.036475842271989195e-05
1.490000000000000000e+03 4.221612863441354948e-05
1.499000000000000000e+03 2.267734840992560909e-06
1.512000000000000000e+03 6.439993286331138300e-05
1.529000000000000000e+03 4.898828902297977663e-05
1.546000000000000000e+03 4.165175340365743177e-05
1.563000000000000000e+03 4.169912216051921698e-05
1.580000000000000000e+03 2.238195933264088168e-05
1.597000000000000000e+03 5.207485943533059740e-05
1.614000000000000000e+03 7.418184815896362166e-05
1.631000000000000000e+03 5.442528216986559957e-05
1.648000000000000000e+03 4.808961893257455766e-05
1.665000000000000000e+03 4.952451369134557306e-05
1.682000000000000000e+03 5.110006762821239226e-05
1.699000000000000000e+03 3.571522749572099799e-05
1.716000000000000000e+03 6.397443597932921673e-06
1.733000000000000000e+03 3.644047402349544717e-05
1.750000000000000000e+03 8.316942895865549136e-05
1.767000000000000000e+03 2.501377088513148859e-05
1.784000000000000000e+03 -3.210140883352214752e-05
1.801000000000000000e+03 5.569281717552299705e-05
1.818000000000000000e+03 1.942456816721154029e-05
1.835000000000000000e+03 3.287041702147318247e-05
1.852000000000000000e+03 -1.916512748642085136e-05
1.869000000000000000e+03 7.124697734573868407e-05
1.886000000000000000e+03 1.416221430084635988e-05
1.903000000000000000e+03 -9.498732070061838779e-07
1.920000000000000000e+03 2.477675714403884924e-05
1.937000000000000000e+03 2.407177432527534035e-05
1.954000000000000000e+03 -6.561563500583632617e-05
1.971000000000000000e+03 8.377808983719364311e-05
1.988000000000000000e+03 2.303858531378855838e-05
