# a
1.428571428571428492e-01
1.431029538285058800e-01
1.433496121804079260e-01
1.435971223021582921e-01
1.438454886134332700e-01
1.440947155645393996e-01
1.443448076366792010e-01
1.445957693422196544e-01
1.448476052249637047e-01
1.451003198604245426e-01
1.453539178561025214e-01
1.456084038517654056e-01
1.458637825197310889e-01
1.461200585651537265e-01
1.463772367263126983e-01
1.466353217749045146e-01
1.468943185163379406e-01
1.471542317900324248e-01
1.474150664697193580e-01
1.476768274637466904e-01
1.479395197153869079e-01
1.482031482031481995e-01
1.484677179410889558e-01
1.487332339791356262e-01
1.489997014034040168e-01
1.492671253365240869e-01
1.495355109379682412e-01
1.498048634043830651e-01
1.500751879699248059e-01
1.503464899065983795e-01
1.506187745246000687e-01
1.508920471726640511e-01
1.511663132384126196e-01
1.514415781487101764e-01
1.517178473700212804e-01
1.519951264087724685e-01
1.522734208117180466e-01
1.525527361663100157e-01
1.528330781010719674e-01
1.531144522859772816e-01
1.533968644328312370e-01
1.536803202956575354e-01
1.539648256710891838e-01
1.542503863987635115e-01
1.545370083617218782e-01
1.548246974868135450e-01
1.551134597451041264e-01
1.554033011522890084e-01
1.556942277691107657e-01
1.559862457017818227e-01
1.562793611024115292e-01
1.565735801694383422e-01
1.568689091480666431e-01
1.571653543307086620e-01
1.574629220574313704e-01
1.577616187164084804e-01
1.580614507443775796e-01
1.583624246271025104e-01
1.586645468998410247e-01
1.589678241478177656e-01
1.592722630067028300e-01
1.595778701630956031e-01
1.598846523550144227e-01
1.601926163723916552e-01
1.605017690575747669e-01
1.608121173058330577e-01
1.611236680658701959e-01
1.614364283403429412e-01
1.617504051863857262e-01
1.620656057161415919e-01
1.623820370972990645e-01
1.626997065536354703e-01
1.630186213655668015e-01
1.633387888707037716e-01
1.636602164644145874e-01
1.639829116003943543e-01
1.643068817912413659e-01
1.646321346090399151e-01
1.649586776859504333e-01
1.652865187148062354e-01
1.656156654497178971e-01
1.659461257066844053e-01
1.662779073642119132e-01
1.666110183639399056e-01
1.669454667112746649e-01
1.672812604760308408e-01
1.676184077930802652e-01
1.679569168630090925e-01
1.682967959527824631e-01
1.686380533964177142e-01
1.689806975956654189e-01
1.693247370206990288e-01
1.696701802108126489e-01
1.700170357751277783e-01
1.703653123933082936e-01
1.707150188162846471e-01
1.710661638669866425e-01
1.714187564410855347e-01
1.717728055077452631e-01
1.721283201103828708e-01
1.724853093674386662e-01
1.728437824731555161e-01
1.732037486983686314e-01
1.735652173913043439e-01
1.739281979783896814e-01
1.742926999650716013e-01
1.746587329366468266e-01
1.750263065591020628e-01
1.753954305799648727e-01
1.757661148291652098e-01
1.761383692199082196e-01
1.765122037495578389e-01
1.768876285005317461e-01
1.772646536412078311e-01
1.776432894268422935e-01
1.780235462004994551e-01
1.784054343939935616e-01
1.787889645288427143e-01
1.791741472172351801e-01
1.795609931630082756e-01
1.799495131626397404e-01
1.803397181062522669e-01
1.807316189786309368e-01
1.811252268602540905e-01
1.815205529283375752e-01
1.819176084578928432e-01
1.823164048227986778e-01
1.827169534968875741e-01
1.831192660550458595e-01
1.835233541743288010e-01
1.839292296350903133e-01
1.843369043221278203e-01
1.847463902258422719e-01
1.851576994434137591e-01
1.855708441799925612e-01
1.859858367499068188e-01
1.864026895778856940e-01
1.868214152002994899e-01
1.872420262664165336e-01
1.876645355396765746e-01
1.880889558989822796e-01
1.885153003400075467e-01
1.889435819765240554e-01
1.893738140417457472e-01
1.898060098896919012e-01
1.902401829965688074e-01
1.906763469621704510e-01
1.911145155112983496e-01
1.915547024952015398e-01
1.919969218930357713e-01
1.924411878133436282e-01
1.928875144955547183e-01
1.933359163115071777e-01
1.937864077669902985e-01
1.942390035033086659e-01
1.946937182988685289e-01
1.951505670707860685e-01
1.956095648765190098e-01
1.960707269155206045e-01
1.965340685309177049e-01
1.969996052112120144e-01
1.974673525920063177e-01
1.979373264577548586e-01
1.984095427435387804e-01
1.988840175368672969e-01
1.993607670795045916e-01
1.998398077693231689e-01
2.003211561621838777e-01
2.008048289738430803e-01
2.012908430818878547e-01
2.017792155276991461e-01
2.022699635184434241e-01
2.027631044290938434e-01
2.032586558044806591e-01
2.037566353613719794e-01
2.042570609905853818e-01
2.047599507591300882e-01
2.052653229123817535e-01
2.057731958762886448e-01
2.062835882596114057e-01
2.067965188561955991e-01
2.073120066472787792e-01
2.078300708038317290e-01
2.083507306889353095e-01
2.088740058601925575e-01
2.093999160721779496e-01
2.099284812789230237e-01
2.104597216364403056e-01
2.109936575052853980e-01
2.115303094531580941e-01
2.120696982575435707e-01
2.126118449083936879e-01
2.131567706108500881e-01
2.137044967880085689e-01
2.142550450837269194e-01
2.148084373654756685e-01
2.153646957272334905e-01
2.159238424924274924e-01
2.164859002169197411e-01
2.170508916920400044e-01
2.176188399476668422e-01
2.181897682553563811e-01
2.187637001315212715e-01
2.193406593406593275e-01
2.199206698986337361e-01
2.205037560760052806e-01
2.210899424014178272e-01
2.216792536650377676e-01
2.222717149220490018e-01
2.228673514962036806e-01
2.234661889834303750e-01
2.240682532555006712e-01
2.246735704637550513e-01
2.252821670428893641e-01
2.258940697148030530e-01
2.265093054925102212e-01
2.271279016841147025e-01
2.277498858968507733e-01
2.283752860411899510e-01
2.290041303350160706e-01
2.296364473078693069e-01
2.302722658052607230e-01
2.309116149930587336e-01
2.315545243619489824e-01
2.322010237319683534e-01
2.328511432571161721e-01
2.335049134300421492e-01
2.341623650868137063e-01
2.348235294117647087e-01
2.354884379424256602e-01
2.361571225745385527e-01
2.368296155671570646e-01
2.375059495478343830e-01
2.381861575178997603e-01
2.388702728578267487e-01
2.395583293326932484e-01
2.402503610977371196e-01
2.409464027040077172e-01
2.416464891041162077e-01
2.423506556580864169e-01
2.430589381393083448e-01
2.437713727405959874e-01
2.444879960803528207e-01
2.452088452088452275e-01
2.459339576145884720e-01
2.466633712308452797e-01
2.473971244422409343e-01
2.481352560914967531e-01
2.488778054862842426e-01
2.496248124062031004e-01
2.503763171098846163e-01
2.511323603422244699e-01
2.518929833417465902e-01
2.526582278481012689e-01
2.534281361097003304e-01
2.542027508914926348e-01
2.549821154828819658e-01
2.557662737057919133e-01
2.565552699228791922e-01
2.573491490458999498e-01
2.581479565442317825e-01
2.589517384535547917e-01
2.597605413846954536e-01
2.605744125326370786e-01
2.613933996856993014e-01
2.622175512348922655e-01
2.630469161834475544e-01
2.638815441565309228e-01
2.647214854111406002e-01
2.655667908461947779e-01
2.664175120128136620e-01
2.672737011247991457e-01
2.681354110693175974e-01
2.690026954177897611e-01
2.698756084369929864e-01
2.707542051003798411e-01
2.716385410996189353e-01
2.725286728563626193e-01
2.734246575342466068e-01
2.743265530511270200e-01
2.752344180915609617e-01
2.761483121195351664e-01
2.770682953914491709e-01
2.779944289693593307e-01
2.789267747344885140e-01
2.798653954010095202e-01
2.808103545301068871e-01
2.817617165443252469e-01
2.827195467422096153e-01
2.836839113132461621e-01
2.846548773531089593e-01
2.856325128792215340e-01
2.866168868466398845e-01
2.876080691642651233e-01
2.886061307113938490e-01
2.896111433546140757e-01
2.906231799650553227e-01
2.916423144360023589e-01
2.926686217008797608e-01
2.937021777516186094e-01
2.947430596574128758e-01
2.957913455838767081e-01
2.968471148126115566e-01
2.979104477611940194e-01
2.989814260035949522e-01
3.000601322910402824e-01
3.011466505733252919e-01
3.022410660205935851e-01
3.033434650455927306e-01
3.044539353264185677e-01
3.055725658297611669e-01
3.066994468346650460e-01
3.078346699568167977e-01
3.089783281733746167e-01
3.101305158483530500e-01
3.112913287585776789e-01
3.124608641202254455e-01
3.136392206159648310e-01
3.148264984227129304e-01
3.160227992400253538e-01
3.172282263191353868e-01
3.184428844926611712e-01
3.196668802049967839e-01
3.209003215434083622e-01
3.221433182698514863e-01
3.233959818535320774e-01
3.246584255042290201e-01
3.259307642064010468e-01
3.272131147540983664e-01
3.285055957867017984e-01
3.298083278255122264e-01
3.311214333112143526e-01
3.324450366422385117e-01
3.337792642140468558e-01
3.351242444593687253e-01
3.364801078894133490e-01
3.378469871360866850e-01
3.392250169952413796e-01
3.406143344709897658e-01
3.420150788211103188e-01
3.434273916035788243e-01
3.448514167242571204e-01
3.462873004857737746e-01
3.477351916376306695e-01
3.491952414275716898e-01
3.506676036542515917e-01
3.521524347212420802e-01
3.536498936924167280e-01
3.551601423487544262e-01
3.566833452466047216e-01
3.582196697774587268e-01
3.597692862292717897e-01
3.613323678493844948e-01
3.629090909090909034e-01
3.644996347699051009e-01
3.661041819515774010e-01
3.677229182019159937e-01
3.693560325684678292e-01
3.710037174721190212e-01
3.726661687826736680e-01
3.743435858964740959e-01
3.760361718161266409e-01
3.777441332323996925e-01
3.794676806083650544e-01
3.812070282658517884e-01
3.829623944742900354e-01
3.847340015420200321e-01
3.865220759101472003e-01
3.883268482490272455e-01
3.901485535574667485e-01
3.919874312647290138e-01
3.938437253354380996e-01
3.957176843774781738e-01
3.976095617529880055e-01
3.995196156925540643e-01
4.014481094127112515e-01
4.033953112368633964e-01
4.053614947197400342e-01
4.073469387755102034e-01
4.093519278096801051e-01
4.113767518549051871e-01
4.134217067108533206e-01
4.154870940882597341e-01
4.175732217573221439e-01
4.196804037005887333e-01
4.218089602704987451e-01
4.239592183517416624e-01
4.261315115286080091e-01
4.283261802575107913e-01
4.305435720448662629e-01
4.327840416305290261e-01
4.350479511769834162e-01
4.373356704645048887e-01
4.396475770925110105e-01
4.419840566873338705e-01
4.443455031166518299e-01
4.467323187108326321e-01
4.491449144914491654e-01
4.515837104072398245e-01
4.540491355777979132e-01
4.565416285452881806e-01
4.590616375344986344e-01
4.616096207215540925e-01
4.641860465116278700e-01
4.667913938260055962e-01
4.694261523988711438e-01
4.720908230842005837e-01
4.747859181731683420e-01
4.775119617224880542e-01
4.802694898941290425e-01
4.830590513068732106e-01
4.858812074001946923e-01
4.887365328109696261e-01
4.916256157635468527e-01
4.945490584737363693e-01
4.975074775672980731e-01
5.005015045135406959e-01
5.035317860746719720e-01
5.065989847715736127e-01
5.097037793667007488e-01
5.128468653648510234e-01
5.160289555325749955e-01
5.192507804370447566e-01
5.225130890052356314e-01
5.258166491043203550e-01
5.291622481442205261e-01
5.325506937033084309e-01
5.359828141783029576e-01
5.394594594594595005e-01
5.429815016322089294e-01
5.465498357064622059e-01
5.501653803748621785e-01
5.538290788013318089e-01
5.575418994413408047e-01
5.613048368953880152e-01
5.651189127972819914e-01
5.689851767388824921e-01
5.729047072330655244e-01
5.768786127167629951e-01
5.809080325960419566e-01
5.849941383352872393e-01
5.891381345926800517e-01
5.933412604042805905e-01
5.976047904191617022e-01
6.019300361881785300e-01
6.063183475091129537e-01
6.107711138310893961e-01
6.152897657213316496e-01
6.198757763975155655e-01
6.245306633291614062e-01
6.292559899117275979e-01
6.340533672172807833e-01
6.389244558258643236e-01
6.438709677419354183e-01
6.488946684005202359e-01
6.539973787680208872e-01
6.591809775429327001e-01
6.644474034620505565e-01
6.697986577181207490e-01
6.752368064952638527e-01
6.807639836289222091e-01
6.863823933975240488e-01
6.920943134535367802e-01
6.979020979020978954e-01
7.038081805359661658e-01
7.098150782361308808e-01
7.159253945480631431e-01
7.221418234442836814e-01
7.284671532846715980e-01
7.349042709867452672e-01
7.414561664190192358e-01
7.481259370314843338e-01
7.549167927382752774e-01
7.618320610687023819e-01
7.688751926040061635e-01
7.760497667185070059e-01
7.833594976452118441e-01
7.908082408874801406e-01
7.983999999999999986e-01
8.061389337641357011e-01
8.140293637846656161e-01
8.220757825370675898e-01
8.302828618968386420e-01
8.386554621848739677e-01
8.471986417657045854e-01
8.559176672384219975e-01
8.648180242634315729e-01
8.739054290718039075e-01
8.831858407079646867e-01
8.926654740608229721e-01
9.023508137432189047e-01
9.122486288848262737e-01
9.223659889094268927e-01
9.327102803738317460e-01
9.432892249527409234e-01
9.541108986615678411e-01
9.651837524177949712e-01
9.765166340508806275e-01
9.881188118811881083e-01
1.000000000000000000e+00
