# d_a
# unit = Mpc
8.578056108577198984e+02
8.589804777516633294e+02
8.601585686640499944e+02
8.613398964090100662e+02
8.625244738633557517e+02
8.637123139669007514e+02
8.649034297227786965e+02
8.660978341977571517e+02
8.672955405225688992e+02
8.684965618922243493e+02
8.697009115663393004e+02
8.709086028694559900e+02
8.721196491913682394e+02
8.733340639874459157e+02
8.745518607789610996e+02
8.757730531534137981e+02
8.769976547648584528e+02
8.782256793342342007e+02
8.794571406496896770e+02
8.806920525669164590e+02
8.819304290094739827e+02
8.831722839691225317e+02
8.844176315061536116e+02
8.856664857497213461e+02
8.869188608981730795e+02
8.881747712193822508e+02
8.894342310510797915e+02
8.906972548011892741e+02
8.919638569481580817e+02
8.932340520412908518e+02
8.945078547010841703e+02
8.957852796195592191e+02
8.970663415605971522e+02
8.983510553602728805e+02
8.996394359271877192e+02
9.009314982428054464e+02
9.022272573617862008e+02
9.035267284123189029e+02
9.048299265964573124e+02
9.061368671904531311e+02
9.074475655450883096e+02
9.087620370860096273e+02
9.100802973140614540e+02
9.114023618056188525e+02
9.127282462129156784e+02
9.140579662643827987e+02
9.153915377649715310e+02
9.167289765964899289e+02
9.180702987179291767e+02
9.194155201657908947e+02
9.207646570544188762e+02
9.221177255763226412e+02
9.234747420025062183e+02
9.248357226827860131e+02
9.262006840461248203e+02
9.275696426009452580e+02
9.289426149354533209e+02
9.303196177179586357e+02
9.317006676971936940e+02
9.330857817026236489e+02
9.344749766447697539e+02
9.358682695155141573e+02
9.372656773884174299e+02
9.386672174190199485e+02
9.400729068451546482e+02
9.414827629872488615e+02
9.428968032486254742e+02
9.443150451158051055e+02
9.457375061587990785e+02
9.471642040314078486e+02
9.485951564715081759e+02
9.500303813013462104e+02
9.514698964278181847e+02
9.529137198427555404e+02
9.543618696232010734e+02
9.558143639316856479e+02
9.572712210165019542e+02
9.587324592119670115e+02
9.601980969386895595e+02
9.616681527038284685e+02
9.631426451013480801e+02
9.646215928122692276e+02
9.661050146049143450e+02
9.675929293351503020e+02
9.690853559466243041e+02
9.705823134709945634e+02
9.720838210281547163e+02
9.735898978264586958e+02
9.751005631629290065e+02
9.766158364234705687e+02
9.781357370830688751e+02
9.796602847059890564e+02
9.811894989459618728e+02
9.827233995463701604e+02
9.842620063404183384e+02
9.858053392513078279e+02
9.873534182923885965e+02
9.889062635673210480e+02
9.904638952702098322e+02
9.920263336857503873e+02
9.935935991893476285e+02
9.951657122472392984e+02
9.967426934166040837e+02
9.983245633456594987e+02
9.999113427737515849e+02
1.001503052531438925e+03
1.003099713540554376e+03
1.004701346814269641e+03
1.006307973457139497e+03
1.007919614665136919e+03
1.009536291725678325e+03
1.011158026017633915e+03
1.012784839011327449e+03
1.014416752268520213e+03
1.016053787442386010e+03
1.017695966277468870e+03
1.019343310609625632e+03
1.020995842365958083e+03
1.022653583564726773e+03
1.024316556315249727e+03
1.025984782817784435e+03
1.027658285363398591e+03
1.029337086333814568e+03
1.031021208201244008e+03
1.032710673528201141e+03
1.034405504967299748e+03
1.036105725261026919e+03
1.037811357241502492e+03
1.039522423830213711e+03
1.041238948037731234e+03
1.042960952963404907e+03
1.044688461795033163e+03
1.046421497808514459e+03
1.048160084367474610e+03
1.049904244922865928e+03
1.051654003012547264e+03
1.053409382260834946e+03
1.055170406378028929e+03
1.056937099159911668e+03
1.058709484487220152e+03
1.060487586325088841e+03
1.062271428722461906e+03
1.064061035811479542e+03
1.065856431806829050e+03
1.067657641005065443e+03
1.069464687783902036e+03
1.071277596601459436e+03
1.073096391995494287e+03
1.074921098582577770e+03
1.076751741057244317e+03
1.078588344191102351e+03
1.080430932831907967e+03
1.082279531902594272e+03
1.084134166400266849e+03
1.085994861395148519e+03
1.087861642029488621e+03
1.089734533516423198e+03
1.091613561138795149e+03
1.093498750247917314e+03
1.095390126262302601e+03
1.097287714666328611e+03
1.099191541008861805e+03
1.101101630901828912e+03
1.103018010018729683e+03
1.104940704093094382e+03
1.106869738916893766e+03
1.108805140338881756e+03
1.110746934262876948e+03
1.112695146645992736e+03
1.114649803496793083e+03
1.116610930873389634e+03
1.118578554881473565e+03
1.120552701672269450e+03
1.122533397440430917e+03
1.124520668421855135e+03
1.126514540891425440e+03
1.128515041160678265e+03
1.130522195575389105e+03
1.132536030513081869e+03
1.134556572380449779e+03
1.136583847610695557e+03
1.138617882660779742e+03
1.140658704008584436e+03
1.142706338149976318e+03
1.144760811595783025e+03
1.146822150868666085e+03
1.148890382499897896e+03
1.150965533026022285e+03
1.153047628985434358e+03
1.155136696914824824e+03
1.157232763345527019e+03
1.159335854799742037e+03
1.161445997786653834e+03
1.163563218798408343e+03
1.165687544305986648e+03
1.167819000754926492e+03
1.169957614560934871e+03
1.172103412105346479e+03
1.174256419730455264e+03
1.176416663734690701e+03
1.178584170367655815e+03
1.180758965825011728e+03
1.182941076243203042e+03
1.185130527694023613e+03
1.187327346179018832e+03
1.189531557623721255e+03
1.191743187871706596e+03
1.193962262678473508e+03
1.196188807705137606e+03
1.198422848511939719e+03
1.200664410551556557e+03
1.202913519162210150e+03
1.205170199560578794e+03
1.207434476834486077e+03
1.209706375935379128e+03
1.211985921670585185e+03
1.214273138695326224e+03
1.216568051504517598e+03
1.218870684424301089e+03
1.221181061603343323e+03
1.223499207003872471e+03
1.225825144392446646e+03
1.228158897330456739e+03
1.230500489164345254e+03
1.232849943015536155e+03
1.235207281770073223e+03
1.237572528067950543e+03
1.239945704292128994e+03
1.242326832557235321e+03
1.244715934697920602e+03
1.247113032256887664e+03
1.249518146472560829e+03
1.251931298266396425e+03
1.254352508229824707e+03
1.256781796610797983e+03
1.259219183299965380e+03
1.261664687816420837e+03
1.264118329293051147e+03
1.266580126461442887e+03
1.269050097636358259e+03
1.271528260699748898e+03
1.274014633084304478e+03
1.276509231756520876e+03
1.279012073199274028e+03
1.281523174257901246e+03
1.284042548643448299e+03
1.286570212164857139e+03
1.289106179185794417e+03
1.291650463491202117e+03
1.294203078266572902e+03
1.296764036076620641e+03
1.299333348843316571e+03
1.301911027823288578e+03
1.304497083584551774e+03
1.307091525982560142e+03
1.309694364135545129e+03
1.312305606399137105e+03
1.314925260340234900e+03
1.317553332710103405e+03
1.320189829416682414e+03
1.322834755496075331e+03
1.325488115083191360e+03
1.328149911381526863e+03
1.330820146632046544e+03
1.333498822081143771e+03
1.336185937947652292e+03
1.338881493388874787e+03
1.341585486465605072e+03
1.344297914106108919e+03
1.347018772069026227e+03
1.349748054905177696e+03
1.352485755918219411e+03
1.355231867124128485e+03
1.357986379209472716e+03
1.360749281488430597e+03
1.363520561858520296e+03
1.366300206754999181e+03
1.369088201103890469e+03
1.371884528273591741e+03
1.374689170025030535e+03
1.377502106460302684e+03
1.380323315969764280e+03
1.383152775177515650e+03
1.385990458885233238e+03
1.388836340014287998e+03
1.391690389546106189e+03
1.394552576460708678e+03
1.397422867673369865e+03
1.400301227969340516e+03
1.403187619936569263e+03
1.406082003896353854e+03
1.408984337831863286e+03
1.411894577314451908e+03
1.414812675427700697e+03
1.417738582689108853e+03
1.420672246969356365e+03
1.423613613409058871e+03
1.426562624332936366e+03
1.429519219161300725e+03
1.432483334318780862e+03
1.435454903140192073e+03
1.438433855773451796e+03
1.441420119079444703e+03
1.444413616528736611e+03
1.447414268095022408e+03
1.450421990145213840e+03
1.453436695326038034e+03
1.456458292447034637e+03
1.459486686359829719e+03
1.462521777833563419e+03
1.465563463426325825e+03
1.468611635352479198e+03
1.471666181345721725e+03
1.474726984517737947e+03
1.477793923212291475e+03
1.480866870854599938e+03
1.483945695795825941e+03
1.487030261152516914e+03
1.490120424640815145e+03
1.493216038405250629e+03
1.496316948841941212e+03
1.499422996415978787e+03
1.502534015472819419e+03
1.505649834043448891e+03
1.508770273643105156e+03
1.511895149063341933e+03
1.515024268157166716e+03
1.518157431617034035e+03
1.521294432745416543e+03
1.524435057217694748e+03
1.527579082837086389e+03
1.530726279281323514e+03
1.533876407840777347e+03
1.537029221147719909e+03
1.540184462896394734e+03
1.543341867553564725e+03
1.546501160059170161e+03
1.549662055516755345e+03
1.552824258873258486e+03
1.555987464587787372e+03
1.559151356288959278e+03
1.562315606420378117e+03
1.565479875873810442e+03
1.568643813609578956e+03
1.571807056263713093e+03
1.574969227741328723e+03
1.578129938795739463e+03
1.581288786592728911e+03
1.584445354259429905e+03
1.587599210417218046e+03
1.590749908698001946e+03
1.593896987243257854e+03
1.597039968185153157e+03
1.600178357109054787e+03
1.603311642496694503e+03
1.606439295149230020e+03
1.609560767589416173e+03
1.612675493442063271e+03
1.615782886791911551e+03
1.618882341518039993e+03
1.621973230603857246e+03
1.625054905421718331e+03
1.628126694991123941e+03
1.631187905209465043e+03
1.634237818054181844e+03
1.637275690755190226e+03
1.640300754936361727e+03
1.643312215724803309e+03
1.646309250826596553e+03
1.649291009567647961e+03
1.652256611898184246e+03
1.655205147359409239e+03
1.658135674010738512e+03
1.661047217315980333e+03
1.663938768986735568e+03
1.666809285781231438e+03
1.669657688256714891e+03
1.672482859473434928e+03
1.675283643648174348e+03
1.678058844755176096e+03
1.680807225072225719e+03
1.683527503669546832e+03
1.686218354839036692e+03
1.688878406461291661e+03
1.691506238307710873e+03
1.694100380274878034e+03
1.696659311402636376e+03
1.699181454495070511e+03
1.701665179416607998e+03
1.704108797447452389e+03
1.706510560040677547e+03
1.708868656583155143e+03
1.711181212064921056e+03
1.713446284652888380e+03
1.715661863164637225e+03
1.717825864437764039e+03
1.719936130590120229e+03
1.721990426165954204e+03
1.723986435162817997e+03
1.725921757933773506e+03
1.727793907959205399e+03
1.729600308482263245e+03
1.731338289001629164e+03
1.733005081615035351e+03
1.734597817206600212e+03
1.736113521470698743e+03
1.737549110764749457e+03
1.738901387782864504e+03
1.740167037041969252e+03
1.741342620171481485e+03
1.742424570997281080e+03
1.743409190410146721e+03
1.744292641008378951e+03
1.745070941503767472e+03
1.745739960879519913e+03
1.746295412288156967e+03
1.746732846676763529e+03
1.747047646126312429e+03
1.747235016891075929e+03
1.747289982123409118e+03
1.747207374268373087e+03
1.746981827111873372e+03
1.746607767465066217e+03
1.746079406466884848e+03
1.745390730485514950e+03
1.744535491598610633e+03
1.743507197630950031e+03
1.742299101726970775e+03
1.740904191434452059e+03
1.739315177274203734e+03
1.737524480769218599e+03
1.735524221905223840e+03
1.733306205992939113e+03
1.730861909900609817e+03
1.728182467623555567e+03
1.725258655155475481e+03
1.722080874624145508e+03
1.718639137651879537e+03
1.714923047898679897e+03
1.710921782743419953e+03
1.706624074055552910e+03
1.702018188006870560e+03
1.697091903869530370e+03
1.691832491743090713e+03
1.686226689149470076e+03
1.680260676430651984e+03
1.673920050879474275e+03
1.667189799529021911e+03
1.660054270520859518e+03
1.652497142966607043e+03
1.644501395211093040e+03
1.636049271398483370e+03
1.627122246235277316e+03
1.617700987835857177e+03
1.607765318527214049e+03
1.597294173479578831e+03
1.586265557018665277e+03
1.574656496463197300e+03
1.562442993317946730e+03
1.549599971637706631e+03
1.536101223361169787e+03
1.521919350395362471e+03
1.507025703210957545e+03
1.491390315686064469e+03
1.474981835910778727e+03
1.457767452636441476e+03
1.439712817021863884e+03
1.420781959293256477e+03
1.400937199894718788e+03
1.380139054661395448e+03
1.358346133497033406e+03
1.335515031980962931e+03
1.311600215265676297e+03
1.286553893554033948e+03
1.260325888363772037e+03
1.232863488694964190e+03
1.204111296111957927e+03
1.174011057633449809e+03
1.142501485190681024e+03
1.109518060262097379e+03
1.074992822120565052e+03
1.038854137933396942e+03
1.001026452732505959e+03
9.614300170179869838e+02
9.199805894686368219e+02
8.765891119017852589e+02
8.311613532461444720e+02
7.835975188574429922e+02
7.337918210087457282e+02
6.816320058151160310e+02
6.269988311932822853e+02
5.697654896966676006e+02
5.097969691870496831e+02
4.469493432854106914e+02
3.810689823612205487e+02
3.119916744413470724e+02
2.395416438106647945e+02
1.635304531921299258e+02
8.375577318095294288e+01
0.000000000000000000e+00
