# d_l
# unit = Mpc
5.610617832283421012e+04
5.597541917312842270e+04
5.584469019076229597e+04
5.571399145648941339e+04
5.558332305143207486e+04
5.545268505708358134e+04
5.532207755531086877e+04
5.519150062835677090e+04
5.506095435884266044e+04
5.493043882977089379e+04
5.479995412452724122e+04
5.466950032688358624e+04
5.453907752100045764e+04
5.440868579142955423e+04
5.427832522311641515e+04
5.414799590140298824e+04
5.401769791203049681e+04
5.388743134114181157e+04
5.375719627528439014e+04
5.362699280141291092e+04
5.349682100689213985e+04
5.336668097949957883e+04
5.323657280742831063e+04
5.310649657928985835e+04
5.297645238411707396e+04
5.284644031136689591e+04
5.271646045092347049e+04
5.258651289310079301e+04
5.245659772864591650e+04
5.232671504874195671e+04
5.219686494501080597e+04
5.206704750951653841e+04
5.193726283476825483e+04
5.180751101372327685e+04
5.167779213979023916e+04
5.154810630683223280e+04
5.141845360917002836e+04
5.128883414158535743e+04
5.115924799932388851e+04
5.102969527809890860e+04
5.090017607409423363e+04
5.077069048396783910e+04
5.064123860485507612e+04
5.051182053437206196e+04
5.038243637061925983e+04
5.025308621218470216e+04
5.012377015814772312e+04
4.999448830808237835e+04
4.986524076206101017e+04
4.973602762065777642e+04
4.960684898495249945e+04
4.947770495653407124e+04
4.934859563750438974e+04
4.921952113048178580e+04
4.909048153860523598e+04
4.896147696553773130e+04
4.883250751547039545e+04
4.870357329312628281e+04
4.857467440376430022e+04
4.844581095318319421e+04
4.831698304772543634e+04
4.818819079428145051e+04
4.805943430029352021e+04
4.793071367376002308e+04
4.780202902323946910e+04
4.767338045785478607e+04
4.754476808729758341e+04
4.741619202183230664e+04
4.728765237230071943e+04
4.715914925012613821e+04
4.703068276731789229e+04
4.690225303647582041e+04
4.677386017079470184e+04
4.664550428406878927e+04
4.651718549069656729e+04
4.638890393646190932e+04
4.626065967483454006e+04
4.613245285343718569e+04
4.600428358913132979e+04
4.587615199940633465e+04
4.574805820238407614e+04
4.562000231682409503e+04
4.549198446212845738e+04
4.536400475834680401e+04
4.523606332618142915e+04
4.510816028699246817e+04
4.498029576280299807e+04
4.485246987630437070e+04
4.472468275086142967e+04
4.459693451051787270e+04
4.446922528000175225e+04
4.434155518473080883e+04
4.421392435081813164e+04
4.408633290507757192e+04
4.395878097502960736e+04
4.383126868890676997e+04
4.370379617565966328e+04
4.357636356496265216e+04
4.344897098721971270e+04
4.332161857357054396e+04
4.319430645589638880e+04
4.306703476682624023e+04
4.293980363974294596e+04
4.281261320878940023e+04
4.268546360887488845e+04
4.255835497568130813e+04
4.243128744566973910e+04
4.230426115608679538e+04
4.217727624497129727e+04
4.205033285116079787e+04
4.192343111429833516e+04
4.179657117483929323e+04
4.166975317405801616e+04
4.154297725405502570e+04
4.141624355776384618e+04
4.128955222895810584e+04
4.116290341225884185e+04
4.103629725314147072e+04
4.090973389794343530e+04
4.078321349387140071e+04
4.065673618900880683e+04
4.053030213232345704e+04
4.040391147367519443e+04
4.027756436382362881e+04
4.015126095443600207e+04
4.002500139809511893e+04
3.989878584830734326e+04
3.977261445951078349e+04
3.964648738708339079e+04
3.952040478735139186e+04
3.939436681759767816e+04
3.926837363607015868e+04
3.914242540199055657e+04
3.901652227556300932e+04
3.889066441798288724e+04
3.876485199144575745e+04
3.863908515915630414e+04
3.851336408533751091e+04
3.838768893523995939e+04
3.826205987515101879e+04
3.813647707240440650e+04
3.801094069538977783e+04
3.788545091356233024e+04
3.776000789745264774e+04
3.763461181867666892e+04
3.750926284994558227e+04
3.738396116507616534e+04
3.725870693900098559e+04
3.713350034777879773e+04
3.700834156860513031e+04
3.688323077982295945e+04
3.675816816093344096e+04
3.663315389260699158e+04
3.650818815669421019e+04
3.638327113623718469e+04
3.625840301548083517e+04
3.613358397988440265e+04
3.600881421613304701e+04
3.588409391214971401e+04
3.575942325710705336e+04
3.563480244143946038e+04
3.551023165685532149e+04
3.538571109634955064e+04
3.526124095421590755e+04
3.513682142606000707e+04
3.501245270881192118e+04
3.488813500073941395e+04
3.476386850146114011e+04
3.463965341195997462e+04
3.451548993459661142e+04
3.439137827312332956e+04
3.426731863269791938e+04
3.414331121989771782e+04
3.401935624273401481e+04
3.389545391066647426e+04
3.377160443461779505e+04
3.364780802698867774e+04
3.352406490167272568e+04
3.340037527407189191e+04
3.327673936111188232e+04
3.315315738125784264e+04
3.302962955453023460e+04
3.290615610252104671e+04
3.278273724841000512e+04
3.265937321698122105e+04
3.253606423463993997e+04
3.241281052942954193e+04
3.228961233104883650e+04
3.216646987086952504e+04
3.204338338195388496e+04
3.192035309907285045e+04
3.179737925872418054e+04
3.167446209915085274e+04
3.155160186036005689e+04
3.142879878414189079e+04
3.130605311408885973e+04
3.118336509561530329e+04
3.106073497597727692e+04
3.093816300429266630e+04
3.081564943156153458e+04
3.069319451068684430e+04
3.057079849649543030e+04
3.044846164575931471e+04
3.032618421721721097e+04
3.020396647159654822e+04
3.008180867163566654e+04
2.995971108210628154e+04
2.983767396983653816e+04
2.971569760373404642e+04
2.959378225480955734e+04
2.947192819620090086e+04
2.935013570319709834e+04
2.922840505326316998e+04
2.910673652606500036e+04
2.898513040349478251e+04
2.886358696969674565e+04
2.874210651109329046e+04
2.862068931641152085e+04
2.849933567671017954e+04
2.837804588540703116e+04
2.825682023830659091e+04
2.813565903362831887e+04
2.801456257203525092e+04
2.789353115666308440e+04
2.777256509314966752e+04
2.765166468966496541e+04
2.753083025694153912e+04
2.741006210830542477e+04
2.728936055970758025e+04
2.716872592975569569e+04
2.704815853974668062e+04
2.692765871369952583e+04
2.680722677838875461e+04
2.668686306337836504e+04
2.656656790105637629e+04
2.644634162666980410e+04
2.632618457836045127e+04
2.620609709720091632e+04
2.608607952723146809e+04
2.596613221549744412e+04
2.584625551208724937e+04
2.572644977017089695e+04
2.560671534603929467e+04
2.548705259914419366e+04
2.536746189213858452e+04
2.524794359091812294e+04
2.512849806466285008e+04
2.500912568587990609e+04
2.488982683044679652e+04
2.477060187765545925e+04
2.465145121025704429e+04
2.453237521450742133e+04
2.441337428021356027e+04
2.429444880078052665e+04
2.417559917325948845e+04
2.405682579839638129e+04
2.393812908068144679e+04
2.381950942839966956e+04
2.370096725368205443e+04
2.358250297255779515e+04
2.346411700500735606e+04
2.334580977501642701e+04
2.322758171063090049e+04
2.310943324401281643e+04
2.299136481149718020e+04
2.287337685364992285e+04
2.275546981532678183e+04
2.263764414573331305e+04
2.251990029848590348e+04
2.240223873167389684e+04
2.228465990792287630e+04
2.216716429445905305e+04
2.204975236317474992e+04
2.193242459069525648e+04
2.181518145844666287e+04
2.169802345272514503e+04
2.158095106476735236e+04
2.146396479082225778e+04
2.134706513222408103e+04
2.123025259546689631e+04
2.111352769228026591e+04
2.099689093970657632e+04
2.088034286017962950e+04
2.076388398160480210e+04
2.064751483744060170e+04
2.053123596678195827e+04
2.041504791444486546e+04
2.029895123105273888e+04
2.018294647312441884e+04
2.006703420316382835e+04
1.995121498975132636e+04
1.983548940763689825e+04
1.971985803783498341e+04
1.960432146772132182e+04
1.948888029113151060e+04
1.937353510846158679e+04
1.925828652677052742e+04
1.914313515988473955e+04
1.902808162850459485e+04
1.891312656031313600e+04
1.879827059008679134e+04
1.868351435980843235e+04
1.856885851878252652e+04
1.845430372375267325e+04
1.833985063902149341e+04
1.822549993657286177e+04
1.811125229619658785e+04
1.799710840561569785e+04
1.788306896061617954e+04
1.776913466517941197e+04
1.765530624073861327e+04
1.754158438943531291e+04
1.742796985019102067e+04
1.731446336114707810e+04
1.720106566934391594e+04
1.708777753087055680e+04
1.697459971101722113e+04
1.686153298443109452e+04
1.674857813527528560e+04
1.663573595739118537e+04
1.652300725446409706e+04
1.641039284019244224e+04
1.629789353846042832e+04
1.618551018351440507e+04
1.607324362014291910e+04
1.596109470386055546e+04
1.584906430109573557e+04
1.573715328938242237e+04
1.562536255755596540e+04
1.551369300595312598e+04
1.540214554661632610e+04
1.529072110350238108e+04
1.517942061269563783e+04
1.506824502262567148e+04
1.495719529428984060e+04
1.484627240148046076e+04
1.473547733101706399e+04
1.462481108298362597e+04
1.451427467097099361e+04
1.440386912232456962e+04
1.429359547839744664e+04
1.418345479480910035e+04
1.407344814170971586e+04
1.396357660405035858e+04
1.385384128185909867e+04
1.374424329052322173e+04
1.363478376107771692e+04
1.352546384050008601e+04
1.341628469201176449e+04
1.330724749538618926e+04
1.319835344726376206e+04
1.308960376147380157e+04
1.298099966936372221e+04
1.287254242013550538e+04
1.276423328118977770e+04
1.265607353847753075e+04
1.254806449685977896e+04
1.244020748047525194e+04
1.233250383311637597e+04
1.222495491861372284e+04
1.211756212122908619e+04
1.201032684605739632e+04
1.190325051943780636e+04
1.179633458937384057e+04
1.168958052596328707e+04
1.158298982183754924e+04
1.147656399261108709e+04
1.137030457734093761e+04
1.126421313899660163e+04
1.115829126494058437e+04
1.105254056741976274e+04
1.094696268406782110e+04
1.084155927841909215e+04
1.073633204043388105e+04
1.063128268703573485e+04
1.052641296266074460e+04
1.042172463981922192e+04
1.031721951966996858e+04
1.021289943260749169e+04
1.010876623886231937e+04
1.000482182911479867e+04
9.901068125122521451e+03
9.797507080361841872e+03
9.694140680683563914e+03
9.590970944983244408e+03
9.487999925886297206e+03
9.385229710448211335e+03
9.282662420870203277e+03
9.180300215230554386e+03
9.078145288231911763e+03
8.976199871964890917e+03
8.874466236688191202e+03
8.772946691625627864e+03
8.671643585780218928e+03
8.570559308765707101e+03
8.469696291655774985e+03
8.369057007851231901e+03
8.268643973965403347e+03
8.168459750728030485e+03
8.068506943907924324e+03
7.968788205254617424e+03
7.869306233459266878e+03
7.770063775135042306e+03
7.671063625817154389e+03
7.572308630982883187e+03
7.473801687091626263e+03
7.375545742645277642e+03
7.277543799269022202e+03
7.179798912812741946e+03
7.082314194473137832e+03
6.985092811936670842e+03
6.888137990543393244e+03
6.791453014471752795e+03
6.695041227944401726e+03
6.598906036454931382e+03
6.503050908015606183e+03
6.407479374425934111e+03
6.312195032562052802e+03
6.217201545686646568e+03
6.122502644779393449e+03
6.028102129887489355e+03
5.934003871496149259e+03
5.840211811918592502e+03
5.746729966705211154e+03
5.653562426071423033e+03
5.560713356343652777e+03
5.468187001422905269e+03
5.375987684265234748e+03
5.284119808378335620e+03
5.192587859333502820e+03
5.101396406291946732e+03
5.010550103544554986e+03
4.920053692063971539e+03
4.829912001067718847e+03
4.740129949591197146e+03
4.650712548068992874e+03
4.561664899923098346e+03
4.472992203156245523e+03
4.384699751948713129e+03
4.296792938256563502e+03
4.209277253409337391e+03
4.122158289704948402e+03
4.035441741999469741e+03
3.949133409289280735e+03
3.863239196282887860e+03
3.777765114959644052e+03
3.692717286112289912e+03
3.608101940870192266e+03
3.523925422199853074e+03
3.440194186379239454e+03
3.356914804442053992e+03
3.274093963588182760e+03
3.191738468556007319e+03
3.109855242952438857e+03
3.028451330535987381e+03
2.947533896448258929e+03
2.867110228388836731e+03
2.787187737728534557e+03
2.707773960555554822e+03
2.628876558649132676e+03
2.550503320374845316e+03
2.472662161495724376e+03
2.395361125893031840e+03
2.318608386190431702e+03
2.242412244275091780e+03
2.166781131709109559e+03
2.091723610024509071e+03
2.017248370894904838e+03
1.943364236176831582e+03
1.870080157813635651e+03
1.797405217594729947e+03
1.725348626762968252e+03
1.653919725462884116e+03
1.583127982022442666e+03
1.512982992061129835e+03
1.443494477417056032e+03
1.374672284886034049e+03
1.306526384765543298e+03
1.239066869196757580e+03
1.172303950297958181e+03
1.106247958082888317e+03
1.040909338157912316e+03
9.762986491921408287e+02
9.124265601550600877e+02
8.493038473166240010e+02
7.869413910052408028e+02
7.253501721195867731e+02
6.645412683907637756e+02
6.045258503919304758e+02
5.453151772932043286e+02
4.869205923603568635e+02
4.293535181965955871e+02
3.726254517275360172e+02
3.167479589303521266e+02
2.617326693089790410e+02
2.075912701182108719e+02
1.543355003405291939e+02
1.019771444205047288e+02
5.052802576269140644e+01
0.000000000000000000e+00
