# d_m
# unit = Mpc
8.015168331833458979e+03
8.010247825463458867e+03
8.005314681180806474e+03
8.000368845118911850e+03
7.995410263091555862e+03
7.990438880590443659e+03
7.985454642782795418e+03
7.980457494508847049e+03
7.975447380279387289e+03
7.970424244273241129e+03
7.965388030334719588e+03
7.960338681971085862e+03
7.955276142349965085e+03
7.950200354296734076e+03
7.945111260291901090e+03
7.940008802468437352e+03
7.934892922609131347e+03
7.929763562143841227e+03
7.924620662146797258e+03
7.919464163333839679e+03
7.914294006059643834e+03
7.909110130314906201e+03
7.903912475723512216e+03
7.898700981539684108e+03
7.893475586645094154e+03
7.888236229545941569e+03
7.882982848370036663e+03
7.877715380863793143e+03
7.872433764389267708e+03
7.867137935921131429e+03
7.861827832043582930e+03
7.856503388947308849e+03
7.851164542426343360e+03
7.845811227874936776e+03
7.840443380284381419e+03
7.835060934239806556e+03
7.829663823916950605e+03
7.824251983078903322e+03
7.818825345072777964e+03
7.813383842826436194e+03
7.807927408845073842e+03
7.802455975207869415e+03
7.796969473564542568e+03
7.791467835131888023e+03
7.785950990690309482e+03
7.780418870580256225e+03
7.774871404698698825e+03
7.769308522495517536e+03
7.763730152969872506e+03
7.758136224666531234e+03
7.752526665672188756e+03
7.746901403611704154e+03
7.741260365644353442e+03
7.735603478459972393e+03
7.729930668275169410e+03
7.724241860829379220e+03
7.718536981380971156e+03
7.712815954703274656e+03
7.707078705080568398e+03
7.701325156304050324e+03
7.695555231667727639e+03
7.689768853964324080e+03
7.683965945481085328e+03
7.678146427995586237e+03
7.672310222771468034e+03
7.666457250554152779e+03
7.660587431566514169e+03
7.654700685504471949e+03
7.648796931532596318e+03
7.642876088279617761e+03
7.636938073833917770e+03
7.630982805738974093e+03
7.625010200988747783e+03
7.619020176023020213e+03
7.613012646722725549e+03
7.606987533452018397e+03
7.600944740777884363e+03
7.594884188012258164e+03
7.588805788752573790e+03
7.582709456013170893e+03
7.576595102220263470e+03
7.570462639206924905e+03
7.564311978207963875e+03
7.558143029854776614e+03
7.551955704170134595e+03
7.545749910562937657e+03
7.539525557822873452e+03
7.533282554115073253e+03
7.527020806974655898e+03
7.520740223301257174e+03
7.514440709353495549e+03
7.508122170743357856e+03
7.501784512430550421e+03
7.495427638716766523e+03
7.489051453239936563e+03
7.482655858968348184e+03
7.476240758194780028e+03
7.469806052530526358e+03
7.463351642899358922e+03
7.456877429531458802e+03
7.450383311957241858e+03
7.443869189001141422e+03
7.437334958775331870e+03
7.430780518673360348e+03
7.424205765363740284e+03
7.417610594783434863e+03
7.410994902131325944e+03
7.404358581861561106e+03
7.397701527676864316e+03
7.391023632521746549e+03
7.384324788575669118e+03
7.377604887246128783e+03
7.370863819161627362e+03
7.364101474164638603e+03
7.357317741304435003e+03
7.350512508829858234e+03
7.343685664182037726e+03
7.336837093986956461e+03
7.329966684048034040e+03
7.323074319338549685e+03
7.316159883994011579e+03
7.309223261304447078e+03
7.302264333706600155e+03
7.295282982776040626e+03
7.288279089219193338e+03
7.281252532865280955e+03
7.274203192658153057e+03
7.267130946648070676e+03
7.260035671983343491e+03
7.252917244901928825e+03
7.245775540722905134e+03
7.238610433837830897e+03
7.231421797702068943e+03
7.224209504825953445e+03
7.216973426765883232e+03
7.209713434115330529e+03
7.202429396495702349e+03
7.195121182547142780e+03
7.187788659919227030e+03
7.180431695261511777e+03
7.173050154214021859e+03
7.165643901397618720e+03
7.158212800404242444e+03
7.150756713787048284e+03
7.143275503050459520e+03
7.135769028640047509e+03
7.128237149932368993e+03
7.120679725224623326e+03
7.113096611724230570e+03
7.105487665538268629e+03
7.097852741662806693e+03
7.090191693972086796e+03
7.082504375207628073e+03
7.074790636967150022e+03
7.067050329693403910e+03
7.059283302662870483e+03
7.051489403974313063e+03
7.043668480537197865e+03
7.035820378060002440e+03
7.027944941038370416e+03
7.020042012743107989e+03
7.012111435208074909e+03
7.004153049217939952e+03
6.996166694295720845e+03
6.988152208690293264e+03
6.980109429363622439e+03
6.972038191977960196e+03
6.963938330882822811e+03
6.955809679101821530e+03
6.947652068319366663e+03
6.939465328867182507e+03
6.931249289710684934e+03
6.923003778435172535e+03
6.914728621231883153e+03
6.906423642883859429e+03
6.898088666751650635e+03
6.889723514758863530e+03
6.881328007377494941e+03
6.872901963613144289e+03
6.864445200990006924e+03
6.855957535535707393e+03
6.847438781765928070e+03
6.838888752668889538e+03
6.830307259689601779e+03
6.821694112713951654e+03
6.813049120052593935e+03
6.804372088424628600e+03
6.795662822941108971e+03
6.786921127088326102e+03
6.778146802710888551e+03
6.769339649994624779e+03
6.760499467449240001e+03
6.751626051890763847e+03
6.742719198423841590e+03
6.733778700423702503e+03
6.724804349518011804e+03
6.715795935568422465e+03
6.706753246651951486e+03
6.697676069042100607e+03
6.688564187189736913e+03
6.679417383703766973e+03
6.670235439331535417e+03
6.661018132939017050e+03
6.651765241490719745e+03
6.642476540029386342e+03
6.633151801655411873e+03
6.623790797505997034e+03
6.614393296734087926e+03
6.604959066486988377e+03
6.595487871884756714e+03
6.585979475998320595e+03
6.576433639827279876e+03
6.566850122277497576e+03
6.557228680138345226e+03
6.547569068059708115e+03
6.537871038528677673e+03
6.528134341845950075e+03
6.518358726101940192e+03
6.508543937152577200e+03
6.498689718594818260e+03
6.488795811741826583e+03
6.478861955597844826e+03
6.468887886832757431e+03
6.458873339756324640e+03
6.448818046292081817e+03
6.438721735950917719e+03
6.428584135804318976e+03
6.418404970457253512e+03
6.408183962020744730e+03
6.397920830084045519e+03
6.387615291686508499e+03
6.377267061289066078e+03
6.366875850745354001e+03
6.356441369272460179e+03
6.345963323421317909e+03
6.335441417046679817e+03
6.324875351276777110e+03
6.314264824482499534e+03
6.303609532246247909e+03
6.292909167330365563e+03
6.282163419645172326e+03
6.271371976216550138e+03
6.260534521153164860e+03
6.249650735613245160e+03
6.238720297770899379e+03
6.227742882782077686e+03
6.216718162750005831e+03
6.205645806690239624e+03
6.194525480495236479e+03
6.183356846898486765e+03
6.172139565438165846e+03
6.160873292420334110e+03
6.149557680881658598e+03
6.138192380551637143e+03
6.126777037814365030e+03
6.115311295669788706e+03
6.103794793694451982e+03
6.092227168001761129e+03
6.080608051201719718e+03
6.068937072360155071e+03
6.057213856957408098e+03
6.045438026846495632e+03
6.033609200210733434e+03
6.021726991520832598e+03
6.009791011491405698e+03
5.997800867036947238e+03
5.985756161227234770e+03
5.973656493242158831e+03
5.961501458325976273e+03
5.949290647740965142e+03
5.937023648720510209e+03
5.924700044421568236e+03
5.912319413876518411e+03
5.899881331944437989e+03
5.887385369261701271e+03
5.874831092191995594e+03
5.862218062775671569e+03
5.849545838678484870e+03
5.836813973139625887e+03
5.824022014919176399e+03
5.811169508244816825e+03
5.798255992757931381e+03
5.785281003458986561e+03
5.772244070652253868e+03
5.759144719889804037e+03
5.745982471914860980e+03
5.732756842604382655e+03
5.719467342910963453e+03
5.706113478804014449e+03
5.692694751210205141e+03
5.679210655953172136e+03
5.665660683692508428e+03
5.652044319861950498e+03
5.638361044606881478e+03
5.624610332721008490e+03
5.610791653582316940e+03
5.596904471088231730e+03
5.582948243589997219e+03
5.568922423826271370e+03
5.554826458855947749e+03
5.540659789990140780e+03
5.526421852723418851e+03
5.512112076664176129e+03
5.497729885464228573e+03
5.483274696747588678e+03
5.468745922038398930e+03
5.454142966688049455e+03
5.439465229801473470e+03
5.424712104162597825e+03
5.409882976158954079e+03
5.394977228492693030e+03
5.379994228843405836e+03
5.364933346850906673e+03
5.349793942546372818e+03
5.334575369175025116e+03
5.319276973115663168e+03
5.303898093799370145e+03
5.288438063627351767e+03
5.272896207887928540e+03
5.257271844672705811e+03
5.241564284791852515e+03
5.225772831688595033e+03
5.209896781352820653e+03
5.193935422233883401e+03
5.177888035152560406e+03
5.161753893212195180e+03
5.145532261709025079e+03
5.129222398041691122e+03
5.112823551619952013e+03
5.096334963772620540e+03
5.079755867654690519e+03
5.063085488153741608e+03
5.046323041795551944e+03
5.029467736648970458e+03
5.012518772230107970e+03
4.995475339405765226e+03
4.978336620296218825e+03
4.961101788177315029e+03
4.943770007381928735e+03
4.926340433200794905e+03
4.908812211782743361e+03
4.891184480034376065e+03
4.873456365519186875e+03
4.855626986356187444e+03
4.837695451118047458e+03
4.819660858728803760e+03
4.801522298361172034e+03
4.783278849333481958e+03
4.764929581006313128e+03
4.746473552678848137e+03
4.727909813485009181e+03
4.709237402289420970e+03
4.690455347583270850e+03
4.671562667380085259e+03
4.652558369111540742e+03
4.633441449523322262e+03
4.614210894571134304e+03
4.594865679316913884e+03
4.575404767825332783e+03
4.555827113060678130e+03
4.536131656784181359e+03
4.516317329451877413e+03
4.496383050113145146e+03
4.476327726309921673e+03
4.456150253976837121e+03
4.435849517342237959e+03
4.415424388830325370e+03
4.394873728964467773e+03
4.374196386271832125e+03
4.353391197189484956e+03
4.332456985972083203e+03
4.311392564601296726e+03
4.290196732697166226e+03
4.268868277431479328e+03
4.247405973443420407e+03
4.225808582757612385e+03
4.204074854704763311e+03
4.182203525845096920e+03
4.160193319894807246e+03
4.138042947655700118e+03
4.115751106948297092e+03
4.093316482548581916e+03
4.070737746128691469e+03
4.048013556201755819e+03
4.025142558071185249e+03
4.002123383784668022e+03
3.978954652093166715e+03
3.955634968415227377e+03
3.932162924806907540e+03
3.908537099937639596e+03
3.884756059072402877e+03
3.860818354060511865e+03
3.836722523331453885e+03
3.812467091898087347e+03
3.788050571367659813e+03
3.763471459961025630e+03
3.738728242540523752e+03
3.713819390646927332e+03
3.688743362545961190e+03
3.663498603284853289e+03
3.638083544759427241e+03
3.612496605792248829e+03
3.586736192222373575e+03
3.560800697007218332e+03
3.534688500337192181e+03
3.508397969763614128e+03
3.481927460340580637e+03
3.455275314781390989e+03
3.428439863630199397e+03
3.401419425449563278e+03
3.374212307024587517e+03
3.346816803584374611e+03
3.319231199041532363e+03
3.291453766250499484e+03
3.263482767285442151e+03
3.235316453738571454e+03
3.206953067039660255e+03
3.178390838797643028e+03
3.149627991165113599e+03
3.120662737226677564e+03
3.091493281411981116e+03
3.062117819934414001e+03
3.032534541256376087e+03
3.002741626582094796e+03
2.972737250378967474e+03
2.942519580928401410e+03
2.912086780907182401e+03
2.881437008000378228e+03
2.850568415546799315e+03
2.819479153218082502e+03
2.788167367732400180e+03
2.756631203603895301e+03
2.724868803928880880e+03
2.692878311209823096e+03
2.660657868218230760e+03
2.628205618897426575e+03
2.595519709306301138e+03
2.562598288605013295e+03
2.529439510083708228e+03
2.496041532235186878e+03
2.462402519872519861e+03
2.428520645292525842e+03
2.394394089486011126e+03
2.360021043395629931e+03
2.325399709222148431e+03
2.290528301779905632e+03
2.255405049902120936e+03
2.220028197896702750e+03
2.184396007053076573e+03
2.148506757200550965e+03
2.112358748318518337e+03
2.075950302198860300e+03
2.039279764160624609e+03
2.002345504817118581e+03
1.965145921895263882e+03
1.927679442107052637e+03
1.889944523072694437e+03
1.851939655294991553e+03
1.813663364184190414e+03
1.775114212132499688e+03
1.736290800637173106e+03
1.697191772470930346e+03
1.657815813898228726e+03
1.618161656935699966e+03
1.578228081654824791e+03
1.538013918524673727e+03
1.497518050792295753e+03
1.456739416898057243e+03
1.415677012922976701e+03
1.374329895064807488e+03
1.332697182139331517e+03
1.290778058103030389e+03
1.248571774593009195e+03
1.206077653479693026e+03
1.163295089427586618e+03
1.120223552458959375e+03
1.076862590515119336e+03
1.033211832009518275e+03
9.892709883666913129e+02
9.450398565406803755e+02
9.005183215062990030e+02
8.557063587163067950e+02
8.106040365172683551e+02
7.652115185165965840e+02
7.195290658930312020e+02
6.735570396425646322e+02
6.272959027516010337e+02
5.807462222889512304e+02
5.339086714080943921e+02
4.867840312509999876e+02
4.393731927446982013e+02
3.916771582817206081e+02
3.436970432754906710e+02
2.954340775817676672e+02
2.468896067772788854e+02
1.980650932867824565e+02
1.489621173499498354e+02
9.958237781963181590e+01
4.992769278333269511e+01
0.000000000000000000e+00
