# h
# unit = Mpc/c
2.446794016416789768e-03
2.440531000757854407e-03
2.434273497466868733e-03
2.428021511716377430e-03
2.421775048695136608e-03
2.415534113608197499e-03
2.409298711676998838e-03
2.403068848139468337e-03
2.396844528250106389e-03
2.390625757280081479e-03
2.384412540517331664e-03
2.378204883266651307e-03
2.372002790849799501e-03
2.365806268605582900e-03
2.359615321889963271e-03
2.353429956076156810e-03
2.347250176554731282e-03
2.341075988733704906e-03
2.334907398038649131e-03
2.328744409912796628e-03
2.322587029817136262e-03
2.316435263230521083e-03
2.310289115649771970e-03
2.304148592589786923e-03
2.298013699583643845e-03
2.291884442182709827e-03
2.285760825956750873e-03
2.279642856494038580e-03
2.273530539401464202e-03
2.267423880304646200e-03
2.261322884848047336e-03
2.255227558695083959e-03
2.249137907528242671e-03
2.243053937049195243e-03
2.236975652978913983e-03
2.230903061057790994e-03
2.224836167045754834e-03
2.218774976722392381e-03
2.212719495887066797e-03
2.206669730359040252e-03
2.200625685977596665e-03
2.194587368602167032e-03
2.188554784112450857e-03
2.182527938408546694e-03
2.176506837411074438e-03
2.170491487061305871e-03
2.164481893321297794e-03
2.158478062174015201e-03
2.152479999623470048e-03
2.146487711694850063e-03
2.140501204434654484e-03
2.134520483910829370e-03
2.128545556212904210e-03
2.122576427452130699e-03
2.116613103761619784e-03
2.110655591296485209e-03
2.104703896233983164e-03
2.098758024773656698e-03
2.092817983137478834e-03
2.086883777569999154e-03
2.080955414338491252e-03
2.075032899733100181e-03
2.069116240066994680e-03
2.063205441676516788e-03
2.057300510921334941e-03
2.051401454184596622e-03
2.045508277873087522e-03
2.039620988417387235e-03
2.033739592272026681e-03
2.027864095915648569e-03
2.021994505851170462e-03
2.016130828605949572e-03
2.010273070731942360e-03
2.004421238805875402e-03
1.998575339429413227e-03
1.992735379229326580e-03
1.986901364857662864e-03
1.981073302991922646e-03
1.975251200335230526e-03
1.969435063616516417e-03
1.963624899590685549e-03
1.957820715038809719e-03
1.952022516768299248e-03
1.946230311613088813e-03
1.940444106433829785e-03
1.934663908118065432e-03
1.928889723580431070e-03
1.923121559762837720e-03
1.917359423634669218e-03
1.911603322192973907e-03
1.905853262462664770e-03
1.900109251496714165e-03
1.894371296376359598e-03
1.888639404211301916e-03
1.882913582139913262e-03
1.877193837329441334e-03
1.871480176976223191e-03
1.865772608305891252e-03
1.860071138573589486e-03
1.854375775064189815e-03
1.848686525092507228e-03
1.843003396003523118e-03
1.837326395172606463e-03
1.831655530005737173e-03
1.825990807939735722e-03
1.820332236442491047e-03
1.814679823013193218e-03
1.809033575182568063e-03
1.803393500513112433e-03
1.797759606599336635e-03
1.792131901068003174e-03
1.786510391578373077e-03
1.780895085822453098e-03
1.775285991525244866e-03
1.769683116444998369e-03
1.764086468373465442e-03
1.758496055136158894e-03
1.752911884592613361e-03
1.747333964636650075e-03
1.741762303196639668e-03
1.736196908235776914e-03
1.730637787752347442e-03
1.725084949780007672e-03
1.719538402388059344e-03
1.713998153681735304e-03
1.708464211802479234e-03
1.702936584928240338e-03
1.697415281273754149e-03
1.691900309090845888e-03
1.686391676668724934e-03
1.680889392334283848e-03
1.675393464452403685e-03
1.669903901426264721e-03
1.664420711697650037e-03
1.658943903747272294e-03
1.653473486095076873e-03
1.648009467300576682e-03
1.642551855963171126e-03
1.637100660722476571e-03
1.631655890258661796e-03
1.626217553292780196e-03
1.620785658587115203e-03
1.615360214945522465e-03
1.609941231213780693e-03
1.604528716279941857e-03
1.599122679074690273e-03
1.593723128571702778e-03
1.588330073788015188e-03
1.582943523784390060e-03
1.577563487665694427e-03
1.572189974581272116e-03
1.566822993725333841e-03
1.561462554337341877e-03
1.556108665702398862e-03
1.550761337151651108e-03
1.545420578062683915e-03
1.540086397859934857e-03
1.534758806015097763e-03
1.529437812047546204e-03
1.524123425524748091e-03
1.518815656062700225e-03
1.513514513326353304e-03
1.508220007030050590e-03
1.502932146937972432e-03
1.497650942864584261e-03
1.492376404675086529e-03
1.487108542285877450e-03
1.481847365665014656e-03
1.476592884832690069e-03
1.471345109861701105e-03
1.466104050877936604e-03
1.460869718060863864e-03
1.455642121644022810e-03
1.450421271915528854e-03
1.445207179218577914e-03
1.439999853951959242e-03
1.434799306570580177e-03
1.429605547585984394e-03
1.424418587566896174e-03
1.419238437139749495e-03
1.414065106989244661e-03
1.408898607858896689e-03
1.403738950551598665e-03
1.398586145930190731e-03
1.393440204918035795e-03
1.388301138499602183e-03
1.383168957721056915e-03
1.378043673690862230e-03
1.372925297580383829e-03
1.367813840624506044e-03
1.362709314122252874e-03
1.357611729437421810e-03
1.352521097999219825e-03
1.347437431302915415e-03
1.342360740910491504e-03
1.337291038451313314e-03
1.332228335622801874e-03
1.327172644191117711e-03
1.322123975991852576e-03
1.317082342930733525e-03
1.312047756984330901e-03
1.307020230200784533e-03
1.301999774700529286e-03
1.296986402677040772e-03
1.291980126397582153e-03
1.286980958203969797e-03
1.281988910513341337e-03
1.277003995818942793e-03
1.272026226690916792e-03
1.267055615777110730e-03
1.262092175803890791e-03
1.257135919576969629e-03
1.252186859982244889e-03
1.247245009986648785e-03
1.242310382639010696e-03
1.237382991070932114e-03
1.232462848497674389e-03
1.227549968219054065e-03
1.222644363620359895e-03
1.217746048173274634e-03
1.212855035436815254e-03
1.207971339058282927e-03
1.203094972774230347e-03
1.198225950411438596e-03
1.193364285887914614e-03
1.188509993213893211e-03
1.183663086492864249e-03
1.178823579922608916e-03
1.173991487796249454e-03
1.169166824503319914e-03
1.164349604530848193e-03
1.159539842464454981e-03
1.154737552989469401e-03
1.149942750892062222e-03
1.145155451060392076e-03
1.140375668485772926e-03
1.135603418263855845e-03
1.130838715595830534e-03
1.126081575789642658e-03
1.121332014261231576e-03
1.116590046535785195e-03
1.111855688249014772e-03
1.107128955148445988e-03
1.102409863094736030e-03
1.097698428063001311e-03
1.092994666144174237e-03
1.088298593546375374e-03
1.083610226596307732e-03
1.078929581740674035e-03
1.074256675547611986e-03
1.069591524708155992e-03
1.064934146037719263e-03
1.060284556477596087e-03
1.055642773096493372e-03
1.051008813092081271e-03
1.046382693792567015e-03
1.041764432658300824e-03
1.037154047283395716e-03
1.032551555397381556e-03
1.027956974866881673e-03
1.023370323697314838e-03
1.018791620034626300e-03
1.014220882167045064e-03
1.009658128526866533e-03
1.005103377692270067e-03
1.000556648389156703e-03
9.960179594930226605e-04
9.914873300308616778e-04
9.869647791830922934e-04
9.824503262855250208e-04
9.779439908313525102e-04
9.734457924731780912e-04
9.689557510250718531e-04
9.644738864646641317e-04
9.600002189352697859e-04
9.555347687480481456e-04
9.510775563841986297e-04
9.466286024971897568e-04
9.421879279150266462e-04
9.377555536425557061e-04
9.333315008638034746e-04
9.289157909443581784e-04
9.245084454337880453e-04
9.201094860680975648e-04
9.157189347722292840e-04
9.113368136626002992e-04
9.069631450496864512e-04
9.025979514406449024e-04
8.982412555419827917e-04
8.938930802622669812e-04
8.895534487148836758e-04
8.852223842208389176e-04
8.808999103116081945e-04
8.765860507320325607e-04
8.722808294432643061e-04
8.679842706257597873e-04
8.636963986823252776e-04
8.594172382412083519e-04
8.551468141592490123e-04
8.508851515250749403e-04
8.466322756623574641e-04
8.423882121331184841e-04
8.381529867410932337e-04
8.339266255351508294e-04
8.297091548127711984e-04
8.255006011235825050e-04
8.213009912729547389e-04
8.171103523256583552e-04
8.129287116095811365e-04
8.087560967195089141e-04
8.045925355209710165e-04
8.004380561541494686e-04
7.962926870378558451e-04
7.921564568735728513e-04
7.880293946495667019e-04
7.839115296450686714e-04
7.798028914345253842e-04
7.757035098919238050e-04
7.716134151951870284e-04
7.675326378306456367e-04
7.634612085975854947e-04
7.593991586128682938e-04
7.553465193156366645e-04
7.513033224720917129e-04
7.472696001803563184e-04
7.432453848754180109e-04
7.392307093341552240e-04
7.352256066804481157e-04
7.312301103903756910e-04
7.272442542974995533e-04
7.232680725982360177e-04
7.193015998573183212e-04
7.153448710133503401e-04
7.113979213844517056e-04
7.074607866739978951e-04
7.035335029764547580e-04
6.996161067833097519e-04
6.957086349891017331e-04
6.918111248975491925e-04
6.879236142277779130e-04
6.840461411206541194e-04
6.801787441452172671e-04
6.763214623052189733e-04
6.724743350457672254e-04
6.686374022600790083e-04
6.648107042963385341e-04
6.609942819646688790e-04
6.571881765442118229e-04
6.533924297903189295e-04
6.496070839418593935e-04
6.458321817286394534e-04
6.420677663789372712e-04
6.383138816271551226e-04
6.345705717215896578e-04
6.308378814323186042e-04
6.271158560592095515e-04
6.234045414400452879e-04
6.197039839587733861e-04
6.160142305538763522e-04
6.123353287268630974e-04
6.086673265508841168e-04
6.050102726794687495e-04
6.013642163553897238e-04
5.977292074196447966e-04
5.941052963205695810e-04
5.904925341230686606e-04
5.868909725179742055e-04
5.833006638315264532e-04
5.797216610349772460e-04
5.761540177543165173e-04
5.725977882801212924e-04
5.690530275775238433e-04
5.655197912963017080e-04
5.619981357810836103e-04
5.584881180816744263e-04
5.549897959634951831e-04
5.515032279181337560e-04
5.480284731740083220e-04
5.445655917071391249e-04
5.411146442520237826e-04
5.376756923126160262e-04
5.342487981734024517e-04
5.308340249105732720e-04
5.274314364032846834e-04
5.240410973450052587e-04
5.206630732549440881e-04
5.172974304895527550e-04
5.139442362540970260e-04
5.106035586142904483e-04
5.072754665079843260e-04
5.039600297569031247e-04
5.006573190784220509e-04
4.973674060973736887e-04
4.940903633578771874e-04
4.908262643351764482e-04
4.875751834474818889e-04
4.843371960677983847e-04
4.811123785357305496e-04
4.779008081692514252e-04
4.747025632764199964e-04
4.715177231670323525e-04
4.683463681641927812e-04
4.651885796157846815e-04
4.620444399058240038e-04
4.589140324656799832e-04
4.557974417851366582e-04
4.526947534232793444e-04
4.496060540191798810e-04
4.465314313023576636e-04
4.434709741029934792e-04
4.404247723618652435e-04
4.373929171399799985e-04
4.343755006278733318e-04
4.313726161545425515e-04
4.283843581959823391e-04
4.254108223832872636e-04
4.224521055102859195e-04
4.195083055406676050e-04
4.165795216145603934e-04
4.136658540545218375e-04
4.107674043708940616e-04
4.078842752664798709e-04
4.050165706404906568e-04
4.021643955917148156e-04
3.993278564208561010e-04
3.965070606319831483e-04
3.937021169330363933e-04
3.909131352353298816e-04
3.881402266519867641e-04
3.853835034952424535e-04
3.826430792725493018e-04
3.799190686814112451e-04
3.772115876028762590e-04
3.745207530936111662e-04
3.718466833764804617e-04
3.691894978295478949e-04
3.665493169734183009e-04
3.639262624568311553e-04
3.613204570404213948e-04
3.587320245785483508e-04
3.561610899991076882e-04
3.536077792812216693e-04
3.510722194307130365e-04
3.485545384532592991e-04
3.460548653251238832e-04
3.435733299613567522e-04
3.411100631813588453e-04
3.386651966716974120e-04
3.362388629460621439e-04
3.338311953022494527e-04
3.314423277760583457e-04
3.290723950919852473e-04
3.267215326105983976e-04
3.243898762724798843e-04
3.220775625386133878e-04
3.197847283271074321e-04
3.175115109461336860e-04
3.152580480229711887e-04
3.130244774290394621e-04
3.108109372008158828e-04
3.086175654565256410e-04
3.064445003085035108e-04
3.042918797711274674e-04
3.021598416642288501e-04
3.000485235118904382e-04
2.979580624365491719e-04
2.958885950483283842e-04
2.938402573295300995e-04
2.918131845142293412e-04
2.898075109629200856e-04
2.878233700321736156e-04
2.858608939392813541e-04
2.839202136218673799e-04
2.820014585924668295e-04
2.801047567880851478e-04
2.782302344147625280e-04
2.763780157871902152e-04
2.745482231634377630e-04
2.727409765748714738e-04
2.709563936513631195e-04
2.691945894419054937e-04
2.674556762307772595e-04
2.657397633494152245e-04
2.640469569841804708e-04
2.623773599802235799e-04
2.607310716416800503e-04
2.591081875284513992e-04
2.575087992498507525e-04
2.559329942554178531e-04
2.543808556232329777e-04
2.528524618460845129e-04
2.513478866158696070e-04
2.498671986066321421e-04
2.484104612566665577e-04
2.469777325501391506e-04
2.455690647987016214e-04
2.441845044235926225e-04
2.428240917387443321e-04
2.414878607354291936e-04
2.401758388689997057e-04
