# mu
5.008087126462152128e+01
5.007592401627364609e+01
5.007096637761286217e+01
5.006599830568255527e+01
5.006101975726133446e+01
5.005603068886075846e+01
5.005103105672318264e+01
5.004602081681953507e+01
5.004099992484709958e+01
5.003596833622721363e+01
5.003092600610300877e+01
5.002587288933710141e+01
5.002080894050924798e+01
5.001573411391398594e+01
5.001064836355828191e+01
5.000555164315906609e+01
5.000044390614086609e+01
4.999532510563330590e+01
4.999019519446862603e+01
4.998505412517920377e+01
4.997990184999497387e+01
4.997473832084089906e+01
4.996956348933437653e+01
4.996437730678258760e+01
4.995917972417990427e+01
4.995397069220518205e+01
4.994875016121906697e+01
4.994351808126124581e+01
4.993827440204772472e+01
4.993301907296801545e+01
4.992775204308230741e+01
4.992247326111863970e+01
4.991718267546999499e+01
4.991188023419141473e+01
4.990656588499705038e+01
4.990123957525715070e+01
4.989590125199510595e+01
4.989055086188436405e+01
4.988518835124540374e+01
4.987981366604257261e+01
4.987442675188097496e+01
4.986902755400328857e+01
4.986361601728656012e+01
4.985819208623895094e+01
4.985275570499645426e+01
4.984730681731956281e+01
4.984184536658993636e+01
4.983637129580699110e+01
4.983088454758446062e+01
4.982538506414696400e+01
4.981987278732642466e+01
4.981434765855858871e+01
4.980880961887940828e+01
4.980325860892141066e+01
4.979769456891000345e+01
4.979211743865982953e+01
4.978652715757093006e+01
4.978092366462499285e+01
4.977530689838152256e+01
4.976967679697390423e+01
4.976403329810551668e+01
4.975837633904575341e+01
4.975270585662596545e+01
4.974702178723542545e+01
4.974132406681721363e+01
4.973561263086403272e+01
4.972988741441401572e+01
4.972414835204645556e+01
4.971839537787747787e+01
4.971262842555573513e+01
4.970684742825790892e+01
4.970105231868433293e+01
4.969524302905442426e+01
4.968941949110210032e+01
4.968358163607119593e+01
4.967772939471075233e+01
4.967186269727029924e+01
4.966598147349505155e+01
4.966008565262106345e+01
4.965417516337031145e+01
4.964824993394572061e+01
4.964230989202619071e+01
4.963635496476142350e+01
4.963038507876682814e+01
4.962440016011831290e+01
4.961840013434695607e+01
4.961238492643374798e+01
4.960635446080409139e+01
4.960030866132240135e+01
4.959424745128654166e+01
4.958817075342219738e+01
4.958207848987723310e+01
4.957597058221590913e+01
4.956984695141309771e+01
4.956370751784835704e+01
4.955755220129999827e+01
4.955138092093900326e+01
4.954519359532298495e+01
4.953899014238987775e+01
4.953277047945180556e+01
4.952653452318861582e+01
4.952028218964149886e+01
4.951401339420648640e+01
4.950772805162782930e+01
4.950142607599133271e+01
4.949510738071761295e+01
4.948877187855518400e+01
4.948241948157357939e+01
4.947605010115630364e+01
4.946966364799368421e+01
4.946326003207572342e+01
4.945683916268471592e+01
4.945040094838792299e+01
4.944394529703000529e+01
4.943747211572546263e+01
4.943098131085095304e+01
4.942447278803746258e+01
4.941794645216241832e+01
4.941140220734170896e+01
4.940483995692151353e+01
4.939825960347015155e+01
4.939166104876970564e+01
4.938504419380762300e+01
4.937840893876811066e+01
4.937175518302352373e+01
4.936508282512554047e+01
4.935839176279628759e+01
4.935168189291927376e+01
4.934495311153031594e+01
4.933820531380818863e+01
4.933143839406528741e+01
4.932465224573807205e+01
4.931784676137741030e+01
4.931102183263880079e+01
4.930417735027243253e+01
4.929731320411315210e+01
4.929042928307022464e+01
4.928352547511701687e+01
4.927660166728048097e+01
4.926965774563055334e+01
4.926269359526935432e+01
4.925570910032024585e+01
4.924870414391673989e+01
4.924167860819127185e+01
4.923463237426376793e+01
4.922756532223009884e+01
4.922047733115031320e+01
4.921336827903677857e+01
4.920623804284207381e+01
4.919908649844674642e+01
4.919191352064692069e+01
4.918471898314163582e+01
4.917750275852012010e+01
4.917026471824878797e+01
4.916300473265806659e+01
4.915572267092905889e+01
4.914841840108001492e+01
4.914109178995252591e+01
4.913374270319762616e+01
4.912637100526158918e+01
4.911897655937160323e+01
4.911155922752112701e+01
4.910411887045516721e+01
4.909665534765516526e+01
4.908916851732383435e+01
4.908165823636960567e+01
4.907412436039096093e+01
4.906656674366047355e+01
4.905898523910860831e+01
4.905137969830726519e+01
4.904374997145311710e+01
4.903609590735065638e+01
4.902841735339492857e+01
4.902071415555417389e+01
4.901298615835195704e+01
4.900523320484922607e+01
4.899745513662597318e+01
4.898965179376266832e+01
4.898182301482135870e+01
4.897396863682651258e+01
4.896608849524551488e+01
4.895818242396893538e+01
4.895025025529035645e+01
4.894229181988599464e+01
4.893430694679394577e+01
4.892629546339311020e+01
4.891825719538176998e+01
4.891019196675581071e+01
4.890209959978665921e+01
4.889397991499873797e+01
4.888583273114667804e+01
4.887765786519208433e+01
4.886945513227996685e+01
4.886122434571473150e+01
4.885296531693581557e+01
4.884467785549291818e+01
4.883636176902081161e+01
4.882801686321371903e+01
4.881964294179928032e+01
4.881123980651211269e+01
4.880280725706685274e+01
4.879434509113080054e+01
4.878585310429608057e+01
4.877733109005137635e+01
4.876877883975306816e+01
4.876019614259602264e+01
4.875158278558376423e+01
4.874293855349820603e+01
4.873426322886883355e+01
4.872555659194133426e+01
4.871681842064572265e+01
4.870804849056386843e+01
4.869924657489650599e+01
4.869041244442961158e+01
4.868154586750020485e+01
4.867264660996160330e+01
4.866371443514792361e+01
4.865474910383814233e+01
4.864575037421931114e+01
4.863671800184930305e+01
4.862765173961871312e+01
4.861855133771222626e+01
4.860941654356916786e+01
4.860024710184340080e+01
4.859104275436247633e+01
4.858180324008605311e+01
4.857252829506347780e+01
4.856321765239071908e+01
4.855387104216634953e+01
4.854448819144684535e+01
4.853506882420094826e+01
4.852561266126328121e+01
4.851611942028694102e+01
4.850658881569537328e+01
4.849702055863320282e+01
4.848741435691620438e+01
4.847776991498025723e+01
4.846808693382944000e+01
4.845836511098293897e+01
4.844860414042116759e+01
4.843880371253059991e+01
4.842896351404775857e+01
4.841908322800195208e+01
4.840916253365696775e+01
4.839920110791560148e+01
4.838919861936248878e+01
4.837915473710864944e+01
4.836906912474914577e+01
4.835894144180412013e+01
4.834877134365321893e+01
4.833855848146863821e+01
4.832830250214684042e+01
4.831800304823885028e+01
4.830765975787922173e+01
4.829727226471347024e+01
4.828684019782404135e+01
4.827636318165476581e+01
4.826584083593377983e+01
4.825527277559476147e+01
4.824465861069663930e+01
4.823399794634152471e+01
4.822329038259098155e+01
4.821253551438049811e+01
4.820173293143217563e+01
4.819088221816554096e+01
4.817998295360644079e+01
4.816903471129404579e+01
4.815803705918576583e+01
4.814698955956018978e+01
4.813589176891787247e+01
4.812474323787996155e+01
4.811354351108463590e+01
4.810229212708124180e+01
4.809098861822207738e+01
4.807963251055184628e+01
4.806822332369455353e+01
4.805676057073794993e+01
4.804524375811534753e+01
4.803367238548479889e+01
4.802204594560546980e+01
4.801036392421128340e+01
4.799862579988163702e+01
4.798683104390914167e+01
4.797497912016432764e+01
4.796306948495723077e+01
4.795110158689569602e+01
4.793907486674049778e+01
4.792698875725688623e+01
4.791484268306277983e+01
4.790263606047331280e+01
4.789036829734162382e+01
4.787803879289594278e+01
4.786564693757270561e+01
4.785319211284561192e+01
4.784067369105063960e+01
4.782809103520666838e+01
4.781544349883183997e+01
4.780273042575529985e+01
4.778995114992435589e+01
4.777710499520681964e+01
4.776419127518842345e+01
4.775120929296515015e+01
4.773815834093039001e+01
4.772503770055661221e+01
4.771184664217155813e+01
4.769858442472872184e+01
4.768525029557186201e+01
4.767184349019353107e+01
4.765836323198726632e+01
4.764480873199336486e+01
4.763117918863797229e+01
4.761747378746532888e+01
4.760369170086288904e+01
4.758983208777918605e+01
4.757589409343409415e+01
4.756187684902133839e+01
4.754777947140297556e+01
4.753360106279552610e+01
4.751934071044762931e+01
4.750499748630875274e+01
4.749057044668882810e+01
4.747605863190842967e+01
4.746146106593918290e+01
4.744677675603412581e+01
4.743200469234761840e+01
4.741714384754451572e+01
4.740219317639814989e+01
4.738715161537687237e+01
4.737201808221861654e+01
4.735679147549315360e+01
4.734147067415165111e+01
4.732605453706295862e+01
4.731054190253624370e+01
4.729493158782956641e+01
4.727922238864368865e+01
4.726341307860081997e+01
4.724750240870761075e+01
4.723148910680180990e+01
4.721537187698218219e+01
4.719914939902078999e+01
4.718282032775724844e+01
4.716638329247412287e+01
4.714983689625285024e+01
4.713317971530942430e+01
4.711641029830907001e+01
4.709952716565911146e+01
4.708252880877929414e+01
4.706541368934853153e+01
4.704818023852728004e+01
4.703082685615461145e+01
4.701335190991887458e+01
4.699575373450104365e+01
4.697803063068960228e+01
4.696018086446578366e+01
4.694220266605812242e+01
4.692409422896490412e+01
4.690585370894333295e+01
4.688747922296399651e+01
4.686896884812922082e+01
4.685032062055383761e+01
4.683153253420671547e+01
4.681260253971151286e+01
4.679352854310482712e+01
4.677430840454999839e+01
4.675493993700465012e+01
4.673542090483989142e+01
4.671574902240919869e+01
4.669592195256468870e+01
4.667593730511846672e+01
4.665579263524662679e+01
4.663548544183336020e+01
4.661501316575234455e+01
4.659437318808274142e+01
4.657356282825668359e+01
4.655257934213511106e+01
4.653141992000858806e+01
4.651008168451974001e+01
4.648856168850334569e+01
4.646685691274039698e+01
4.644496426362189823e+01
4.642288057071797169e+01
4.640060258424780670e+01
4.637812697244541482e+01
4.635545031881612488e+01
4.633256911927828270e+01
4.630947977918447833e+01
4.628617861130945244e+01
4.626266182817015249e+01
4.623892554541344424e+01
4.621496577370673009e+01
4.619077841622114278e+01
4.616635926478677732e+01
4.614170399587578686e+01
4.611680816640398461e+01
4.609166720934095451e+01
4.606627642911826115e+01
4.604063099682445426e+01
4.601472594517478143e+01
4.598855616324298978e+01
4.596211639094143209e+01
4.593540121323503200e+01
4.590840505407344097e+01
4.588112217002478133e+01
4.585354664359314825e+01
4.582567237620085621e+01
4.579749308081490256e+01
4.576900227419579892e+01
4.574019326874523017e+01
4.571105916392728830e+01
4.568159283723606734e+01
4.565178693468059379e+01
4.562163386075543059e+01
4.559112576786322535e+01
4.556025454515263817e+01
4.552901180673217141e+01
4.549738887921740371e+01
4.546537678856539344e+01
4.543296624614661994e+01
4.540014763400017017e+01
4.536691098921382803e+01
4.533324598736526667e+01
4.529914192495532177e+01
4.526458770075807791e+01
4.522957179600584965e+01
4.519408225331972773e+01
4.515810665428813309e+01
4.512163209558681132e+01
4.508464516352356100e+01
4.504713190687986213e+01
4.500907780790911517e+01
4.497046775133740226e+01
4.493128599119716426e+01
4.489151611530701302e+01
4.485114100719146535e+01
4.481014280521292648e+01
4.476850285866365908e+01
4.472620168053840928e+01
4.468321889667726055e+01
4.463953319093365479e+01
4.459512224598299213e+01
4.454996267934258469e+01
4.450402997412305695e+01
4.445729840397335408e+01
4.440974095161568869e+01
4.436132922029131009e+01
4.431203333735167860e+01
4.426182184912991602e+01
4.421066160611354690e+01
4.415851763730677249e+01
4.410535301251806573e+01
4.405112869113050778e+01
4.399580335570583856e+01
4.393933322853087020e+01
4.388167186893181793e+01
4.382276994884857402e+01
4.376257500376834741e+01
4.370103115565203922e+01
4.363807880393471095e+01
4.357365428002124474e+01
4.350768945990924408e+01
4.344011132862128477e+01
4.337084148898182434e+01
4.329979560588263610e+01
4.322688277548371616e+01
4.315200480671792604e+01
4.307505539990602728e+01
4.299591920411602075e+01
4.291447073094602871e+01
4.283057309745088759e+01
4.274407656467205641e+01
4.265481683027118720e+01
4.256261302357276577e+01
4.246726533815881055e+01
4.236855222001895527e+01
4.226622700673862454e+01
4.216001388332618660e+01
4.204960298021515541e+01
4.193464438465109367e+01
4.181474076210575674e+01
4.168943818065311291e+01
4.155821458491983833e+01
4.142046515651477989e+01
4.127548349207751244e+01
4.112243707574532436e+01
4.096033483341282988e+01
4.078798348528602702e+01
4.060392770572050836e+01
4.040636629495400456e+01
4.019303180366107142e+01
3.996101263964605721e+01
3.970648114788973260e+01
3.942426088495234637e+01
3.910710345371992958e+01
3.874440414009880840e+01
3.831973598930989056e+01
3.780559722033427761e+01
3.715045639159754387e+01
3.623866132379976079e+01
3.470124612772094963e+01
-inf
