# rho
# unit = KG/M^3
8.704218164825278950e-23
8.653674308538010104e-23
8.603327018972107519e-23
8.553174985682761389e-23
8.503218208669971715e-23
8.453456032711335945e-23
8.403889113029255454e-23
8.354515483956519061e-23
8.305336455937935396e-23
8.256350063306290926e-23
8.207556961283989377e-23
8.158956494648625848e-23
8.110548663400201514e-23
8.062332157093906569e-23
8.014306975729742187e-23
7.966473119307707195e-23
7.918830587827801591e-23
7.871377415622811843e-23
7.824114913137547756e-23
7.777041769927199525e-23
7.730157330769362246e-23
7.683462250886440823e-23
7.636955219833626625e-23
7.590636892833324555e-23
7.544505304218319904e-23
7.498561764433421303e-23
7.452804963033821297e-23
7.407234244797114982e-23
7.361850264945706087e-23
7.316651713034784805e-23
7.271638589064353487e-23
7.226810237812006056e-23
7.182166659277742510e-23
7.137707853461562850e-23
7.093432509918658446e-23
7.049340628649029298e-23
7.005431554430270502e-23
6.961705287262382059e-23
6.918161827145365143e-23
6.874799863634408775e-23
6.831619396729512953e-23
6.788620426430678854e-23
6.745802297515502750e-23
6.703164354761577386e-23
6.660706598168905114e-23
6.618428372515081031e-23
6.576329677800103962e-23
6.534409203579165276e-23
6.492668260297074779e-23
6.451104882286617762e-23
6.409719069547795400e-23
6.368510822080606519e-23
6.327480139885051118e-23
6.286625712516321742e-23
6.245946884752012313e-23
6.205444967036932637e-23
6.165117993703869180e-23
6.124965964752820767e-23
6.084988880183788573e-23
6.045186084774367696e-23
6.005556923302153232e-23
5.966101395767145182e-23
5.926819502169344721e-23
5.887709932063942043e-23
5.848773340673340876e-23
5.810008417552732589e-23
5.771415162702117182e-23
5.732993576121495831e-23
5.694742347366057555e-23
5.656662131658208431e-23
5.618751618553137478e-23
5.581010808050847048e-23
5.543439700151335965e-23
5.506037639632199326e-23
5.468803971271033403e-23
5.431738695067838197e-23
5.394841155800207629e-23
5.358111025856941011e-23
5.321548305238037167e-23
5.285152011109891095e-23
5.248922143472501030e-23
5.212858047103463245e-23
5.176959722002777741e-23
5.141226840559241478e-23
5.105658419939248276e-23
5.070254460142798725e-23
5.035014633558689197e-23
4.999938284964515964e-23
4.965025414360279027e-23
4.930275366523573483e-23
4.895687813843196879e-23
4.861262428707947941e-23
4.826998883506623629e-23
4.792896523016819627e-23
4.758955347238535349e-23
4.725174700949367066e-23
4.691554256538111739e-23
4.658094014004770544e-23
4.624792990515735539e-23
4.591650858459804272e-23
4.558667617836977919e-23
4.525842613424850989e-23
4.493175845223424070e-23
4.460666330399089807e-23
4.428314068951848200e-23
4.396118733270497386e-23
4.364079995743834914e-23
4.332196873538254015e-23
4.300469694264956556e-23
4.268897802701538806e-23
4.237480543625595278e-23
4.206218244648329008e-23
4.175109595324930780e-23
4.144154923266602456e-23
4.113353900862141586e-23
4.082705545277941991e-23
4.052209856514003083e-23
4.021866506959123585e-23
3.991674841390898008e-23
3.961634859809326350e-23
3.931745906992004298e-23
3.902007655327729987e-23
3.872419777205300378e-23
3.842981617402311156e-23
3.813693175918762909e-23
3.784554125143452597e-23
3.755563809853975905e-23
3.726721574827928518e-23
3.698027747676512300e-23
3.669481345566121072e-23
3.641082368496754246e-23
3.612830488857209371e-23
3.584724723813880267e-23
3.556765400977968799e-23
3.528951865127070651e-23
3.501283461038780920e-23
3.473760188713100194e-23
3.446381392927623571e-23
3.419147073682350462e-23
3.392056575754877140e-23
3.365109571534001153e-23
3.338305405797318187e-23
3.311644078544827653e-23
3.285125262165327100e-23
3.258748301436412801e-23
3.232512868746882304e-23
3.206418636485533158e-23
3.180464949429960459e-23
3.154652135191366660e-23
3.128979210936144993e-23
3.103445849053093596e-23
3.078051721931010015e-23
3.052796829569893664e-23
3.027680189136138364e-23
3.002701800629744115e-23
2.977861008828305426e-23
2.953157813731823472e-23
2.928591232506690900e-23
2.904161592764110160e-23
2.879868239281676350e-23
2.855710516836985154e-23
2.831688425430037161e-23
2.807801637449628742e-23
2.784049170062154308e-23
2.760431350878815134e-23
2.736947197066005629e-23
2.713596708623724618e-23
2.690379557940770236e-23
2.667295089794738169e-23
2.644342976574425671e-23
2.621523054474232104e-23
2.598834668271752565e-23
2.576277654161386123e-23
2.553851520726329100e-23
2.531555940355379632e-23
2.509390585437334975e-23
2.487354800749790813e-23
2.465448586292747439e-23
2.443671123038198726e-23
2.422022410986144672e-23
2.400501958719781896e-23
2.379109438627908533e-23
2.357844359293720612e-23
2.336706229300415043e-23
2.315694884842390895e-23
2.294809998308445129e-23
2.274050914476174017e-23
2.253417469539975745e-23
2.232909172083047518e-23
2.212525694494186591e-23
2.192266709162191100e-23
2.172131724670257074e-23
2.152120413407182649e-23
2.132232283956164442e-23
2.112467172511600933e-23
2.092824587656689327e-23
2.073304201780226584e-23
2.053905359659808684e-23
2.034628061295435625e-23
2.015471815270303731e-23
1.996436130167609913e-23
1.977520514570550200e-23
1.958724968479125178e-23
1.940048836670929946e-23
1.921491791534762345e-23
1.903053505459420218e-23
1.884733487028099888e-23
1.866531408629599491e-23
1.848446942652716282e-23
1.830479597680646878e-23
1.812629209907790345e-23
1.794895124111742371e-23
1.777277176486901434e-23
1.759774875616464151e-23
1.742387730083627140e-23
1.725115576082789174e-23
1.707958086002748390e-23
1.690914604621099590e-23
1.673984804326641206e-23
1.657168521313771423e-23
1.640465264165687446e-23
1.623874541465585304e-23
1.607396025602263133e-23
1.591029388964518482e-23
1.574774303941149193e-23
1.558630279115351589e-23
1.542596823070322286e-23
1.526673935806061579e-23
1.510860798294563633e-23
1.495157410535828447e-23
1.479563117307451413e-23
1.464077590998230372e-23
1.448700503996962875e-23
1.433431528692446762e-23
1.418270173667878357e-23
1.403216111312055796e-23
1.388269014013776627e-23
1.373428390356237468e-23
1.358693912728235867e-23
1.344065253518569959e-23
1.329541921310435775e-23
1.315123588492631449e-23
1.300809845551153919e-23
1.286600364874801026e-23
1.272494736949569853e-23
1.258492634164258242e-23
1.244593565102062663e-23
1.230797284054581425e-23
1.217103299605011144e-23
1.203511202239348902e-23
1.190020746249193008e-23
1.176631440217740226e-23
1.163343038436588570e-23
1.150154967586134338e-23
1.137066981957975544e-23
1.124078672038109565e-23
1.111189628312533483e-23
1.098399441267244381e-23
1.085707865193840567e-23
1.073114408675518658e-23
1.060618662198275884e-23
1.048220380053710405e-23
1.035918988922218373e-23
1.023714324998198562e-23
1.011605814962046976e-23
9.995932131053619224e-24
9.876761099141404845e-24
9.758540958743800388e-24
9.641267614720775208e-24
9.524937790960307729e-24
9.409547392322368778e-24
9.295092323666930650e-24
9.181570127909974960e-24
9.068975071855463213e-24
8.957304698419377025e-24
8.846554912461690160e-24
8.736721618842371975e-24
8.627801541449399424e-24
8.519790585142746273e-24
8.412683835754377218e-24
8.306479655228280003e-24
8.201172310368416134e-24
8.096759344090768696e-24
7.993236661255308514e-24
7.890599347694000285e-24
7.788844946322828562e-24
7.687968542973759513e-24
7.587967680562774750e-24
7.488837444921840441e-24
7.390574559938933540e-24
7.293174111446021684e-24
7.196634461387091146e-24
7.100949876566103433e-24
7.006117080871035500e-24
6.912132798189864301e-24
6.818992114354556004e-24
6.726692572281093691e-24
6.635229667315445860e-24
6.544599304317584070e-24
6.454798207175485277e-24
6.365822280749121775e-24
6.277667839412466721e-24
6.190330788025492410e-24
6.103807850476176532e-24
6.018094931624489912e-24
5.933188345844407175e-24
5.849083588481896818e-24
5.765777792938938860e-24
5.683266864075505596e-24
5.601546706751567852e-24
5.520613635341099519e-24
5.440464373732079020e-24
5.361094007756471789e-24
5.282499670816257843e-24
5.204677267771408743e-24
5.127623112995898380e-24
5.051333111349699050e-24
4.975803577206784642e-24
4.901030415427127452e-24
4.827010349898702965e-24
4.753739694995488011e-24
4.681213946063448881e-24
4.609429417476561671e-24
4.538382833122802599e-24
4.468070097862143963e-24
4.398487526068560385e-24
4.329630613088018895e-24
4.261496492322500979e-24
4.194081068631978200e-24
4.127379837362419052e-24
4.061389931915802821e-24
3.996107257152101801e-24
3.931528127445290619e-24
3.867648038141337769e-24
3.804464122642222538e-24
3.741971876293914889e-24
3.680167613470387980e-24
3.619048058059620234e-24
3.558608705407579412e-24
3.498845869888240141e-24
3.439756275389580108e-24
3.381335417257567812e-24
3.323580019380179471e-24
3.266485986617388115e-24
3.210049428586166104e-24
3.154266864417489226e-24
3.099134403728330207e-24
3.044647951378660609e-24
2.990804026499456955e-24
2.937598738707691236e-24
2.885027992863335749e-24
2.833088512854367446e-24
2.781775998783755991e-24
2.731086765025476742e-24
2.681017330710504755e-24
2.631563395941810425e-24
2.582721479850369175e-24
2.534487692053154465e-24
2.486858142167139389e-24
2.439828939809296304e-24
2.393396604110601367e-24
2.347557244688027305e-24
2.302306766401546045e-24
2.257641483625131844e-24
2.213557710732758961e-24
2.170051762098401654e-24
2.127119337825030685e-24
2.084757161800622274e-24
2.042961138885148717e-24
2.001727378695582740e-24
1.961052400362900500e-24
1.920932108747072822e-24
1.881362818222074699e-24
1.842340638404878489e-24
1.803861678912458021e-24
1.765922458875788348e-24
1.728518883154841399e-24
1.691647266123591432e-24
1.655303717399011540e-24
1.619484551355075797e-24
1.584185877608757478e-24
1.549403805777029494e-24
1.515134650233866103e-24
1.481374520596240212e-24
1.448119628859625866e-24
1.415366289397996954e-24
1.383110509449826171e-24
1.351348603389087590e-24
1.320076680832754304e-24
1.289290953776299989e-24
1.258987634215198320e-24
1.229162934144922973e-24
1.199812963182446856e-24
1.170934035701744411e-24
1.142522158941287964e-24
1.114573749653552356e-24
1.087084815077010098e-24
1.060051669585635446e-24
1.033470422796401311e-24
1.007337184326280784e-24
9.816483709277490745e-25
9.563999898392781406e-25
9.315883554348424240e-25
9.072095773314152013e-25
8.832598675244695967e-25
8.597354380094798366e-25
8.366323984034186465e-25
8.139470118910099929e-25
7.916754904677275511e-25
7.698139437505444140e-25
7.483586349241845481e-25
7.273057247948713374e-25
7.066513741688278905e-25
6.863918462307784494e-25
6.665233017869463065e-25
6.470419016435546621e-25
6.279438577960772832e-25
6.092253310507374623e-25
5.908825334030088745e-25
5.729117280376155783e-25
5.553089733822801916e-25
5.380705838109769720e-25
5.211926177514287214e-25
5.046713895776096973e-25
4.885030600957431921e-25
4.726837389228022068e-25
4.572097404327611827e-25
4.420771742425930291e-25
4.272822011585211301e-25
4.128211099598945977e-25
3.986900358583116245e-25
3.848851652546206943e-25
3.714026845496702909e-25
3.582388057389340896e-25
3.453897152232606200e-25
3.328515994034983659e-25
3.206206702751210026e-25
3.086930630497266308e-25
2.970650153174141633e-25
2.857327134790320379e-25
2.746923439354288303e-25
2.639400674928277867e-25
2.534721217413277740e-25
2.432846674871520844e-25
2.333739167257744851e-25
2.237360302634181764e-25
2.143672200955569255e-25
2.052636726230392162e-25
1.964215742467134863e-25
1.878371241647408842e-25
1.795065087779698478e-25
1.714259144872489298e-25
1.635915404907391866e-25
1.559995731892891021e-25
1.486461861864346331e-25
1.415276042749619819e-25
1.346399882610945096e-25
1.279795501403058684e-25
1.215424635161319694e-25
1.153249275867339151e-25
1.093231287529601662e-25
1.035332662129718482e-25
9.795151996896114703e-26
9.257408921908913073e-26
8.739716036420431748e-26
8.241691980515520256e-26
7.762956674010285400e-26
7.303128117123949214e-26
6.861826869538248292e-26
6.438670291606774877e-26
6.033278943011265563e-26
5.645270823970941236e-26
5.274265534369094380e-26
4.919882034223391710e-26
4.581739283551495924e-26
4.259456242371072014e-26
3.952652510565413040e-26
3.660946408286554780e-26
3.383957215484975974e-26
3.121304532043970255e-26
2.872606678115572827e-26
2.637483253583076751e-26
2.415552898531332986e-26
2.206434892910819409e-26
2.009748356705608175e-26
1.825112249933363702e-26
1.652145692578157570e-26
1.490467644657654483e-26
1.339697146172721869e-26
1.199453397090635458e-26
1.069355437412263395e-26
9.490222271552698113e-27
8.380728063205228490e-27
7.361263748752979546e-27
6.428018928372594036e-27
5.577184401988770568e-27
4.804950569610189133e-27
4.107508631077568391e-27
3.481048586483568999e-27
2.921761035794880256e-27
