9.487500000000001141e-03 2.102135486402539432e-04
1.846249999999999974e-02 2.356405175937225076e-04
2.743750000000000355e-02 2.544123514723519038e-04
3.641250000000000042e-02 2.750629968307033392e-04
4.538749999999999729e-02 3.034257164917465916e-04
5.436249999999999416e-02 3.426868915889427357e-04
6.333750000000000491e-02 4.078036940282371548e-04
7.231250000000000178e-02 4.692371924925700676e-04
8.128750000000001252e-02 5.168234286145893721e-04
9.026249999999999551e-02 5.929429542904528141e-04
9.923750000000000626e-02 6.595648275586858201e-04
1.082125000000000170e-01 7.268064268023320630e-04
1.171875000000000000e-01 8.157529446384430890e-04
1.261625000000000107e-01 9.474580422156368914e-04
1.351375000000000215e-01 1.096744847971189334e-03
1.441125000000000045e-01 1.284868515822151259e-03
1.530875000000000152e-01 1.413634175482786923e-03
1.620624999999999982e-01 1.607269412904418918e-03
1.710375000000000090e-01 1.801603686347888391e-03
1.800125000000000197e-01 1.996312971287314119e-03
1.889875000000000027e-01 2.220132191553555664e-03
1.979625000000000135e-01 2.465759324543158933e-03
2.069374999999999964e-01 2.696044950422994083e-03
2.159125000000000072e-01 2.921642889514077315e-03
2.248875000000000179e-01 3.109149326792087168e-03
2.338625000000000287e-01 3.376157120347461453e-03
2.428375000000000117e-01 3.727642795055896314e-03
2.518124999999999947e-01 4.047608972741594154e-03
2.607875000000000609e-01 4.443657483347259081e-03
2.697625000000000162e-01 4.898652322009887372e-03
2.787374999999999714e-01 5.385138851838439447e-03
2.877125000000000377e-01 5.939071139567435494e-03
2.966874999999999929e-01 6.478565178081675639e-03
3.056625000000000592e-01 7.019483646585169059e-03
3.146375000000000144e-01 7.544084202094531594e-03
3.236124999999999696e-01 7.892368237971108397e-03
3.325875000000000359e-01 8.209264949239824735e-03
3.415624999999999911e-01 8.513208013479905967e-03
3.505375000000000574e-01 8.736654343502490289e-03
3.595125000000000126e-01 8.879439925140239845e-03
3.684874999999999678e-01 8.990843541150917578e-03
3.774625000000000341e-01 8.949175432898704916e-03
3.864374999999999893e-01 8.886575011102796490e-03
3.954125000000000556e-01 8.733168628597298699e-03
4.043875000000000108e-01 8.640550727987932403e-03
4.133625000000000216e-01 8.667668993206652239e-03
4.223375000000000323e-01 8.705885927846650219e-03
4.313124999999999876e-01 8.740414891624038660e-03
4.402875000000000538e-01 8.929459945666360157e-03
4.492625000000000091e-01 9.179627191490557017e-03
4.582375000000000198e-01 9.374223448139810955e-03
4.672125000000000306e-01 9.704818253489727944e-03
4.761874999999999858e-01 1.018783817588361264e-02
4.851625000000000520e-01 1.074177341930961961e-02
4.941375000000000073e-01 1.129435611370437770e-02
5.031125000000000735e-01 1.179252380176408661e-02
5.120875000000000288e-01 1.221158600248817803e-02
5.210624999999999840e-01 1.264804121558979304e-02
5.300375000000000503e-01 1.287106078867008424e-02
5.390125000000000055e-01 1.304587766565833314e-02
5.479875000000000718e-01 1.332528278573257355e-02
5.569625000000000270e-01 1.357705846553351921e-02
5.659374999999999822e-01 1.360173964413237402e-02
5.749125000000000485e-01 1.362400696925153594e-02
5.838875000000000037e-01 1.360607592032466416e-02
5.928625000000000700e-01 1.354509559466063676e-02
6.018375000000000252e-01 1.359871067048696279e-02
6.108124999999999805e-01 1.356638297275177332e-02
6.197875000000000467e-01 1.354363270164006192e-02
6.287625000000000020e-01 1.342389699143171390e-02
6.377375000000000682e-01 1.314401319188354157e-02
6.467125000000000234e-01 1.272412890019621046e-02
6.556874999999999787e-01 1.246704073025175184e-02
6.646625000000000449e-01 1.225236807088512722e-02
6.736375000000000002e-01 1.198567618316409913e-02
6.826125000000000664e-01 1.169233240784786805e-02
6.915875000000000217e-01 1.126696649665844679e-02
7.005624999999999769e-01 1.084475989115414249e-02
7.095375000000000432e-01 1.048950515371684274e-02
7.185124999999999984e-01 1.016790048214985531e-02
7.274875000000000647e-01 9.921844514751703911e-03
7.364625000000000199e-01 9.713776349721611400e-03
7.454374999999999751e-01 9.412583228654153311e-03
7.544125000000000414e-01 9.064535385471342646e-03
7.633875000000001076e-01 8.748302508590767926e-03
7.723625000000000629e-01 8.480962940144828183e-03
7.813375000000000181e-01 8.251192385761298848e-03
7.903124999999999734e-01 8.058782037953342303e-03
7.992875000000000396e-01 7.918780472220736735e-03
8.082625000000001059e-01 7.857327751423701795e-03
8.172375000000000611e-01 7.839565655340883718e-03
8.262125000000000163e-01 7.869768723363892299e-03
8.351874999999999716e-01 7.915502397670548876e-03
8.441625000000000378e-01 7.944288822171120118e-03
8.531375000000001041e-01 7.953579853073966185e-03
8.621125000000000593e-01 7.913208283046752403e-03
8.710875000000000146e-01 7.871266790979686290e-03
8.800624999999999698e-01 7.904703424802608791e-03
8.890375000000000361e-01 7.773233986222238476e-03
8.980125000000001023e-01 7.566647491958677051e-03
9.069875000000000576e-01 7.269957927781929043e-03
9.159625000000000128e-01 6.959810741809999146e-03
9.249374999999999680e-01 6.638413050704825881e-03
9.339125000000000343e-01 6.285996704326731778e-03
9.428875000000001005e-01 5.964021372165507519e-03
9.518625000000000558e-01 5.706835365749044278e-03
9.608375000000000110e-01 5.480274911932608677e-03
9.698124999999999662e-01 5.127285336964875796e-03
9.787875000000000325e-01 4.893491911500603107e-03
9.877625000000000988e-01 4.703340016917333284e-03
9.967375000000000540e-01 4.523280556657092132e-03
1.005712500000000009e+00 4.398356222673479449e-03
1.014687499999999964e+00 4.336723389239282959e-03
1.023662499999999920e+00 4.275709088292087116e-03
1.032637499999999875e+00 4.222759625821179141e-03
1.041612499999999830e+00 4.149009520135551327e-03
1.050587500000000007e+00 4.061081359066652519e-03
1.059562499999999963e+00 4.065793733616789550e-03
1.068537499999999918e+00 4.008179295918228024e-03
1.077512499999999873e+00 4.001405284052361039e-03
1.086487500000000050e+00 4.060967892397525196e-03
1.095462500000000006e+00 4.102736821197592622e-03
1.104437499999999961e+00 4.069139635109519926e-03
1.113412499999999916e+00 4.093870558177865361e-03
1.122387499999999871e+00 4.106472463750397359e-03
1.131362499999999827e+00 4.119745667086393247e-03
1.140337500000000004e+00 4.122294693838747179e-03
1.149312499999999959e+00 4.110942199354941651e-03
1.158287499999999914e+00 4.116674611936979242e-03
1.167262499999999870e+00 4.088051644522939024e-03
1.176237500000000047e+00 3.997076764195865890e-03
1.185212500000000002e+00 3.829033302504220807e-03
1.194187499999999957e+00 3.680258700762042631e-03
1.203162499999999913e+00 3.529077367336948007e-03
1.212137499999999868e+00 3.426182093743259955e-03
1.221112499999999823e+00 3.312676968164704732e-03
1.230087500000000000e+00 3.227074099417209189e-03
1.239062499999999956e+00 3.156038307955281400e-03
1.248037499999999911e+00 3.087875123886183338e-03
1.257012499999999866e+00 3.064276940650388636e-03
1.265987500000000043e+00 3.048525915523767754e-03
1.274962499999999999e+00 3.063142926467889420e-03
1.283937499999999954e+00 3.086643951718565093e-03
1.292912499999999909e+00 3.061938602935162460e-03
1.301887499999999864e+00 2.999663940390362438e-03
1.310862499999999820e+00 2.921424436140218281e-03
1.319837499999999997e+00 2.873249200283457382e-03
1.328812499999999952e+00 2.736603564773801289e-03
1.337787499999999907e+00 2.610144926406987153e-03
1.346762499999999863e+00 2.442161544942956196e-03
1.355737500000000040e+00 2.286672223304093109e-03
1.364712499999999995e+00 2.167928978740513071e-03
1.373687499999999950e+00 2.084095399922174154e-03
1.382662499999999905e+00 2.035799581453293094e-03
1.391637499999999861e+00 1.995779618360794903e-03
1.400612499999999816e+00 1.989827669036854565e-03
1.409587499999999993e+00 1.955741392417821752e-03
1.418562499999999948e+00 1.947132025856669309e-03
1.427537499999999904e+00 1.938720279452203245e-03
1.436512499999999859e+00 1.917670611475088454e-03
1.445487500000000036e+00 1.894813621937642845e-03
1.454462499999999991e+00 1.846397464619089351e-03
1.463437499999999947e+00 1.771475142384541877e-03
1.472412499999999902e+00 1.665474448885097183e-03
1.481387499999999857e+00 1.545808564727057946e-03
1.490362500000000034e+00 1.409853957654657155e-03
1.499337499999999990e+00 1.265817728641773681e-03
1.508312499999999945e+00 1.150235089177703302e-03
1.517287499999999900e+00 1.027081595961590625e-03
1.526262500000000077e+00 9.263486498412090708e-04
1.535237500000000033e+00 8.402799414130686850e-04
1.544212499999999988e+00 7.760155313719060196e-04
1.553187499999999943e+00 7.167265752327168149e-04
1.562162499999999898e+00 6.767568793894277422e-04
1.571137499999999854e+00 6.542812936421440670e-04
1.580112500000000031e+00 6.472941938166561649e-04
1.589087499999999986e+00 6.339476050851237639e-04
1.598062499999999941e+00 6.331993528347412215e-04
1.607037499999999897e+00 6.423366957534990549e-04
1.616012500000000074e+00 6.462915907700370662e-04
1.624987500000000029e+00 6.416122707370069869e-04
1.633962499999999984e+00 6.289402097060194010e-04
1.642937499999999940e+00 6.152067816349041313e-04
1.651912499999999895e+00 5.910590517213331696e-04
1.660887499999999850e+00 5.579401117103990025e-04
1.669862500000000027e+00 5.213815646402493930e-04
1.678837499999999983e+00 5.018728757896223506e-04
1.687812499999999938e+00 4.721172652657045095e-04
1.696787499999999893e+00 4.374194558009657447e-04
1.705762500000000070e+00 3.958844262848196108e-04
1.714737500000000026e+00 3.670031163073228454e-04
1.723712499999999981e+00 3.377180118111380944e-04
1.732687499999999936e+00 3.047397635848595105e-04
1.741662499999999891e+00 2.850699204811629078e-04
1.750637499999999847e+00 2.657373990426287950e-04
1.759612500000000024e+00 2.470272463866330791e-04
1.768587499999999979e+00 2.177677009247345715e-04
1.777562499999999934e+00 1.918497496997535160e-04
1.786537499999999890e+00 1.756251598396008106e-04
1.795512500000000067e+00 1.546465242233443496e-04
