# cl
1.646404137855811435e-07
1.798932759919472348e-07
1.938381073406883603e-07
2.054327319560539368e-07
2.136846043697489564e-07
2.175748443889696568e-07
2.161769740490075817e-07
2.088964153593585353e-07
1.958050908071608905e-07
1.773902882804032573e-07
1.551580716259552419e-07
1.311155776903519377e-07
1.075719678089259985e-07
8.637811265709142399e-08
6.813451254017546033e-08
5.240501774720477468e-08
3.872224689534339191e-08
2.793001526282243937e-08
2.016075032148534390e-08
1.418138806879800551e-08
9.993839212262782232e-09
6.974692149877884873e-09
4.883562353304954190e-09
3.433640835752833869e-09
2.425513391996453594e-09
