# l
1.000000000000000000e+01
1.258925411794167459e+01
1.584893192461114175e+01
1.995262314968880801e+01
2.511886431509581996e+01
3.162277660168382454e+01
3.981071705534977667e+01
5.011872336272730166e+01
6.309573444801942799e+01
7.943282347242829644e+01
1.000000000000001990e+02
1.258925411794170088e+02
1.584893192461117337e+02
1.995262314968884994e+02
2.511886431509587396e+02
3.162277660168389275e+02
3.981071705534985767e+02
5.011872336272740540e+02
6.309573444801956157e+02
7.943282347242845844e+02
1.000000000000004093e+03
1.258925411794172533e+03
1.584893192461120634e+03
1.995262314968889086e+03
2.511886431509592512e+03
