# cl_cib
1.614835787135351973e-11
8.431292023068903715e-12
4.293591897541222159e-12
2.134500969324424223e-12
1.036430800629289480e-12
4.910649480940412293e-13
2.266657055360229496e-13
1.018042795250127048e-13
4.436719953456147349e-14
1.877180132097817097e-14
7.636738156104084060e-15
2.986631369229177906e-15
1.119433680780574175e-15
4.041589956792506818e-16
1.383191990281320357e-16
4.605138654586652336e-17
1.489379617456837833e-17
4.678259763028416860e-18
1.448758377990464657e-18
4.283444830548662046e-19
1.216335806768607577e-19
3.397556966983667845e-20
9.261986399300195194e-21
2.458111714127373685e-21
6.382548488990550399e-22
1.617145373520517677e-22
