# cl_kappa
6.660257812401819079e-11
3.998890500223963618e-15
1.672580234652971076e-16
2.290500010752383625e-17
5.275294315679642300e-18
1.615119804130246496e-18
5.988734880139573508e-19
2.598165361050584289e-19
1.255282101990740357e-19
6.523388264611044553e-20
3.624650469998457648e-20
2.126362143234411943e-20
1.311931249411109896e-20
8.387462915940595446e-21
5.522673570778971484e-21
3.744291741372835726e-21
2.606728437506446720e-21
1.855627409637115785e-21
1.345217907707893153e-21
9.920041379389500115e-22
