  0.10000E-02  0.17755E+00
  0.10088E-02  0.17756E+00
  0.10177E-02  0.17757E+00
  0.10267E-02  0.17758E+00
  0.10357E-02  0.17759E+00
  0.10449E-02  0.17760E+00
  0.10541E-02  0.17762E+00
  0.10634E-02  0.17763E+00
  0.10727E-02  0.17764E+00
  0.10822E-02  0.17765E+00
  0.10917E-02  0.17766E+00
  0.11014E-02  0.17768E+00
  0.11111E-02  0.17769E+00
  0.11209E-02  0.17770E+00
  0.11307E-02  0.17771E+00
  0.11407E-02  0.17773E+00
  0.11508E-02  0.17774E+00
  0.11609E-02  0.17775E+00
  0.11711E-02  0.17777E+00
  0.11815E-02  0.17778E+00
  0.11919E-02  0.17780E+00
  0.12024E-02  0.17781E+00
  0.12130E-02  0.17782E+00
  0.12237E-02  0.17784E+00
  0.12345E-02  0.17785E+00
  0.12453E-02  0.17787E+00
  0.12563E-02  0.17788E+00
  0.12674E-02  0.17790E+00
  0.12786E-02  0.17791E+00
  0.12898E-02  0.17793E+00
  0.13012E-02  0.17794E+00
  0.13127E-02  0.17796E+00
  0.13243E-02  0.17797E+00
  0.13359E-02  0.17799E+00
  0.13477E-02  0.17801E+00
  0.13596E-02  0.17802E+00
  0.13716E-02  0.17804E+00
  0.13837E-02  0.17806E+00
  0.13959E-02  0.17807E+00
  0.14082E-02  0.17809E+00
  0.14206E-02  0.17811E+00
  0.14331E-02  0.17812E+00
  0.14457E-02  0.17814E+00
  0.14585E-02  0.17816E+00
  0.14713E-02  0.17818E+00
  0.14843E-02  0.17820E+00
  0.14974E-02  0.17822E+00
  0.15106E-02  0.17823E+00
  0.15239E-02  0.17825E+00
  0.15373E-02  0.17827E+00
  0.15509E-02  0.17829E+00
  0.15646E-02  0.17831E+00
  0.15783E-02  0.17833E+00
  0.15923E-02  0.17835E+00
  0.16063E-02  0.17837E+00
  0.16205E-02  0.17839E+00
  0.16347E-02  0.17841E+00
  0.16491E-02  0.17843E+00
  0.16637E-02  0.17845E+00
  0.16784E-02  0.17848E+00
  0.16931E-02  0.17850E+00
  0.17081E-02  0.17852E+00
  0.17231E-02  0.17854E+00
  0.17383E-02  0.17856E+00
  0.17536E-02  0.17859E+00
  0.17691E-02  0.17861E+00
  0.17847E-02  0.17863E+00
  0.18004E-02  0.17866E+00
  0.18163E-02  0.17868E+00
  0.18323E-02  0.17870E+00
  0.18485E-02  0.17873E+00
  0.18648E-02  0.17875E+00
  0.18812E-02  0.17878E+00
  0.18978E-02  0.17880E+00
  0.19145E-02  0.17883E+00
  0.19314E-02  0.17885E+00
  0.19484E-02  0.17888E+00
  0.19656E-02  0.17891E+00
  0.19829E-02  0.17893E+00
  0.20004E-02  0.17896E+00
  0.20180E-02  0.17899E+00
  0.20358E-02  0.17901E+00
  0.20538E-02  0.17904E+00
  0.20719E-02  0.17907E+00
  0.20901E-02  0.17910E+00
  0.21085E-02  0.17913E+00
  0.21271E-02  0.17916E+00
  0.21459E-02  0.17919E+00
  0.21648E-02  0.17922E+00
  0.21839E-02  0.17925E+00
  0.22031E-02  0.17928E+00
  0.22226E-02  0.17931E+00
  0.22422E-02  0.17934E+00
  0.22619E-02  0.17937E+00
  0.22819E-02  0.17940E+00
  0.23020E-02  0.17944E+00
  0.23223E-02  0.17947E+00
  0.23427E-02  0.17950E+00
  0.23634E-02  0.17954E+00
  0.23842E-02  0.17957E+00
  0.24052E-02  0.17960E+00
  0.24264E-02  0.17964E+00
  0.24478E-02  0.17967E+00
  0.24694E-02  0.17971E+00
  0.24912E-02  0.17975E+00
  0.25131E-02  0.17978E+00
  0.25353E-02  0.17982E+00
  0.25576E-02  0.17986E+00
  0.25802E-02  0.17989E+00
  0.26029E-02  0.17993E+00
  0.26259E-02  0.17997E+00
  0.26490E-02  0.18001E+00
  0.26724E-02  0.18005E+00
  0.26959E-02  0.18009E+00
  0.27197E-02  0.18013E+00
  0.27437E-02  0.18017E+00
  0.27679E-02  0.18021E+00
  0.27923E-02  0.18026E+00
  0.28169E-02  0.18030E+00
  0.28417E-02  0.18034E+00
  0.28667E-02  0.18038E+00
  0.28920E-02  0.18043E+00
  0.29175E-02  0.18047E+00
  0.29432E-02  0.18052E+00
  0.29692E-02  0.18056E+00
  0.29953E-02  0.18061E+00
  0.30217E-02  0.18066E+00
  0.30484E-02  0.18070E+00
  0.30753E-02  0.18075E+00
  0.31024E-02  0.18080E+00
  0.31297E-02  0.18085E+00
  0.31573E-02  0.18090E+00
  0.31851E-02  0.18095E+00
  0.32132E-02  0.18100E+00
  0.32415E-02  0.18105E+00
  0.32701E-02  0.18110E+00
  0.32989E-02  0.18115E+00
  0.33280E-02  0.18121E+00
  0.33574E-02  0.18126E+00
  0.33870E-02  0.18131E+00
  0.34168E-02  0.18137E+00
  0.34469E-02  0.18142E+00
  0.34773E-02  0.18148E+00
  0.35080E-02  0.18154E+00
  0.35389E-02  0.18159E+00
  0.35701E-02  0.18165E+00
  0.36016E-02  0.18171E+00
  0.36333E-02  0.18177E+00
  0.36653E-02  0.18183E+00
  0.36976E-02  0.18189E+00
  0.37302E-02  0.18195E+00
  0.37631E-02  0.18202E+00
  0.37963E-02  0.18208E+00
  0.38298E-02  0.18214E+00
  0.38635E-02  0.18221E+00
  0.38976E-02  0.18227E+00
  0.39319E-02  0.18234E+00
  0.39666E-02  0.18241E+00
  0.40016E-02  0.18247E+00
  0.40368E-02  0.18254E+00
  0.40724E-02  0.18261E+00
  0.41083E-02  0.18268E+00
  0.41445E-02  0.18275E+00
  0.41811E-02  0.18282E+00
  0.42179E-02  0.18289E+00
  0.42551E-02  0.18297E+00
  0.42926E-02  0.18304E+00
  0.43305E-02  0.18312E+00
  0.43686E-02  0.18319E+00
  0.44071E-02  0.18327E+00
  0.44460E-02  0.18335E+00
  0.44852E-02  0.18342E+00
  0.45247E-02  0.18350E+00
  0.45646E-02  0.18358E+00
  0.46048E-02  0.18366E+00
  0.46454E-02  0.18375E+00
  0.46864E-02  0.18383E+00
  0.47277E-02  0.18391E+00
  0.47694E-02  0.18400E+00
  0.48114E-02  0.18408E+00
  0.48538E-02  0.18417E+00
  0.48966E-02  0.18426E+00
  0.49398E-02  0.18434E+00
  0.49833E-02  0.18443E+00
  0.50272E-02  0.18452E+00
  0.50716E-02  0.18462E+00
  0.51163E-02  0.18471E+00
  0.51614E-02  0.18480E+00
  0.52069E-02  0.18490E+00
  0.52528E-02  0.18499E+00
  0.52991E-02  0.18509E+00
  0.53458E-02  0.18518E+00
  0.53929E-02  0.18528E+00
  0.54404E-02  0.18538E+00
  0.54884E-02  0.18548E+00
  0.55368E-02  0.18558E+00
  0.55856E-02  0.18569E+00
  0.56348E-02  0.18579E+00
  0.56845E-02  0.18589E+00
  0.57346E-02  0.18600E+00
  0.57852E-02  0.18611E+00
  0.58362E-02  0.18621E+00
  0.58876E-02  0.18632E+00
  0.59395E-02  0.18643E+00
  0.59919E-02  0.18654E+00
  0.60447E-02  0.18666E+00
  0.60980E-02  0.18677E+00
  0.61517E-02  0.18689E+00
  0.62059E-02  0.18700E+00
  0.62606E-02  0.18712E+00
  0.63158E-02  0.18724E+00
  0.63715E-02  0.18735E+00
  0.64277E-02  0.18747E+00
  0.64843E-02  0.18760E+00
  0.65415E-02  0.18772E+00
  0.65992E-02  0.18784E+00
  0.66573E-02  0.18797E+00
  0.67160E-02  0.18809E+00
  0.67752E-02  0.18822E+00
  0.68349E-02  0.18835E+00
  0.68952E-02  0.18848E+00
  0.69560E-02  0.18861E+00
  0.70173E-02  0.18874E+00
  0.70792E-02  0.18887E+00
  0.71416E-02  0.18901E+00
  0.72045E-02  0.18914E+00
  0.72680E-02  0.18928E+00
  0.73321E-02  0.18941E+00
  0.73967E-02  0.18955E+00
  0.74619E-02  0.18969E+00
  0.75277E-02  0.18983E+00
  0.75941E-02  0.18997E+00
  0.76610E-02  0.19012E+00
  0.77285E-02  0.19026E+00
  0.77967E-02  0.19041E+00
  0.78654E-02  0.19055E+00
  0.79347E-02  0.19070E+00
  0.80047E-02  0.19085E+00
  0.80752E-02  0.19100E+00
  0.81464E-02  0.19115E+00
  0.82182E-02  0.19130E+00
  0.82907E-02  0.19145E+00
  0.83638E-02  0.19161E+00
  0.84375E-02  0.19176E+00
  0.85119E-02  0.19192E+00
  0.85869E-02  0.19207E+00
  0.86626E-02  0.19223E+00
  0.87389E-02  0.19239E+00
  0.88160E-02  0.19255E+00
  0.88937E-02  0.19270E+00
  0.89721E-02  0.19287E+00
  0.90512E-02  0.19303E+00
  0.91310E-02  0.19319E+00
  0.92115E-02  0.19335E+00
  0.92927E-02  0.19352E+00
  0.93746E-02  0.19368E+00
  0.94572E-02  0.19384E+00
  0.95406E-02  0.19401E+00
  0.96247E-02  0.19418E+00
  0.97095E-02  0.19434E+00
  0.97951E-02  0.19451E+00
  0.98815E-02  0.19468E+00
  0.99686E-02  0.19484E+00
  0.10056E-01  0.19501E+00
  0.10145E-01  0.19518E+00
  0.10235E-01  0.19535E+00
  0.10325E-01  0.19552E+00
  0.10416E-01  0.19569E+00
  0.10508E-01  0.19585E+00
  0.10600E-01  0.19602E+00
  0.10694E-01  0.19619E+00
  0.10788E-01  0.19636E+00
  0.10883E-01  0.19653E+00
  0.10979E-01  0.19670E+00
  0.11076E-01  0.19686E+00
  0.11173E-01  0.19703E+00
  0.11272E-01  0.19720E+00
  0.11371E-01  0.19736E+00
  0.11471E-01  0.19753E+00
  0.11573E-01  0.19769E+00
  0.11675E-01  0.19786E+00
  0.11777E-01  0.19802E+00
  0.11881E-01  0.19818E+00
  0.11986E-01  0.19834E+00
  0.12092E-01  0.19850E+00
  0.12198E-01  0.19865E+00
  0.12306E-01  0.19881E+00
  0.12414E-01  0.19896E+00
  0.12524E-01  0.19912E+00
  0.12634E-01  0.19927E+00
  0.12745E-01  0.19941E+00
  0.12858E-01  0.19956E+00
  0.12971E-01  0.19970E+00
  0.13086E-01  0.19984E+00
  0.13201E-01  0.19998E+00
  0.13317E-01  0.20011E+00
  0.13435E-01  0.20024E+00
  0.13553E-01  0.20037E+00
  0.13673E-01  0.20050E+00
  0.13793E-01  0.20062E+00
  0.13915E-01  0.20073E+00
  0.14037E-01  0.20085E+00
  0.14161E-01  0.20095E+00
  0.14286E-01  0.20106E+00
  0.14412E-01  0.20116E+00
  0.14539E-01  0.20126E+00
  0.14667E-01  0.20135E+00
  0.14796E-01  0.20144E+00
  0.14927E-01  0.20152E+00
  0.15058E-01  0.20160E+00
  0.15191E-01  0.20168E+00
  0.15325E-01  0.20175E+00
  0.15460E-01  0.20182E+00
  0.15596E-01  0.20189E+00
  0.15734E-01  0.20196E+00
  0.15873E-01  0.20202E+00
  0.16012E-01  0.20207E+00
  0.16154E-01  0.20213E+00
  0.16296E-01  0.20218E+00
  0.16440E-01  0.20223E+00
  0.16585E-01  0.20228E+00
  0.16731E-01  0.20233E+00
  0.16878E-01  0.20237E+00
  0.17027E-01  0.20241E+00
  0.17177E-01  0.20245E+00
  0.17329E-01  0.20249E+00
  0.17481E-01  0.20253E+00
  0.17635E-01  0.20257E+00
  0.17791E-01  0.20261E+00
  0.17948E-01  0.20265E+00
  0.18106E-01  0.20269E+00
  0.18265E-01  0.20273E+00
  0.18427E-01  0.20277E+00
  0.18589E-01  0.20281E+00
  0.18753E-01  0.20285E+00
  0.18918E-01  0.20290E+00
  0.19085E-01  0.20295E+00
  0.19253E-01  0.20300E+00
  0.19423E-01  0.20306E+00
  0.19594E-01  0.20312E+00
  0.19767E-01  0.20318E+00
  0.19941E-01  0.20325E+00
  0.20117E-01  0.20333E+00
  0.20294E-01  0.20341E+00
  0.20473E-01  0.20350E+00
  0.20653E-01  0.20360E+00
  0.20836E-01  0.20371E+00
  0.21019E-01  0.20382E+00
  0.21205E-01  0.20395E+00
  0.21391E-01  0.20408E+00
  0.21580E-01  0.20423E+00
  0.21770E-01  0.20438E+00
  0.21962E-01  0.20455E+00
  0.22156E-01  0.20472E+00
  0.22351E-01  0.20490E+00
  0.22548E-01  0.20509E+00
  0.22747E-01  0.20529E+00
  0.22947E-01  0.20550E+00
  0.23150E-01  0.20572E+00
  0.23354E-01  0.20595E+00
  0.23560E-01  0.20618E+00
  0.23767E-01  0.20642E+00
  0.23977E-01  0.20667E+00
  0.24188E-01  0.20693E+00
  0.24401E-01  0.20719E+00
  0.24616E-01  0.20746E+00
  0.24833E-01  0.20774E+00
  0.25052E-01  0.20802E+00
  0.25273E-01  0.20831E+00
  0.25496E-01  0.20861E+00
  0.25721E-01  0.20891E+00
  0.25947E-01  0.20921E+00
  0.26176E-01  0.20952E+00
  0.26407E-01  0.20983E+00
  0.26640E-01  0.21014E+00
  0.26875E-01  0.21046E+00
  0.27111E-01  0.21077E+00
  0.27350E-01  0.21109E+00
  0.27592E-01  0.21141E+00
  0.27835E-01  0.21173E+00
  0.28080E-01  0.21205E+00
  0.28328E-01  0.21236E+00
  0.28577E-01  0.21268E+00
  0.28829E-01  0.21299E+00
  0.29083E-01  0.21330E+00
  0.29340E-01  0.21361E+00
  0.29598E-01  0.21392E+00
  0.29859E-01  0.21423E+00
  0.30123E-01  0.21454E+00
  0.30388E-01  0.21485E+00
  0.30656E-01  0.21516E+00
  0.30926E-01  0.21546E+00
  0.31199E-01  0.21577E+00
  0.31474E-01  0.21608E+00
  0.31751E-01  0.21640E+00
  0.32031E-01  0.21671E+00
  0.32313E-01  0.21702E+00
  0.32598E-01  0.21734E+00
  0.32886E-01  0.21766E+00
  0.33176E-01  0.21798E+00
  0.33468E-01  0.21831E+00
  0.33763E-01  0.21864E+00
  0.34061E-01  0.21897E+00
  0.34361E-01  0.21931E+00
  0.34664E-01  0.21966E+00
  0.34969E-01  0.22001E+00
  0.35278E-01  0.22036E+00
  0.35589E-01  0.22073E+00
  0.35902E-01  0.22110E+00
  0.36219E-01  0.22147E+00
  0.36538E-01  0.22186E+00
  0.36860E-01  0.22224E+00
  0.37185E-01  0.22264E+00
  0.37513E-01  0.22304E+00
  0.37844E-01  0.22345E+00
  0.38177E-01  0.22387E+00
  0.38514E-01  0.22429E+00
  0.38853E-01  0.22471E+00
  0.39196E-01  0.22515E+00
  0.39541E-01  0.22558E+00
  0.39890E-01  0.22603E+00
  0.40241E-01  0.22648E+00
  0.40596E-01  0.22694E+00
  0.40954E-01  0.22740E+00
  0.41315E-01  0.22786E+00
  0.41679E-01  0.22833E+00
  0.42047E-01  0.22881E+00
  0.42417E-01  0.22929E+00
  0.42791E-01  0.22978E+00
  0.43168E-01  0.23027E+00
  0.43549E-01  0.23076E+00
  0.43933E-01  0.23126E+00
  0.44320E-01  0.23177E+00
  0.44711E-01  0.23227E+00
  0.45105E-01  0.23279E+00
  0.45502E-01  0.23330E+00
  0.45904E-01  0.23382E+00
  0.46308E-01  0.23434E+00
  0.46716E-01  0.23487E+00
  0.47128E-01  0.23540E+00
  0.47544E-01  0.23594E+00
  0.47963E-01  0.23647E+00
  0.48386E-01  0.23701E+00
  0.48812E-01  0.23756E+00
  0.49242E-01  0.23810E+00
  0.49676E-01  0.23865E+00
  0.50114E-01  0.23920E+00
  0.50556E-01  0.23976E+00
  0.51002E-01  0.24032E+00
  0.51451E-01  0.24088E+00
  0.51905E-01  0.24144E+00
  0.52363E-01  0.24202E+00
  0.52824E-01  0.24259E+00
  0.53290E-01  0.24318E+00
  0.53759E-01  0.24376E+00
  0.54233E-01  0.24436E+00
  0.54711E-01  0.24497E+00
  0.55194E-01  0.24558E+00
  0.55680E-01  0.24620E+00
  0.56171E-01  0.24683E+00
  0.56666E-01  0.24748E+00
  0.57166E-01  0.24813E+00
  0.57670E-01  0.24880E+00
  0.58178E-01  0.24948E+00
  0.58691E-01  0.25017E+00
  0.59208E-01  0.25087E+00
  0.59730E-01  0.25159E+00
  0.60257E-01  0.25231E+00
  0.60788E-01  0.25304E+00
  0.61324E-01  0.25379E+00
  0.61864E-01  0.25454E+00
  0.62410E-01  0.25530E+00
  0.62960E-01  0.25607E+00
  0.63515E-01  0.25685E+00
  0.64075E-01  0.25764E+00
  0.64640E-01  0.25843E+00
  0.65209E-01  0.25923E+00
  0.65784E-01  0.26004E+00
  0.66364E-01  0.26086E+00
  0.66949E-01  0.26168E+00
  0.67539E-01  0.26252E+00
  0.68135E-01  0.26336E+00
  0.68735E-01  0.26421E+00
  0.69341E-01  0.26507E+00
  0.69952E-01  0.26594E+00
  0.70569E-01  0.26682E+00
  0.71191E-01  0.26771E+00
  0.71819E-01  0.26861E+00
  0.72452E-01  0.26952E+00
  0.73090E-01  0.27044E+00
  0.73735E-01  0.27137E+00
  0.74385E-01  0.27231E+00
  0.75040E-01  0.27327E+00
  0.75702E-01  0.27424E+00
  0.76369E-01  0.27521E+00
  0.77042E-01  0.27621E+00
  0.77722E-01  0.27721E+00
  0.78407E-01  0.27822E+00
  0.79098E-01  0.27925E+00
  0.79795E-01  0.28029E+00
  0.80498E-01  0.28134E+00
  0.81208E-01  0.28241E+00
  0.81924E-01  0.28348E+00
  0.82646E-01  0.28457E+00
  0.83375E-01  0.28567E+00
  0.84110E-01  0.28678E+00
  0.84851E-01  0.28790E+00
  0.85599E-01  0.28904E+00
  0.86354E-01  0.29018E+00
  0.87115E-01  0.29133E+00
  0.87883E-01  0.29249E+00
  0.88657E-01  0.29366E+00
  0.89439E-01  0.29485E+00
  0.90227E-01  0.29605E+00
  0.91023E-01  0.29726E+00
  0.91825E-01  0.29850E+00
  0.92635E-01  0.29975E+00
  0.93451E-01  0.30102E+00
  0.94275E-01  0.30231E+00
  0.95106E-01  0.30362E+00
  0.95944E-01  0.30496E+00
  0.96790E-01  0.30631E+00
  0.97643E-01  0.30769E+00
  0.98504E-01  0.30908E+00
  0.99372E-01  0.31050E+00
  0.10025E+00  0.31193E+00
  0.10113E+00  0.31338E+00
  0.10202E+00  0.31484E+00
  0.10292E+00  0.31632E+00
  0.10383E+00  0.31782E+00
  0.10475E+00  0.31933E+00
  0.10567E+00  0.32086E+00
  0.10660E+00  0.32241E+00
  0.10754E+00  0.32397E+00
  0.10849E+00  0.32556E+00
  0.10944E+00  0.32716E+00
  0.11041E+00  0.32879E+00
  0.11138E+00  0.33043E+00
  0.11236E+00  0.33210E+00
  0.11335E+00  0.33378E+00
  0.11435E+00  0.33549E+00
  0.11536E+00  0.33721E+00
  0.11638E+00  0.33895E+00
  0.11740E+00  0.34071E+00
  0.11844E+00  0.34249E+00
  0.11948E+00  0.34429E+00
  0.12054E+00  0.34612E+00
  0.12160E+00  0.34799E+00
  0.12267E+00  0.34989E+00
  0.12375E+00  0.35183E+00
  0.12484E+00  0.35382E+00
  0.12594E+00  0.35586E+00
  0.12705E+00  0.35794E+00
  0.12817E+00  0.36006E+00
  0.12930E+00  0.36221E+00
  0.13044E+00  0.36438E+00
  0.13159E+00  0.36657E+00
  0.13275E+00  0.36876E+00
  0.13392E+00  0.37097E+00
  0.13510E+00  0.37318E+00
  0.13630E+00  0.37541E+00
  0.13750E+00  0.37766E+00
  0.13871E+00  0.37994E+00
  0.13993E+00  0.38226E+00
  0.14117E+00  0.38463E+00
  0.14241E+00  0.38704E+00
  0.14367E+00  0.38950E+00
  0.14493E+00  0.39201E+00
  0.14621E+00  0.39455E+00
  0.14750E+00  0.39714E+00
  0.14880E+00  0.39977E+00
  0.15011E+00  0.40244E+00
  0.15143E+00  0.40514E+00
  0.15277E+00  0.40787E+00
  0.15411E+00  0.41063E+00
  0.15547E+00  0.41342E+00
  0.15684E+00  0.41622E+00
  0.15823E+00  0.41905E+00
  0.15962E+00  0.42191E+00
  0.16103E+00  0.42481E+00
  0.16245E+00  0.42776E+00
  0.16388E+00  0.43077E+00
  0.16532E+00  0.43384E+00
  0.16678E+00  0.43699E+00
  0.16825E+00  0.44021E+00
  0.16974E+00  0.44350E+00
  0.17123E+00  0.44687E+00
  0.17274E+00  0.45031E+00
  0.17426E+00  0.45381E+00
  0.17580E+00  0.45737E+00
  0.17735E+00  0.46096E+00
  0.17891E+00  0.46455E+00
  0.18049E+00  0.46814E+00
  0.18208E+00  0.47170E+00
  0.18369E+00  0.47527E+00
  0.18531E+00  0.47887E+00
  0.18694E+00  0.48254E+00
  0.18859E+00  0.48632E+00
  0.19025E+00  0.49024E+00
  0.19193E+00  0.49428E+00
  0.19362E+00  0.49842E+00
  0.19532E+00  0.50266E+00
  0.19705E+00  0.50696E+00
  0.19878E+00  0.51131E+00
  0.20054E+00  0.51571E+00
  0.20230E+00  0.52017E+00
  0.20409E+00  0.52470E+00
  0.20589E+00  0.52930E+00
  0.20770E+00  0.53398E+00
  0.20953E+00  0.53874E+00
  0.21138E+00  0.54357E+00
  0.21324E+00  0.54848E+00
  0.21512E+00  0.55346E+00
  0.21702E+00  0.55853E+00
  0.21893E+00  0.56367E+00
  0.22086E+00  0.56890E+00
  0.22281E+00  0.57421E+00
  0.22477E+00  0.57960E+00
  0.22675E+00  0.58508E+00
  0.22875E+00  0.59065E+00
  0.23077E+00  0.59631E+00
  0.23280E+00  0.60207E+00
  0.23485E+00  0.60791E+00
  0.23693E+00  0.61386E+00
  0.23901E+00  0.61990E+00
  0.24112E+00  0.62604E+00
  0.24325E+00  0.63228E+00
  0.24539E+00  0.63862E+00
  0.24755E+00  0.64506E+00
  0.24974E+00  0.65161E+00
  0.25194E+00  0.65827E+00
  0.25416E+00  0.66505E+00
  0.25640E+00  0.67195E+00
  0.25866E+00  0.67898E+00
  0.26094E+00  0.68612E+00
  0.26324E+00  0.69335E+00
  0.26556E+00  0.70065E+00
  0.26790E+00  0.70804E+00
  0.27026E+00  0.71560E+00
  0.27264E+00  0.72345E+00
  0.27505E+00  0.73167E+00
  0.27747E+00  0.74022E+00
  0.27992E+00  0.74896E+00
  0.28239E+00  0.75773E+00
  0.28488E+00  0.76640E+00
  0.28739E+00  0.77502E+00
  0.28992E+00  0.78365E+00
  0.29248E+00  0.79237E+00
  0.29505E+00  0.80127E+00
  0.29765E+00  0.81049E+00
  0.30028E+00  0.82014E+00
  0.30293E+00  0.83030E+00
  0.30560E+00  0.84077E+00
  0.30829E+00  0.85127E+00
  0.31101E+00  0.86157E+00
  0.31375E+00  0.87174E+00
  0.31651E+00  0.88211E+00
  0.31930E+00  0.89302E+00
  0.32212E+00  0.90454E+00
  0.32496E+00  0.91642E+00
  0.32782E+00  0.92832E+00
  0.33071E+00  0.94005E+00
  0.33363E+00  0.95181E+00
  0.33657E+00  0.96385E+00
  0.33954E+00  0.97637E+00
  0.34253E+00  0.98935E+00
  0.34555E+00  0.10027E+01
  0.34859E+00  0.10162E+01
  0.35167E+00  0.10301E+01
  0.35477E+00  0.10444E+01
  0.35789E+00  0.10590E+01
  0.36105E+00  0.10739E+01
  0.36423E+00  0.10887E+01
  0.36744E+00  0.11031E+01
  0.37068E+00  0.11176E+01
  0.37395E+00  0.11327E+01
  0.37725E+00  0.11488E+01
  0.38057E+00  0.11656E+01
  0.38393E+00  0.11829E+01
  0.38731E+00  0.12001E+01
  0.39072E+00  0.12175E+01
  0.39417E+00  0.12352E+01
  0.39764E+00  0.12533E+01
  0.40115E+00  0.12718E+01
  0.40469E+00  0.12908E+01
  0.40825E+00  0.13102E+01
  0.41185E+00  0.13300E+01
  0.41548E+00  0.13502E+01
  0.41914E+00  0.13708E+01
  0.42284E+00  0.13919E+01
  0.42657E+00  0.14135E+01
  0.43033E+00  0.14356E+01
  0.43412E+00  0.14581E+01
  0.43795E+00  0.14810E+01
  0.44181E+00  0.15045E+01
  0.44570E+00  0.15286E+01
  0.44963E+00  0.15532E+01
  0.45359E+00  0.15784E+01
  0.45759E+00  0.16041E+01
  0.46163E+00  0.16303E+01
  0.46570E+00  0.16570E+01
  0.46980E+00  0.16845E+01
  0.47394E+00  0.17126E+01
  0.47812E+00  0.17414E+01
  0.48234E+00  0.17708E+01
  0.48659E+00  0.18010E+01
  0.49088E+00  0.18318E+01
  0.49520E+00  0.18633E+01
  0.49957E+00  0.18955E+01
  0.50397E+00  0.19284E+01
  0.50842E+00  0.19621E+01
  0.51290E+00  0.19965E+01
  0.51742E+00  0.20318E+01
  0.52198E+00  0.20680E+01
  0.52658E+00  0.21051E+01
  0.53122E+00  0.21432E+01
  0.53590E+00  0.21822E+01
  0.54063E+00  0.22221E+01
  0.54539E+00  0.22628E+01
  0.55020E+00  0.23044E+01
  0.55505E+00  0.23471E+01
  0.55995E+00  0.23910E+01
  0.56488E+00  0.24360E+01
  0.56986E+00  0.24820E+01
  0.57488E+00  0.25291E+01
  0.57995E+00  0.25772E+01
  0.58506E+00  0.26264E+01
  0.59022E+00  0.26769E+01
  0.59542E+00  0.27289E+01
  0.60067E+00  0.27822E+01
  0.60597E+00  0.28368E+01
  0.61131E+00  0.28927E+01
  0.61670E+00  0.29500E+01
  0.62214E+00  0.30089E+01
  0.62762E+00  0.30696E+01
  0.63315E+00  0.31318E+01
  0.63873E+00  0.31952E+01
  0.64436E+00  0.32601E+01
  0.65004E+00  0.33269E+01
  0.65577E+00  0.33955E+01
  0.66155E+00  0.34657E+01
  0.66739E+00  0.35377E+01
  0.67327E+00  0.36119E+01
  0.67920E+00  0.36883E+01
  0.68519E+00  0.37668E+01
  0.69123E+00  0.38473E+01
  0.69732E+00  0.39298E+01
  0.70347E+00  0.40145E+01
  0.70967E+00  0.41017E+01
  0.71593E+00  0.41912E+01
  0.72224E+00  0.42830E+01
  0.72861E+00  0.43773E+01
  0.73503E+00  0.44744E+01
  0.74151E+00  0.45749E+01
  0.74804E+00  0.46785E+01
  0.75464E+00  0.47840E+01
  0.76129E+00  0.48923E+01
  0.76800E+00  0.50051E+01
  0.77477E+00  0.51214E+01
  0.78160E+00  0.52402E+01
  0.78849E+00  0.53624E+01
  0.79544E+00  0.54889E+01
  0.80245E+00  0.56188E+01
  0.80953E+00  0.57524E+01
  0.81666E+00  0.58907E+01
  0.82386E+00  0.60331E+01
  0.83113E+00  0.61790E+01
  0.83845E+00  0.63304E+01
  0.84584E+00  0.64870E+01
  0.85330E+00  0.66436E+01
  0.86082E+00  0.68084E+01
  0.86841E+00  0.69932E+01
  0.87606E+00  0.71485E+01
  0.88379E+00  0.72262E+01
  0.89158E+00  0.72574E+01
  0.89944E+00  0.72738E+01
  0.90737E+00  0.72903E+01
  0.91536E+00  0.73095E+01
  0.92343E+00  0.73289E+01
  0.93157E+00  0.73483E+01
  0.93979E+00  0.73672E+01
  0.94807E+00  0.73855E+01
  0.95643E+00  0.74044E+01
  0.96486E+00  0.74244E+01
  0.97336E+00  0.74443E+01
  0.98194E+00  0.74634E+01
  0.99060E+00  0.74820E+01
  0.99933E+00  0.75013E+01
  0.10081E+01  0.75216E+01
  0.10170E+01  0.75415E+01
  0.10260E+01  0.75605E+01
  0.10350E+01  0.75793E+01
  0.10442E+01  0.75993E+01
  0.10534E+01  0.76197E+01
  0.10627E+01  0.76394E+01
  0.10720E+01  0.76583E+01
  0.10815E+01  0.76776E+01
  0.10910E+01  0.76980E+01
  0.11006E+01  0.77176E+01
  0.11103E+01  0.77371E+01
  0.11201E+01  0.77576E+01
  0.11300E+01  0.77768E+01
  0.11399E+01  0.77958E+01
  0.11500E+01  0.78164E+01
  0.11601E+01  0.78367E+01
  0.11704E+01  0.78566E+01
  0.11807E+01  0.78768E+01
  0.11911E+01  0.78975E+01
  0.12016E+01  0.79183E+01
  0.12122E+01  0.79393E+01
  0.12229E+01  0.79610E+01
  0.12336E+01  0.79833E+01
  0.12445E+01  0.80052E+01
  0.12555E+01  0.80265E+01
  0.12665E+01  0.80503E+01
  0.12777E+01  0.80739E+01
  0.12890E+01  0.80944E+01
  0.13003E+01  0.81165E+01
  0.13118E+01  0.81422E+01
  0.13234E+01  0.81682E+01
  0.13350E+01  0.81908E+01
  0.13468E+01  0.82152E+01
  0.13587E+01  0.82411E+01
  0.13706E+01  0.82664E+01
  0.13827E+01  0.82944E+01
  0.13949E+01  0.83229E+01
  0.14072E+01  0.83499E+01
  0.14196E+01  0.83765E+01
  0.14321E+01  0.84053E+01
  0.14448E+01  0.84329E+01
  0.14575E+01  0.84603E+01
  0.14703E+01  0.84905E+01
  0.14833E+01  0.85203E+01
  0.14964E+01  0.85501E+01
  0.15096E+01  0.85808E+01
  0.15229E+01  0.86122E+01
  0.15363E+01  0.86442E+01
  0.15498E+01  0.86758E+01
  0.15635E+01  0.87072E+01
  0.15773E+01  0.87394E+01
  0.15912E+01  0.87728E+01
  0.16052E+01  0.88052E+01
  0.16194E+01  0.88381E+01
  0.16336E+01  0.88717E+01
  0.16480E+01  0.89048E+01
  0.16626E+01  0.89391E+01
  0.16772E+01  0.89725E+01
  0.16920E+01  0.90061E+01
  0.17069E+01  0.90403E+01
  0.17220E+01  0.90738E+01
  0.17372E+01  0.91084E+01
  0.17525E+01  0.91420E+01
  0.17679E+01  0.91754E+01
  0.17835E+01  0.92093E+01
  0.17992E+01  0.92426E+01
  0.18151E+01  0.92767E+01
  0.18311E+01  0.93099E+01
  0.18472E+01  0.93404E+01
  0.18635E+01  0.93730E+01
  0.18799E+01  0.94068E+01
  0.18965E+01  0.94334E+01
  0.19132E+01  0.94636E+01
  0.19301E+01  0.94966E+01
  0.19471E+01  0.95261E+01
  0.19643E+01  0.95582E+01
  0.19816E+01  0.95839E+01
  0.19991E+01  0.96147E+01
  0.20167E+01  0.97509E+01
  0.20345E+01  0.99062E+01
  0.20524E+01  0.10055E+02
  0.20705E+01  0.10210E+02
  0.20887E+01  0.10370E+02
  0.21071E+01  0.10531E+02
  0.21257E+01  0.10696E+02
  0.21445E+01  0.10865E+02
  0.21634E+01  0.11031E+02
  0.21824E+01  0.11202E+02
  0.22017E+01  0.11378E+02
  0.22211E+01  0.11554E+02
  0.22407E+01  0.11735E+02
  0.22604E+01  0.11921E+02
  0.22803E+01  0.12102E+02
  0.23004E+01  0.12291E+02
  0.23207E+01  0.12485E+02
  0.23412E+01  0.12675E+02
  0.23618E+01  0.12872E+02
  0.23826E+01  0.13075E+02
  0.24036E+01  0.13278E+02
  0.24248E+01  0.13483E+02
  0.24462E+01  0.13688E+02
  0.24678E+01  0.13895E+02
  0.24895E+01  0.14113E+02
  0.25115E+01  0.14333E+02
  0.25336E+01  0.14553E+02
  0.25559E+01  0.14775E+02
  0.25785E+01  0.14997E+02
  0.26012E+01  0.15227E+02
  0.26241E+01  0.15464E+02
  0.26472E+01  0.15701E+02
  0.26706E+01  0.15934E+02
  0.26941E+01  0.16173E+02
  0.27179E+01  0.16422E+02
  0.27418E+01  0.16664E+02
  0.27660E+01  0.16920E+02
  0.27904E+01  0.17177E+02
  0.28150E+01  0.17436E+02
  0.28398E+01  0.17695E+02
  0.28648E+01  0.17956E+02
  0.28901E+01  0.18221E+02
  0.29156E+01  0.18492E+02
  0.29413E+01  0.18769E+02
  0.29672E+01  0.19049E+02
  0.29933E+01  0.19330E+02
  0.30197E+01  0.19612E+02
  0.30463E+01  0.19901E+02
  0.30732E+01  0.20200E+02
  0.31003E+01  0.20498E+02
  0.31276E+01  0.20796E+02
  0.31552E+01  0.21095E+02
  0.31830E+01  0.21401E+02
  0.32111E+01  0.21718E+02
  0.32394E+01  0.22030E+02
  0.32679E+01  0.22339E+02
  0.32967E+01  0.22665E+02
  0.33258E+01  0.22992E+02
  0.33551E+01  0.23328E+02
  0.33847E+01  0.23650E+02
  0.34145E+01  0.23994E+02
  0.34446E+01  0.24340E+02
  0.34750E+01  0.24675E+02
  0.35056E+01  0.25024E+02
  0.35365E+01  0.25375E+02
  0.35677E+01  0.25719E+02
  0.35991E+01  0.26076E+02
  0.36309E+01  0.26429E+02
  0.36629E+01  0.26796E+02
  0.36952E+01  0.27164E+02
  0.37277E+01  0.27530E+02
  0.37606E+01  0.27897E+02
  0.37938E+01  0.28260E+02
  0.38272E+01  0.28651E+02
  0.38609E+01  0.29015E+02
  0.38950E+01  0.29402E+02
  0.39293E+01  0.29791E+02
  0.39639E+01  0.30178E+02
  0.39989E+01  0.30564E+02
  0.40341E+01  0.30949E+02
  0.40697E+01  0.31361E+02
  0.41056E+01  0.31743E+02
  0.41418E+01  0.32153E+02
  0.41783E+01  0.32559E+02
  0.42151E+01  0.32937E+02
  0.42523E+01  0.33364E+02
  0.42897E+01  0.33771E+02
  0.43276E+01  0.34168E+02
  0.43657E+01  0.34569E+02
  0.44042E+01  0.34990E+02
  0.44430E+01  0.35390E+02
  0.44822E+01  0.35801E+02
  0.45217E+01  0.36208E+02
  0.45615E+01  0.36625E+02
  0.46018E+01  0.37030E+02
  0.46423E+01  0.37430E+02
  0.46832E+01  0.37861E+02
  0.47245E+01  0.38262E+02
  0.47662E+01  0.38667E+02
  0.48082E+01  0.39080E+02
  0.48506E+01  0.39480E+02
  0.48933E+01  0.39869E+02
  0.49365E+01  0.40246E+02
  0.49800E+01  0.40661E+02
  0.50239E+01  0.41046E+02
  0.50682E+01  0.41429E+02
  0.51128E+01  0.41824E+02
  0.51579E+01  0.42211E+02
  0.52034E+01  0.42587E+02
  0.52493E+01  0.42965E+02
  0.52955E+01  0.43357E+02
  0.53422E+01  0.43719E+02
  0.53893E+01  0.44084E+02
  0.54368E+01  0.44463E+02
  0.54847E+01  0.44811E+02
  0.55331E+01  0.45168E+02
  0.55819E+01  0.45516E+02
  0.56311E+01  0.45859E+02
  0.56807E+01  0.46243E+02
  0.57308E+01  0.46577E+02
  0.57813E+01  0.46906E+02
  0.58323E+01  0.47265E+02
  0.58837E+01  0.47579E+02
  0.59355E+01  0.47933E+02
  0.59879E+01  0.48271E+02
  0.60406E+01  0.48604E+02
  0.60939E+01  0.48928E+02
  0.61476E+01  0.49245E+02
  0.62018E+01  0.49555E+02
  0.62565E+01  0.49854E+02
  0.63116E+01  0.50193E+02
  0.63673E+01  0.50482E+02
  0.64234E+01  0.50813E+02
