0.000000000000000000e+00
0.000000000000000000e+00
3.365483490035625636e+00
2.033500564791113074e+00
1.221639719274926872e+00
7.375202913567397989e-01
4.485895110025882593e-01
2.753830360346710138e-01
1.716182253486024101e-01
1.096346022932758041e-01
7.314198896221327240e-02
5.224087783810299479e-02
4.076820620466139328e-02
3.445395020090784299e-02
3.068288825006031811e-02
2.822982798638228388e-02
2.644019817131527603e-02
2.491919506141550625e-02
2.348294578841212538e-02
2.208539635473624405e-02
2.069711160114990137e-02
1.942347457946728626e-02
1.833051017877174518e-02
1.739372367373392264e-02
1.658237322319812412e-02
1.587229272982904754e-02
1.525238758114634205e-02
1.467240124509899823e-02
1.409770358516070250e-02
1.351607046251332780e-02
1.291498605720913656e-02
1.229718172771085416e-02
1.166673271810391398e-02
1.101517424173105789e-02
1.034613580623394875e-02
9.694057331077076192e-03
9.079014084631045062e-03
8.481853280957933269e-03
7.891714663147154571e-03
7.311452748796859122e-03
6.744846178835159876e-03
6.193425517077020756e-03
5.650691902503369134e-03
5.110567584153628135e-03
4.569906646903698459e-03
4.027005771514568545e-03
3.476385876248020996e-03
2.924911883687943658e-03
2.388759128327769699e-03
1.879800815636557040e-03
1.391294346548608988e-03
9.132415567516755442e-04
4.337358507586779499e-04
-5.417545905844537953e-05
-5.395500271862227514e-04
-1.012735231784491407e-03
-1.477532755412011524e-03
-1.933799470676113037e-03
-2.382726351001446599e-03
-2.825658477127091298e-03
-3.261247849193731931e-03
-3.688007155845574384e-03
-4.107234266467392828e-03
-4.520402762665313469e-03
-4.928977627752370236e-03
-5.333677373696014447e-03
-5.731310776806778501e-03
-6.118382707485125506e-03
-6.493428293800898414e-03
-6.854916144137231625e-03
-7.206067656121456673e-03
-7.550269762025329200e-03
-7.889485934511629439e-03
-8.224087069876841877e-03
-8.553169966535585297e-03
-8.874944130730574865e-03
-9.188782723155217505e-03
-9.494870104555765827e-03
-9.794916919955713036e-03
-1.008491008797938668e-02
-1.036725575684631709e-02
-1.064319751446515111e-02
-1.091017983547580734e-02
-1.116950641095579289e-02
-1.142061329363818802e-02
-1.166386109691203675e-02
-1.189875068396518965e-02
-1.212484061236562306e-02
-1.234254417147062459e-02
-1.255460434973898476e-02
-1.275739785996207049e-02
-1.295287807174062313e-02
-1.313990587907483930e-02
-1.332032410180270833e-02
-1.349231371225931980e-02
-1.365697174826984057e-02
-1.381396615054635534e-02
-1.396432316271650591e-02
-1.410510987326029503e-02
-1.424061736590864075e-02
-1.436672093901043314e-02
-1.448694434104413897e-02
-1.459976391765353473e-02
-1.470553947314221475e-02
-1.480346076768465288e-02
-1.489504441418988169e-02
-1.497948604356691936e-02
-1.505659116704889840e-02
-1.512725433028234978e-02
-1.519126429272969411e-02
-1.524791677617021342e-02
-1.529808044264952503e-02
-1.534207297311715630e-02
-1.537922030124821635e-02
-1.540985943415295462e-02
-1.543383929127891373e-02
-1.545148782879648269e-02
-1.546220634589500799e-02
-1.546723162749442763e-02
-1.546552383487781977e-02
-1.545784748919209160e-02
-1.544407118757697324e-02
-1.542407684663297564e-02
-1.539817075870433642e-02
-1.536583369380318739e-02
-1.532778069031454256e-02
-1.528429391746485323e-02
-1.523486909865837471e-02
-1.518017874632480828e-02
-1.511973423203531210e-02
-1.505381837366655956e-02
-1.498306419971953685e-02
-1.490663882600461350e-02
-1.482552511152036671e-02
-1.473856745853280824e-02
-1.464707685987397950e-02
-1.454993093943593961e-02
-1.444840163067981353e-02
-1.434172586224329894e-02
-1.423047837762759886e-02
-1.411488614219243848e-02
-1.399422463232276835e-02
-1.386935955006946691e-02
-1.374050120206444722e-02
-1.360754978882475381e-02
-1.347041324287447800e-02
-1.332929955436989132e-02
-1.318383017433112994e-02
-1.303507367214578813e-02
-1.288263833116351335e-02
-1.272615492945565821e-02
-1.256637061435917496e-02
-1.240318503104577072e-02
-1.223623805301937532e-02
-1.206624275161760455e-02
-1.189309794558736540e-02
-1.171722218357506076e-02
-1.153800117361301544e-02
-1.135610337045175888e-02
-1.117142444238785476e-02
-1.098386648885524459e-02
-1.079406042706831242e-02
-1.060189368123508336e-02
-1.040726017624187157e-02
-1.021052441603529509e-02
-1.001157562472576416e-02
-9.810535892838480668e-03
-9.607746395185037813e-03
-9.403090437519745493e-03
-9.196457547936262231e-03
-8.988175472963986709e-03
-8.777916641915177454e-03
-8.566213924642473304e-03
-8.353159019600686283e-03
-8.138633657989400097e-03
-7.922933472735090715e-03
-7.705736217924887693e-03
-7.487731719144440252e-03
-7.268593535789729700e-03
-7.048400054087490367e-03
-6.827419467304226934e-03
-6.605908564411930133e-03
-6.383547241468289640e-03
-6.160589300205929729e-03
-5.937093284530886757e-03
-5.713480623703842860e-03
-5.489251679870798227e-03
-5.264821731109802297e-03
-5.040411853986461257e-03
-4.815708972695732261e-03
-4.591278808922245012e-03
-4.366635600424819026e-03
-4.142330987003380559e-03
-3.918390495236455037e-03
-3.694506317020954805e-03
-3.471205069625770637e-03
-3.248341062413729208e-03
-3.026096476969586911e-03
-2.804486574218754708e-03
-2.583683686866861812e-03
-2.363540502864917587e-03
-2.144224807060744319e-03
-1.925897579035756391e-03
-1.708561521881322163e-03
-1.492429290538921675e-03
-1.277318159179179546e-03
-1.063391023952543410e-03
-8.507020798077713410e-04
-6.393320272308194302e-04
-4.293295223566092429e-04
-2.208119196646366649e-04
-1.376536171205399875e-05
1.916847391082159176e-04
3.955558895503168333e-04
5.977151439033760510e-04
7.980619477375001068e-04
9.967143717571917607e-04
1.193388153405668898e-03
1.388191500568268467e-03
1.581229179110678297e-03
1.772008163966402351e-03
1.960693959743171118e-03
2.147319763506876610e-03
2.331918089562026730e-03
2.514022121122689007e-03
2.694170549414821869e-03
2.871781394151240625e-03
3.047264749894018025e-03
3.220294928754419139e-03
3.390796642705003975e-03
3.558934286359165255e-03
3.724632669498960033e-03
3.887819708349541173e-03
4.048311079122402824e-03
4.206272062433207524e-03
4.361523042838075931e-03
4.514115683038412256e-03
4.663989093564678903e-03
4.811195443892866790e-03
4.955676193900133801e-03
5.097266669584849842e-03
5.236131399555046806e-03
5.372109547659803704e-03
5.505258043130383666e-03
5.635632535725364038e-03
5.762974676968434136e-03
5.887448659758891603e-03
6.009008829347356993e-03
6.127611555160581390e-03
6.243316099206318130e-03
6.355980139344040436e-03
6.465665092945867796e-03
6.572431007608911871e-03
6.676141046956666873e-03
6.776857223626041142e-03
6.874640174100826208e-03
6.969453692657948812e-03
7.060694664483728629e-03
7.149565682211054228e-03
7.234807031977991652e-03
7.317790562446676271e-03
7.396539060610240503e-03
7.473147984721361173e-03
7.547025697778590725e-03
7.617598790513981262e-03
7.684133292325586589e-03
7.748837231710637395e-03
7.809726429731393173e-03
7.868100759810403230e-03
7.923492020788729107e-03
7.975875600675882623e-03
8.025313336647466045e-03
8.071358048730790935e-03
8.115172039480684704e-03
8.155049192721289600e-03
8.192810059037538770e-03
8.226689285416687383e-03
8.258889135816920371e-03
8.287174865584584493e-03
8.312432174820919700e-03
8.335522144933976002e-03
8.355696066108688966e-03
8.373014026746724431e-03
8.387534858001515631e-03
8.398539886134906776e-03
8.407643497166940663e-03
8.413353684268272403e-03
8.417260804587635425e-03
8.417892080012442588e-03
8.415315006931255518e-03
8.411084774879461906e-03
8.403756651143436118e-03
8.394128764909844498e-03
8.381519161941982862e-03
8.366713606896926392e-03
8.349037920202100407e-03
8.329265807838623012e-03
8.306730761678116429e-03
8.282194724341119738e-03
8.254298289833249605e-03
8.224501697769956779e-03
8.192844540934152847e-03
8.159365615939393260e-03
8.122738691798518651e-03
8.083705514381500992e-03
8.042988842266635824e-03
7.999955233992784784e-03
7.953987914774276330e-03
7.907787333396070623e-03
7.858081217247252573e-03
7.806895217789054479e-03
7.752965793023041882e-03
7.698278876915269804e-03
7.640934330946705204e-03
7.582256579364629080e-03
7.521643170620047336e-03
7.458507016698524145e-03
7.394769208616413028e-03
7.328586636161437545e-03
7.260624400812146738e-03
7.192142994725230463e-03
7.121332392330725382e-03
7.049448046216428947e-03
6.975313123381533635e-03
6.899569962670232086e-03
6.823438427976245835e-03
6.745161690715295241e-03
6.665954875288702605e-03
6.585257045018266635e-03
6.503678408592077423e-03
6.420088914531846096e-03
6.336244637841167461e-03
6.251018053626059001e-03
6.165003439719732477e-03
6.077657930074597398e-03
5.989009875686725388e-03
5.900196885265697466e-03
5.809020110433886670e-03
5.718267824201770169e-03
5.626301887506551108e-03
5.534232219848020037e-03
5.440449077523920422e-03
5.346004827752095720e-03
5.251128774207456697e-03
5.155674374528729925e-03
5.059656426678710642e-03
4.963508107972946712e-03
4.866403923818155702e-03
4.768830662449480631e-03
4.670698258391493135e-03
4.572481341737642292e-03
4.473830136529637243e-03
4.374655634174828833e-03
4.275826213866973542e-03
4.176140838328871660e-03
4.076414091561763806e-03
3.976997441623034493e-03
3.877152944703050191e-03
3.777625712882415592e-03
3.677685847510168363e-03
3.577924966588375433e-03
3.478104292261912679e-03
3.378372813104223854e-03
3.278828696308591639e-03
3.179284198748774052e-03
3.080073030999846365e-03
2.981053858945279487e-03
2.882274482592436272e-03
2.783827919326268326e-03
2.685667092627160805e-03
2.587929001840362595e-03
2.490520043396656034e-03
2.393620278312382204e-03
2.297090606955212548e-03
2.201108452850961822e-03
2.105624625069856502e-03
2.010679580565215285e-03
1.916401059440028505e-03
1.822650912284969234e-03
1.729599232767217894e-03
1.637152110291771601e-03
1.545390227158536123e-03
1.454435476318476647e-03
1.364150824382284613e-03
1.274699519198033756e-03
1.185987692966116239e-03
1.098133657333846261e-03
1.011127692284607580e-03
9.249602094997961535e-04
8.397459975504139402e-04
7.554326147408389628e-04
6.720506023663952531e-04
5.896298098476871093e-04
5.081994083460375164e-04
4.277879040986628536e-04
3.483307635102238426e-04
2.699804937731187606e-04
1.926558243118847464e-04
1.164036421060335761e-04
4.124226145238931601e-05
-3.281162412003015401e-05
-1.057409549499850962e-04
-1.775321947558396228e-04
-2.481713863528472227e-04
-3.176115227793156921e-04
-3.859021371842524892e-04
-4.529816061560040579e-04
-5.189068946780655417e-04
-5.835419117087899815e-04
-6.469406494946789961e-04
-7.091561412215806109e-04
-7.700920550469204711e-04
-8.298017126809496477e-04
-8.882272523414030951e-04
-9.453851543908939250e-04
-1.001218882069684988e-03
-1.055817951624959299e-03
-1.109162116633482728e-03
-1.161123977413609917e-03
-1.211828574332210343e-03
-1.261185459350853315e-03
-1.309247447804191876e-03
-1.356031248020198293e-03
-1.401448241605402585e-03
-1.445585902610202391e-03
-1.488356632250819548e-03
-1.529812723717587997e-03
-1.569971202326357574e-03
-1.608780422011817611e-03
-1.646257903463495135e-03
-1.682454832213317467e-03
-1.717286548815534627e-03
-1.750837989433264800e-03
-1.783025436411239542e-03
-1.813966481182881273e-03
-1.843611000445765594e-03
-1.871942844047452511e-03
-1.898946238099770466e-03
-1.924638455016956622e-03
-1.949101592494309650e-03
-1.972222054753592323e-03
-1.994114018212673513e-03
-2.014729235552422011e-03
-2.034084292294385983e-03
-2.052163752621282648e-03
-2.069015850006156610e-03
-2.084593482071705507e-03
-2.098975964164369323e-03
-2.112147566448140980e-03
-2.124092909709981124e-03
-2.134858877689985689e-03
-2.144399129645062872e-03
-2.152852329581542417e-03
-2.160110361389720474e-03
-2.166249573471573479e-03
-2.171254193918266493e-03
-2.174988188145484530e-03
-2.177888326354137077e-03
-2.179367635374099017e-03
-2.179950457883113746e-03
-2.179470644277638376e-03
-2.177941978607769984e-03
-2.175201824879011755e-03
-2.171821584030971582e-03
-2.166935956120412485e-03
-2.161434303234024534e-03
-2.154689490444465418e-03
-2.147148836167031647e-03
-2.138593697851277030e-03
-2.129236761153236422e-03
-2.118889789659292918e-03
-2.107593884008460670e-03
-2.095530219959529719e-03
-2.082512645634361417e-03
-2.068776785218019981e-03
-2.054109722913726420e-03
-2.038606553605807562e-03
-2.022498615167282743e-03
-2.005327374508207756e-03
-1.987789735816527289e-03
-1.969292006165265004e-03
-1.950036298827649518e-03
-1.930113473204935317e-03
-1.909639803206156184e-03
-1.888462013195200181e-03
-1.866615973591492219e-03
-1.844190095167603074e-03
-1.821139182324247761e-03
-1.797524128096161496e-03
-1.773326194997398852e-03
-1.748579210450181476e-03
-1.723342490367695771e-03
-1.697622607175308489e-03
-1.671374452621405627e-03
-1.644682145920545353e-03
-1.617551701331460413e-03
-1.590014546279600819e-03
-1.562050852590944399e-03
-1.533716982351073822e-03
-1.504992867044755139e-03
-1.475959106649403496e-03
-1.446595104718558216e-03
-1.416930373720732151e-03
-1.386969188736930864e-03
-1.356715771302748974e-03
-1.326272645476666342e-03
-1.295544796539664558e-03
-1.264633878220202757e-03
-1.233518461969421772e-03
-1.202274280897663123e-03
-1.170855344222667674e-03
-1.139312447093271440e-03
-1.107647757059942745e-03
-1.075911070872386660e-03
-1.044080208933959725e-03
-1.012204271093392581e-03
-9.802844963868830898e-04
-9.483455684394899920e-04
-9.164117923531990085e-04
-8.844605373490161933e-04
-8.525622880452854999e-04
-8.207402432602893321e-04
-7.889482001498730572e-04
-7.572552928306839357e-04
-7.256610817146848811e-04
-6.941651295916783770e-04
-6.628123345161487587e-04
-6.316017488468179692e-04
-6.005774235660501061e-04
-5.696930973135937290e-04
-5.390594792376474402e-04
-5.085854297961302012e-04
-4.783362765241635887e-04
-4.483542859962243534e-04
-4.186370972808408503e-04
-3.891604625499254393e-04
-3.599659722177914753e-04
-3.310728400628400007e-04
-3.024999830111324735e-04
-2.742228508111808037e-04
-2.463032728754043096e-04
-2.187164415711714577e-04
-1.914955429036741875e-04
-1.646456094620828993e-04
-1.381737044127097282e-04
-1.120909954689436241e-04
-8.641688693674317331e-05
-6.114952326770776232e-05
-3.631003275717771067e-05
-1.190694308534933226e-05
1.205281014559547845e-05
3.556075642369256135e-05
5.859868520523614835e-05
8.116856036396370602e-05
1.032586442813232178e-04
1.248553502660396119e-04
1.459615361567043819e-04
1.665476926224044067e-04
1.866290671097866184e-04
2.061946162172753789e-04
2.252394732921329866e-04
2.437289674222008825e-04
2.616885140547669532e-04
2.791431891223008078e-04
2.959994283291908241e-04
3.123221915723653616e-04
3.280776518668347317e-04
3.432714977513998036e-04
3.578899178193426780e-04
3.719774337346382726e-04
3.854428298864645617e-04
3.983308481331381727e-04
4.106472878150023952e-04
4.223596814748267910e-04
4.334931453712660416e-04
4.440345268715138629e-04
4.540086870303707391e-04
4.633836447182032949e-04
4.721466557450569438e-04
4.803413030528899804e-04
4.878987178258895594e-04
4.948996500624622263e-04
5.012941399523102677e-04
5.070882946928989294e-04
5.122881592655642363e-04
5.168997171409198078e-04
5.209106249459199631e-04
5.243451354981537756e-04
5.271546246685759277e-04
5.293996310731152646e-04
5.310497983535219808e-04
5.321290753105086977e-04
5.326074141192577030e-04
5.325265418676347097e-04
5.318565340658452977e-04
5.306210410563821445e-04
5.288080986835741936e-04
5.264587208440837983e-04
5.235256885167640555e-04
5.200498423279664587e-04
5.160192259348958402e-04
5.114394262509295522e-04
5.063159744070821686e-04
5.006888492698569147e-04
4.945115468077415513e-04
4.878067440841167752e-04
4.805968372366528000e-04
4.728869198501587691e-04
4.646480967537147005e-04
4.559195217646045003e-04
4.467061368614867181e-04
4.370128351388131624e-04
4.268444613408261179e-04
4.162058123890128897e-04
4.051016379031122192e-04
3.935366407157565947e-04
3.815485405125997932e-04
3.691086709383611204e-04
3.562380238703673121e-04
3.429737062903360557e-04
3.292870841210058901e-04
3.151987037223926823e-04
3.007126462737418418e-04
2.858491154843657432e-04
2.706280686923145571e-04
2.550049827289575365e-04
2.390479696717793851e-04
2.227445009166078693e-04
2.060822173499000237e-04
1.891123505658538946e-04
1.717906600853644401e-04
1.541900657239420893e-04
1.362710653452108879e-04
1.180713790773863582e-04
9.959548681727446446e-05
8.085248779993461866e-05
6.185292606383506237e-05
4.259176095517547148e-05
2.310409361706653659e-05
3.378195386694658602e-06
-1.655952601921452979e-05
-3.670771943060434323e-05
-5.705317220542327868e-05
-7.758465054304516809e-05
-9.829105427813797174e-05
-1.191674471608644540e-04
-1.402014324994831486e-04
-1.613897536899101608e-04
-1.827052852477200500e-04
-2.041420832528230769e-04
-2.256987278013227144e-04
-2.473590099303829060e-04
-2.691216735917448689e-04
-2.909413374392390587e-04
-3.128465098322324544e-04
-3.348068581111148185e-04
-3.568215734364618393e-04
-3.788607870403146627e-04
-4.009529512685387591e-04
-4.230394963338553085e-04
-4.451489741766530566e-04
-4.672234386019456787e-04
-4.893201664700537901e-04
-5.113815659839461136e-04
-5.334076556412129357e-04
-5.553984546744646610e-04
-5.773256945472064836e-04
-5.991896500149490644e-04
-6.209905942543343009e-04
-6.427007633332816302e-04
-6.643067020060504368e-04
-6.858229864114615123e-04
-7.072362362186107284e-04
-7.285055287686032898e-04
-7.496594827102211461e-04
-7.706713023717447295e-04
-7.915282409228511151e-04
-8.122177056541761029e-04
-8.327682013347531293e-04
-8.531262524423949539e-04
-8.733068565070977937e-04
-8.932707262645514729e-04
-9.130734611153427721e-04
-9.326624205039591364e-04
-9.520392233275867941e-04
-9.711921040234982108e-04
-9.900161146416406113e-04
-1.008660107039507448e-03
-1.027085646291245628e-03
-1.045188665883517659e-03
-1.063103515385791474e-03
-1.080700199068504929e-03
-1.098007451648771136e-03
-1.115105941868902448e-03
-1.131814882402071417e-03
-1.148228344463865470e-03
-1.164555897451388872e-03
-1.180384800023622904e-03
-1.195938057072622575e-03
-1.211115107800209752e-03
-1.226008613800348658e-03
-1.240633581539434547e-03
-1.254788414192312346e-03
-1.268857808107428601e-03
-1.282411894780166204e-03
-1.295568497128645954e-03
-1.308393765357846470e-03
-1.321015873803489671e-03
-1.333060878325137508e-03
-1.344907957743698588e-03
-1.356309706470473254e-03
-1.367269736877367017e-03
-1.378039168455361813e-03
-1.388249208087419945e-03
-1.398150576669606729e-03
-1.407745741167907606e-03
-1.416914757743275048e-03
-1.425539026115809791e-03
-1.433988115829201888e-03
-1.441777898778904155e-03
-1.449518940491268532e-03
-1.456487356006317757e-03
-1.463170932787650905e-03
-1.469571951502710201e-03
-1.475572971644175356e-03
-1.481057853256903534e-03
-1.486149832225530654e-03
-1.490852084578375095e-03
-1.495167760374195402e-03
-1.499099983938576063e-03
-1.502651854097893352e-03
-1.505591599363411250e-03
-1.508275496993288431e-03
-1.510588822545694092e-03
-1.512301640692634112e-03
-1.513883416403777283e-03
-1.514756029548173068e-03
-1.515502826681246413e-03
-1.515548784447368416e-03
-1.515359159865259028e-03
-1.514821274408471386e-03
-1.513823669555019362e-03
-1.512370063563122941e-03
-1.510577807428774375e-03
-1.508336286666153584e-03
-1.505875241406194782e-03
-1.502745454994051759e-03
-1.499289666699336367e-03
-1.495622670807903636e-03
-1.491522493480013914e-03
-1.486992634615248721e-03
-1.482147821738505431e-03
-1.476768692133118444e-03
-1.471191546345923529e-03
-1.465086896683503916e-03
-1.458679149680029057e-03
-1.451970771694345271e-03
-1.444854709226369880e-03
-1.437334255039621981e-03
-1.429521599948424277e-03
-1.421419125789088285e-03
-1.412920842613183672e-03
-1.404029946558466371e-03
-1.394965180252897424e-03
-1.385512990434426732e-03
-1.375676504566871296e-03
-1.365565769237171365e-03
-1.355183027211617330e-03
-1.344317727661757059e-03
-1.333292070739727905e-03
-1.322001577845944870e-03
-1.310342856293559210e-03
-1.298318877779720349e-03
-1.286142624578029154e-03
-1.273710649917542039e-03
-1.261025052505114876e-03
-1.248087914528683839e-03
-1.234797362628220138e-03
-1.221259919258681692e-03
-1.207477614824002459e-03
-1.193452463793541994e-03
-1.179392220635010723e-03
-1.165092061448312318e-03
-1.150349253059129153e-03
-1.135473595906202979e-03
-1.120466247465956664e-03
-1.105023634001744666e-03
-1.089453163528242806e-03
-1.073857016754651379e-03
-1.058033931497279591e-03
-1.041985778909920984e-03
-1.025714415592805882e-03
-1.009421767317596327e-03
-9.927988015824705699e-04
-9.761467825027018508e-04
-9.592972959510922062e-04
-9.423906413088959429e-04
-9.252890995615563026e-04
-9.081322548911935182e-04
-8.908617040118565773e-04
-8.734686540795440733e-04
-8.560226482322044706e-04
-8.383096032243469650e-04
-8.207014952775772663e-04
-8.028967597266582030e-04
-7.850422811786252064e-04
-7.671482535798333953e-04
-7.492054989426061642e-04
-7.311472579376433831e-04
-7.131183763690386894e-04
-6.949753305927276921e-04
-6.767954580483207363e-04
-6.586172663302615688e-04
-6.404314135326917134e-04
-6.222286494190385712e-04
-6.040281580715632691e-04
-5.858206619202076899e-04
-5.676251790661275814e-04
-5.494324058657342304e-04
-5.312611967046153728e-04
-5.131115561304170139e-04
-4.950021089153294751e-04
-4.769327230046428701e-04
-4.588940017566825284e-04
-4.409043670320503608e-04
-4.229728414139795356e-04
-4.050991613240824212e-04
-3.873014163158018165e-04
-3.695792130344105128e-04
-3.519321605922380255e-04
-3.343963090715906827e-04
-3.169437464899727322e-04
-2.995830906532075642e-04
-2.823319194357241479e-04
-2.651895956987067641e-04
-2.481644874426960066e-04
-2.312469219869834247e-04
-2.144631489311275992e-04
-1.978123558481374245e-04
-1.812759050611307513e-04
-1.648886988418016720e-04
-1.486586868314877872e-04
-1.325583328050401050e-04
-1.166398378860591115e-04
-1.008668058300836706e-04
-8.525855391222758443e-05
-6.982719970525079760e-05
-5.456637325771606869e-05
-3.948983431736686263e-05
-2.459205556728156461e-05
-9.880587940715806984e-06
4.641251092086143221e-06
1.897086989243180254e-05
3.310466919000026116e-05
4.703116985960807271e-05
6.076029405307362613e-05
7.427789280615590352e-05
8.757764279535809777e-05
1.006643656596092917e-04
1.135538985788703308e-04
1.262050820755773208e-04
1.386279368201677182e-04
1.508323944364113980e-04
1.628030182914757217e-04
1.745413323730937911e-04
1.860320748213646364e-04
1.972936019483525149e-04
2.083107083248697490e-04
2.190849919714517628e-04
2.296180400937327868e-04
2.399031374858162126e-04
2.499336343606284598e-04
2.597277069032325803e-04
2.692621948227633751e-04
2.785305852876040046e-04
2.875674152135252034e-04
2.963414822484616374e-04
3.048545116222851925e-04
3.131082169487739799e-04
3.211043003130057533e-04
3.288444523580111409e-04
3.363141803097044425e-04
3.435313975046596691e-04
3.504655625480954540e-04
3.571586954464598036e-04
3.635723096980680749e-04
3.697242351208104480e-04
3.756082139587053393e-04
3.812339669896773779e-04
3.865873079698302784e-04
3.916700287576152626e-04
3.964918148990877796e-04
4.010622692485475466e-04
4.053594314795972700e-04
4.093850994453318635e-04
4.131723997449884204e-04
4.166838082206958762e-04
4.199445409253653753e-04
4.229406789067202427e-04
4.256739619491398119e-04
4.281538667145422770e-04
4.303820584667851111e-04
4.323524773439290834e-04
4.340668178503876069e-04
4.355267632924842217e-04
4.367339858607185489e-04
4.376901467113534800e-04
4.384045253831683254e-04
4.388710982977498429e-04
4.390838983387409578e-04
4.390673309492292464e-04
4.388002160225908067e-04
4.383068380790221567e-04
4.375660960229633078e-04
4.366021544117938626e-04
4.354089839720066057e-04
4.339806112187526285e-04
4.323335097965126986e-04
4.304616702159989481e-04
4.283665698496069664e-04
4.260570917826916664e-04
4.235272466239095937e-04
4.207858664060876250e-04
4.178417097948968623e-04
4.146814086728597363e-04
4.113210550808252914e-04
4.077692855767665989e-04
4.040127534904015090e-04
4.000600941428745280e-04
3.959271438747537643e-04
3.916005783252278537e-04
3.870961550479884135e-04
3.824078219365575795e-04
3.775440017058755691e-04
3.725202423759923142e-04
3.673088846617930951e-04
3.619398207864933832e-04
3.564069462370700108e-04
3.507184779459357298e-04
3.448754466750919003e-04
3.388717731977178489e-04
3.327297850282562460e-04
3.264362563256863062e-04
3.200063081412864250e-04
3.134338056618226351e-04
3.067337530072950327e-04
2.998999887650096569e-04
2.929474015240398732e-04
2.858698040947775889e-04
2.786819709147469537e-04
2.713776898239577220e-04
2.639646824202912241e-04
2.564506070225603903e-04
2.488292372371491410e-04
2.411150896304484876e-04
2.333019145144340101e-04
2.254041187013780306e-04
2.174154299655163341e-04
2.093501466581559087e-04
2.012019747577352489e-04
1.929919160266518527e-04
1.847000200197650242e-04
1.763539790947852247e-04
1.679406473406572827e-04
1.594807596511989983e-04
1.509611788636449443e-04
1.423957822993054891e-04
1.337849085496982220e-04
1.251355925460151711e-04
1.164548117800001746e-04
1.077294738399600242e-04
9.897988068296027613e-05
9.020623723337141235e-05
8.141537695622180369e-05
7.259422860040479013e-05
6.376812427456809735e-05
5.493121960134592362e-05
4.609086960739456473e-05
3.724780701850447678e-05
2.840930756347068907e-05
1.957474496404499695e-05
1.074806358250884899e-05
1.936365045936578669e-06
-6.860192379095395784e-06
-1.563795129844962391e-05
-2.439302540204552007e-05
-3.312097904177356371e-05
-4.182063439570675944e-05
-5.048696536324725765e-05
-5.911049473653890151e-05
-6.769975423477499448e-05
-7.624914626258550657e-05
-8.474482668111050240e-05
-9.319979907888045713e-05
-1.015951987628443509e-04
-1.099376735348368595e-04
-1.182148363705939063e-04
-1.264396590630175669e-04
-1.345934999181891650e-04
-1.426767354287976949e-04
-1.506960168379295646e-04
-1.586391499907436448e-04
-1.665002906458337164e-04
-1.742861209056569102e-04
-1.819908166217028061e-04
-1.896023862167710262e-04
-1.971337435204028503e-04
-2.045729410170257822e-04
-2.119204823036014253e-04
-2.191707025872297455e-04
-2.263241362667806522e-04
-2.333813146580751834e-04
-2.403427660138947547e-04
-2.471967817132128607e-04
-2.539500611226634284e-04
-2.605909735736307276e-04
-2.671262236459441748e-04
-2.735503267012967207e-04
-2.798638993873117913e-04
-2.860675547983917272e-04
-2.921558692120991042e-04
-2.981294841055720946e-04
-3.039830275558034166e-04
-3.096991749821591104e-04
-3.153086285249267497e-04
-3.207761319283715948e-04
-3.261263344097912954e-04
-3.313479868099547792e-04
-3.364358685512727331e-04
-3.414085141012316595e-04
-3.462428982991742725e-04
-3.509397969487255812e-04
-3.555294507039845949e-04
-3.599771607296308709e-04
-3.642837241560580573e-04
-3.684675128240907363e-04
-3.725233645894480798e-04
-3.764403212728389199e-04
-3.802191623990584476e-04
-3.838490335407992787e-04
-3.873539866829179895e-04
-3.907057588530243983e-04
-3.939341185509739689e-04
-3.970109052962802099e-04
-3.999542492459930393e-04
-4.027763953580956345e-04
-4.054263870707279721e-04
-4.079968149060434032e-04
-4.103966738290714712e-04
-4.126326289843708969e-04
-4.147397646965544113e-04
-4.167301691183965631e-04
-4.185591200210248453e-04
-4.202614931211957395e-04
-4.218492994218426455e-04
-4.232724225272288987e-04
-4.245824508501472088e-04
-4.257294517608943888e-04
-4.267592049034796254e-04
-4.276387840556483558e-04
-4.283969666742285074e-04
-4.290009766064370152e-04
-4.294962058704926595e-04
-4.298332672795405303e-04
-4.301017666589944887e-04
-4.302190716500675746e-04
-4.301860310391484557e-04
-4.300034888468154404e-04
-4.297108081425544805e-04
-4.293470592609598081e-04
-4.288413647835906590e-04
-4.281835758349690664e-04
-4.273854703814090232e-04
-4.264750969953082682e-04
-4.254639706511629095e-04
-4.243526578907031973e-04
-4.230929249468023848e-04
-4.217721931799156402e-04
-4.202233520364502344e-04
-4.186579562236753958e-04
-4.169953780543467540e-04
-4.151878174745802911e-04
-4.132789819613261586e-04
-4.112694413151259045e-04
-4.091651043771928867e-04
-4.069238461538038235e-04
-4.046582068586750060e-04
-4.021770724145438524e-04
-3.996831562760106479e-04
-3.970495024401991596e-04
-3.943984144163064612e-04
-3.915717840457579599e-04
-3.886916661982445014e-04
-3.857110767107037146e-04
-3.826777858571223730e-04
-3.795920970500856265e-04
-3.763654713899276675e-04
-3.730508583958470664e-04
-3.696799959220555269e-04
-3.662532072349500441e-04
-3.627344978180021260e-04
-3.591502780089588735e-04
-3.554905831481270360e-04
-3.517661607438057371e-04
-3.479773802574489747e-04
-3.441246091136504286e-04
-3.402133445999266817e-04
-3.362439223141551296e-04
-3.322166760045457763e-04
-3.281370417533539677e-04
-3.240104170617969458e-04
-3.198269036477081992e-04
-3.156020582386651432e-04
-3.113259885590547024e-04
-3.070141660953140824e-04
-3.026668036852078942e-04
-2.982740322444001405e-04
-2.938461790664117146e-04
-2.893834533248128456e-04
-2.848910764280824029e-04
-2.803692284068984688e-04
-2.758130927631772633e-04
-2.712378341162019631e-04
-2.666435762032374687e-04
-2.620254731542120312e-04
-2.573787137079524396e-04
-2.527282286665959361e-04
-2.480542897706906175e-04
-2.433767785602820085e-04
-2.386858859568350582e-04
-2.339817049088034693e-04
-2.292839583090656400e-04
-2.245730382661025189e-04
-2.198637073660686251e-04
-2.151510974705156138e-04
-2.104401209167674005e-04
-2.057405200411985724e-04
-2.010376887635074571e-04
-1.963510556793847861e-04
-1.916660404110070916e-04
-1.869971474787706766e-04
-1.823394917397318639e-04
-1.777026628125120294e-04
-1.730817676802922788e-04
-1.684815408505938050e-04
-1.639018952418132323e-04
-1.593427441910313968e-04
-1.548087731674108853e-04
-1.503046348307304401e-04
-1.458301941200919945e-04
-1.413853166428768516e-04
-1.369698686709820115e-04
-1.325884475394326220e-04
-1.282456184472299538e-04
-1.239317725852868729e-04
-1.196608966513597447e-04
-1.154327871628516537e-04
-1.112378624116474858e-04
-1.070900140983703589e-04
-1.029890174454170857e-04
-9.893464880457564204e-05
-9.492202827228229858e-05
-9.096025720594805113e-05
-8.704909127962781742e-05
-8.318828739517593926e-05
-7.937760367531333306e-05
-7.562141699456618256e-05
-7.191946417653854215e-05
-6.827148336691319741e-05
-6.468640178280489928e-05
-6.115474105063229359e-05
-5.768539977096001593e-05
-5.427350418747587470e-05
-5.092333844074829990e-05
-4.763460215483280322e-05
-4.441108885272275172e-05
-4.125248030278172255e-05
-3.815755353638105256e-05
-3.512826010915323042e-05
-3.216518290258407070e-05
-2.926935115109892161e-05
-2.644133645024397713e-05
-2.368215529573590748e-05
-2.099191956680621164e-05
-1.837163545171451671e-05
-1.582185469159074888e-05
-1.334357103079511552e-05
-1.093643422179694488e-05
-8.602319852261472517e-06
-6.339981810193083012e-06
-4.151019008477116789e-06
-2.034584831963670337e-06
7.783861926434876951e-09
1.976648399761672538e-06
3.872127494134607670e-06
5.693562426588127026e-06
7.439165846381141799e-06
9.110580575826400084e-06
1.070292147296300914e-05
1.222531086144651933e-05
1.367242398129746041e-05
1.504071306774339499e-05
1.633751757355399848e-05
1.755711489116904228e-05
1.870248256093453857e-05
1.977095832915010782e-05
2.076680449682800198e-05
2.168391347602353079e-05
2.253170646838258524e-05
2.330493986339125524e-05
2.400054923623368315e-05
2.462234040772077196e-05
2.517366734982491447e-05
2.565487578720824575e-05
2.606034608054404549e-05
2.639385218482555052e-05
2.665489809826352894e-05
2.684765432954738516e-05
2.696610819550451592e-05
2.701991911775059407e-05
2.700012472195457167e-05
2.691382391297826636e-05
2.675419592781744243e-05
2.653419251679224554e-05
2.623944340267201516e-05
2.587868252796269097e-05
2.545557531307276816e-05
2.496458980650618297e-05
2.441188758485152038e-05
2.379112132923537153e-05
2.311299922987382639e-05
2.237034573876619004e-05
2.157009554513515320e-05
2.070344663931566900e-05
1.978268102772315546e-05
1.880230216623143225e-05
1.776465758181260837e-05
1.666797721206333884e-05
1.551500876173877750e-05
1.430561990973091828e-05
1.304662083909368994e-05
1.173173353493438125e-05
1.037018651481700757e-05
8.949613422990637668e-06
7.484908697004310344e-06
5.970214819330425541e-06
4.411843750930276317e-06
2.804076380361224239e-06
1.149655160962545747e-06
-5.478092451646342411e-07
-2.288827292330474893e-06
-4.072582013525739433e-06
-5.898461584773780612e-06
-7.763298517598242728e-06
-9.666899600496851704e-06
-1.160867394758488807e-05
-1.358604426780074407e-05
-1.559883341929115555e-05
-1.764527827483396665e-05
-1.972402271435688757e-05
-2.183411441947726811e-05
-2.397460686513727587e-05
-2.614298248371252446e-05
-2.833949445034088786e-05
-3.056321526628645043e-05
-3.281204608179572480e-05
-3.508390109596624511e-05
-3.737944515591091484e-05
-3.969621490429861490e-05
-4.203137245937536495e-05
-4.439027193113240390e-05
-4.676501986828325797e-05
-4.915553283196171858e-05
-5.156560198998415918e-05
-5.398352211469098098e-05
-5.641697152085524284e-05
-5.886201232935759362e-05
-6.131473119715374464e-05
-6.377892708672028418e-05
-6.625069926000171972e-05
-6.873000321378138768e-05
-7.121296868703494551e-05
-7.369956951240191911e-05
-7.619359372474862613e-05
-7.868738136068692676e-05
-8.118092446859102656e-05
-8.367421514797772006e-05
-8.616345514558289287e-05
-8.865622335070579550e-05
-9.113737975106261859e-05
-9.361828773581818764e-05
-9.609140561163139838e-05
-9.856052175122596891e-05
-1.010256458410256001e-04
-1.034680399298339544e-04
-1.059102628462453463e-04
-1.083298788915610094e-04
-1.107456448744108133e-04
-1.131426641428493537e-04
-1.155284560833340048e-04
-1.178993489674518631e-04
-1.202479844100472277e-04
-1.225781601195178824e-04
-1.248936506626304355e-04
-1.271908230858909822e-04
-1.294660667931284929e-04
-1.317157934170036960e-04
-1.339437873546422877e-04
-1.361538100535326023e-04
-1.383312795747298227e-04
-1.404909712770994166e-04
-1.426220000257045269e-04
-1.447208418966245281e-04
-1.467985619435558558e-04
-1.488443403758193267e-04
-1.508583156201600509e-04
-1.528442507356445566e-04
-1.547986466584024619e-04
-1.567216400028998715e-04
-1.586133667730128339e-04
-1.604667557203154869e-04
-1.622927679577640555e-04
-1.640807439883684856e-04
-1.658308499269372095e-04
-1.675504143277479531e-04
-1.692324170331269530e-04
-1.708770220139394695e-04
-1.724843925090491182e-04
-1.740475709172484634e-04
-1.755774152523075860e-04
-1.770669717603181844e-04
-1.785164167405250740e-04
-1.799259257063962178e-04
-1.812921399807055733e-04
-1.826187775128854606e-04
-1.839060114467711406e-04
-1.851434614641828916e-04
-1.863453957180605930e-04
-1.875014480291995616e-04
-1.886153216453060613e-04
-1.896906980280324106e-04
-1.907207627990722694e-04
-1.917022286207215856e-04
-1.926422710375589090e-04
-1.935375957520504213e-04
-1.943883989846392822e-04
-1.951948760863612140e-04
-1.959572215431328729e-04
-1.966721737415461373e-04
-1.973399408066650108e-04
-1.979641749550498683e-04
-1.985450671865850755e-04
-1.990759379952912217e-04
-1.995638666541944405e-04
-2.000056168818343312e-04
-2.004013914142122206e-04
-2.007548066971702276e-04
-2.010592294463296801e-04
-2.013148748152751154e-04
-2.015287561111723158e-04
-2.016942675134467892e-04
-2.018184005534820230e-04
-2.018911830565416543e-04
-2.019263590392537358e-04
-2.019105948427173970e-04
-2.018508535846295470e-04
-2.017506931494305103e-04
-2.016035712228386300e-04
-2.014130489297365960e-04
-2.011759667301729886e-04
-2.008958741941627580e-04
-2.005729601697944385e-04
-2.002107481348192953e-04
-1.998027495214441324e-04
-1.993491652759833612e-04
-1.988601582342604691e-04
-1.983226197841101725e-04
-1.977500079287047938e-04
-1.971325575178827535e-04
-1.964770686906300572e-04
-1.957804117454508847e-04
-1.950427674758294777e-04
-1.942643158879166633e-04
-1.934485188317890635e-04
-1.925922626423366463e-04
-1.916989981744139941e-04
-1.907688881939962298e-04
-1.897988310317302483e-04
-1.887955201972442052e-04
-1.877525935677092127e-04
-1.866767244572929696e-04
-1.855680580912040165e-04
-1.844234987324379089e-04
-1.832432042958151625e-04
-1.820305630561513358e-04
-1.807857176763069847e-04
-1.795120319972558090e-04
-1.782031992477158076e-04
-1.768625866606935370e-04
-1.754935424432039429e-04
-1.740929890404719846e-04
-1.726642643300599822e-04
-1.712074930601184932e-04
-1.697227994396006447e-04
-1.682103071408349996e-04
-1.666733199692343710e-04
-1.651119469679295123e-04
-1.635231250744881195e-04
-1.619101430302130531e-04
-1.602731084426558443e-04
-1.586152866121746388e-04
-1.569367707998354611e-04
-1.552313554235840154e-04
-1.535085939636414627e-04
-1.517622844448337637e-04
-1.499988035766510852e-04
-1.482182292897305496e-04
-1.464237662201198675e-04
-1.446061104982548104e-04
-1.427747201757991217e-04
-1.409265448019812099e-04
-1.390647701065257993e-04
-1.371894589103311401e-04
-1.353006737619037541e-04
-1.333953805532248028e-04
-1.314829304481669042e-04
-1.295571837385526453e-04
-1.276212853080364363e-04
-1.256783625123978384e-04
-1.237223009832746185e-04
-1.217623729024710859e-04
-1.197894016670434313e-04
-1.178126333123213437e-04
-1.158290318593976123e-04
-1.138386316424788166e-04
-1.118475650703956823e-04
-1.098527958434495499e-04
-1.078513045576038351e-04
-1.058522342501348490e-04
-1.038464840554235465e-04
-1.018431715155747265e-04
-9.984229227938427257e-05
-9.783780282156327550e-05
-9.583273931438736587e-05
-9.383313237787340062e-05
-9.183595805695442564e-05
-8.983820908374923187e-05
-8.784289232590747690e-05
-8.585898730985453548e-05
-8.387449052162768734e-05
-8.189836919322843255e-05
-7.993059436686926857e-05
-7.797411535389679987e-05
-7.601699488678748085e-05
-7.407112105061941444e-05
-7.213348714923658103e-05
-7.021295021947818659e-05
-6.829761433996977844e-05
-6.639041724346379846e-05
-6.449428053624720980e-05
-6.261210978097629112e-05
-6.074679457905808524e-05
-5.889239594369099237e-05
-5.704887436023059412e-05
-5.521912002043493002e-05
-5.340600728343630857e-05
-5.160947319023398503e-05
-4.982653744597909887e-05
-4.806006312192546265e-05
-4.631289763242035188e-05
-4.457915573317666085e-05
-4.286749278762784385e-05
-4.117202804669169657e-05
-3.949848805302048324e-05
-3.784100839970079479e-05
-3.620241444732016196e-05
-3.458839829117021523e-05
-3.299022998145328874e-05
-3.141647265939338058e-05
-2.986416129227948367e-05
-2.833263998900560027e-05
-2.682297390482380294e-05
-2.533593645108696673e-05
-2.387201125149816098e-05
-2.243110897188628264e-05
-2.101399482604306693e-05
-1.962029239414081599e-05
-1.825104697987605621e-05
-1.690588022232532401e-05
-1.558583167818234741e-05
-1.429080390110134082e-05
-1.302098227642378499e-05
-1.177683312766826584e-05
-1.055853845697648537e-05
-9.366279154636128506e-06
-8.200235004885488444e-06
-7.060584691686467954e-06
-5.947505804466122764e-06
-4.861174843826946035e-06
-3.802046666199041584e-06
-2.769736361259489396e-06
-1.764334705587389812e-06
-7.870173143775351444e-07
1.628366175608927814e-07
1.085606021499639705e-06
1.980431577543247343e-06
2.847660191776544535e-06
3.687426951936680886e-06
4.498734305479106448e-06
5.281968873690527149e-06
6.036964612882609101e-06
6.765481642409710647e-06
7.461855210112665993e-06
8.134165295942895032e-06
8.776478894748105053e-06
9.393290085395747190e-06
9.978414250374385028e-06
1.053825055689437803e-05
1.107262487877497873e-05
1.157374446113907271e-05
1.204989230378769507e-05
1.249926563659508573e-05
1.291980022836039890e-05
1.331377408940886941e-05
1.367912784186018961e-05
1.401813295871620109e-05
1.433089203021800889e-05
1.461319863227213160e-05
1.487162592652080612e-05
1.510411815721973099e-05
1.530889866662655716e-05
1.548580750808092865e-05
1.563896625486000386e-05
1.576846735035722792e-05
1.586639776574434003e-05
1.594327358902658255e-05
1.599252319133345288e-05
1.601664632287978877e-05
1.601733352578161776e-05
1.599308540822691910e-05
1.594558763116368317e-05
1.587122885373674347e-05
1.577592332599961897e-05
1.565368674518455094e-05
1.551041858174808863e-05
1.534462245291981524e-05
1.515375897132340989e-05
1.494212367539229152e-05
1.470796326428779573e-05
1.445267393988242298e-05
1.417503123147156200e-05
1.387460015001673739e-05
1.355564039559857993e-05
1.321770355463459080e-05
1.285748344712424779e-05
1.247818300616608855e-05
1.207857991487464754e-05
1.166030738478718465e-05
1.122550771103634285e-05
1.076985353449759989e-05
1.029574825934998236e-05
9.805067704973553512e-06
9.295560431571787605e-06
8.771412351845283835e-06
8.230370530171343373e-06
7.672757350620438207e-06
7.101966193923041039e-06
6.512678726217461772e-06
5.910074953233031948e-06
5.292931856847584483e-06
4.662070664013493344e-06
4.019071752871136334e-06
3.360679697987071853e-06
2.690253792008358928e-06
2.007486639803418131e-06
1.312831853885915977e-06
6.065891200138531889e-07
-1.107691211559367999e-07
-8.385357284400644315e-07
-1.576576266942873833e-06
-2.324419880950899350e-06
-3.081625679916293074e-06
-3.847729864916912677e-06
-4.622170703251507487e-06
-5.405165068048972331e-06
-6.195678965171098604e-06
-6.993182835448523332e-06
-7.798147020976602546e-06
-8.609794445057111404e-06
-9.427103215077579150e-06
-1.025005005580475002e-05
-1.107836371649783915e-05
-1.191127877354730840e-05
-1.274902339287920620e-05
-1.359058890894643983e-05
-1.443521851278238369e-05
-1.528314522566642211e-05
-1.613386227067954695e-05
-1.698661949309548984e-05
-1.784140724713396557e-05
-1.869772535840851765e-05
-1.955507614078214729e-05
-2.041271971298687699e-05
-2.127138607917439494e-05
-2.213106941697277560e-05
-2.298810755477649062e-05
-2.384640364804356351e-05
-2.470424894853076169e-05
-2.555751469994571880e-05
-2.641106694481681145e-05
-2.726248017203120632e-05
-2.810934090642821360e-05
-2.895649704707447416e-05
-2.979670513295366177e-05
-3.063722047189743031e-05
-3.147081749664789913e-05
-3.229751994818214457e-05
-3.312215457848617282e-05
-3.394232857571984275e-05
-3.475566095385866281e-05
-3.556456782732705577e-05
-3.636667399622362982e-05
-3.716438952773263872e-05
-3.795534498728005411e-05
-3.873480172887635388e-05
-3.950993429039221415e-05
-4.027838180597050961e-05
-4.103779503065093243e-05
-4.179057471585374909e-05
-4.253201094850838818e-05
-4.326923397661258891e-05
-4.399281558059606152e-05
-4.470987707776259229e-05
-4.541808604991446550e-05
-4.611512152058411745e-05
-4.680102287979411642e-05
-4.747817548253531754e-05
-4.814660984073988081e-05
-4.880167558962615566e-05
-4.944575767599584227e-05
-5.008122947946274587e-05
-5.070578919178247740e-05
-5.131481725264449537e-05
-5.191302128928849057e-05
-5.250508610363612249e-05
-5.308175069404064383e-05
-5.364770524459062131e-05
-5.419604282414351059e-05
-5.473607458557169954e-05
-5.526552024970940848e-05
-5.577749767212669246e-05
-5.628128386483225993e-05
-5.676770385151025855e-05
-5.723911763739152579e-05
-5.770475990549133068e-05
-5.815089514887188723e-05
-5.858446237605273573e-05
-5.900550609405480192e-05
-5.941407065010788585e-05
-5.980563718058436488e-05
-6.018482375543839210e-05
-6.055167421659842755e-05
-6.090623224883750110e-05
-6.124172967978391282e-05
-6.156503794684259226e-05
-6.187393510590455620e-05
-6.217299712684193802e-05
-6.245321997464874607e-05
-6.272144166746435891e-05
-6.297319616826087014e-05
-6.321079360623804374e-05
-6.343653312807337908e-05
-6.364596435897665761e-05
-6.384363229277472979e-05
-6.402509695134904629e-05
-6.419265407872965282e-05
-6.434411755583758824e-05
-6.448401022291581756e-05
-6.461014294020427583e-05
-6.472033704164286262e-05
-6.481464914901692261e-05
-6.489758011335780823e-05
-6.496917030925243976e-05
-6.502280915187125395e-05
-6.506520333322700670e-05
-6.509196939558183667e-05
-6.510537189111234102e-05
-6.510325182312781049e-05
-6.509227579096140423e-05
-6.506146913873867292e-05
-6.502189533679140067e-05
-6.496919350284012875e-05
-6.490121682178206673e-05
-6.482021034020995034e-05
-6.472840857246368396e-05
-6.462147854123936679e-05
-6.450384011158538970e-05
-6.437117030235180799e-05
-6.422787835036544311e-05
-6.407182662893755873e-05
-6.390306044339025726e-05
-6.372379522013629490e-05
-6.352973283391931544e-05
-6.332742132235178844e-05
-6.311256481882266843e-05
-6.288520786137320631e-05
-6.264539483100731957e-05
-6.239963511912818459e-05
-6.213933996203467472e-05
-6.186886089789513825e-05
-6.158823417262342473e-05
-6.129320591631413516e-05
-6.099239710514579198e-05
-6.068154859788805474e-05
-6.035855863873133690e-05
-6.002774031976909050e-05
-5.968698913872703190e-05
-5.933634045835614406e-05
-5.897795707237175455e-05
-5.860974159260148305e-05
-5.823385163522827698e-05
-5.784819453967726059e-05
-5.745704044899017471e-05
-5.705617881583750051e-05
-5.664775697101417918e-05
-5.623180200349547935e-05
-5.580834090720776877e-05
-5.537740058139700066e-05
-5.494111084002295905e-05
-5.449739052259390087e-05
-5.404416810835789510e-05
-5.358986031445639133e-05
-5.312609856718005874e-05
-5.265709827615595856e-05
-5.218287848229149817e-05
-5.170137208101663068e-05
-5.121885621555432488e-05
-5.072701021227161809e-05
-5.023210387614151021e-05
-4.973414873532096351e-05
-4.923108216681345000e-05
-4.872085103212200571e-05
-4.821175839545487166e-05
-4.769553343227725536e-05
-4.717839549905388435e-05
-4.665622426032518284e-05
-4.613109790381508970e-05
-4.560508512586976048e-05
-4.507613482381231824e-05
-4.454220527491061003e-05
-4.400946601876330413e-05
-4.347586588338988412e-05
-4.293527144652805764e-05
-4.239792502748572224e-05
-4.185769315048120179e-05
-4.131662553783668041e-05
-4.077472609411027211e-05
-4.023199870933877488e-05
-3.969047912553933395e-05
-3.915016427706025358e-05
-3.860699660250117669e-05
-3.806503676400258403e-05
-3.752225904581967068e-05
-3.698068763645479771e-05
-3.644233755277053984e-05
-3.590316732045197300e-05
-3.536519426406936032e-05
-3.482841535632808671e-05
-3.429483653202295356e-05
-3.376244128902234541e-05
-3.323122663876273015e-05
-3.270319175615648752e-05
-3.217832689506108519e-05
-3.165462469981188451e-05
-3.113407763085668928e-05
-3.061866916917041021e-05
-3.010241025356384846e-05
-2.959325937540217439e-05
-2.908722069090984662e-05
-2.858428467426754992e-05
-2.808444183066410380e-05
-2.758768269618246536e-05
-2.709795287714871490e-05
-2.660930376104923793e-05
-2.612567881711223963e-05
-2.564903296653245246e-05
-2.517540633711198706e-05
-2.470478969230207870e-05
-2.424503092053902328e-05
-2.378432203429116541e-05
-2.333246651693382068e-05
-2.288747788615589924e-05
-2.244346745606055950e-05
-2.200824613245502747e-05
-2.157788304316742719e-05
-2.115431175565857534e-05
-2.073556357439637960e-05
-2.032551249692542421e-05
-1.991830282050758620e-05
-1.951780649895604460e-05
-1.912632773407044876e-05
-1.873938437943384845e-05
-1.835986288400254005e-05
-1.798812562393718782e-05
-1.762106007123719574e-05
-1.726192806804003037e-05
-1.690954875170637463e-05
-1.656447733088682158e-05
-1.622611389297418398e-05
-1.589520441224224570e-05
-1.557153312976991156e-05
-1.525507668305288966e-05
-1.494619430598899835e-05
-1.464467047486102931e-05
-1.435067226527955493e-05
-1.406398473343127777e-05
-1.378515552842703864e-05
-1.351377881792325980e-05
-1.324983052564803383e-05
-1.299385602736508905e-05
-1.274545036287200128e-05
-1.250477844478409274e-05
-1.227181526791344920e-05
-1.204672486817505228e-05
-1.182929303010850227e-05
-1.161968353946386447e-05
-1.141787109813954313e-05
-1.122383049064144055e-05
-1.103753658378263475e-05
-1.085915204834131008e-05
-1.068827626588621711e-05
-1.052544690009501967e-05
-1.037026370212770069e-05
-1.022270194787634023e-05
-1.008329709395211588e-05
-9.951090263173952873e-06
-9.826803367964487320e-06
-9.710224698351761164e-06
-9.601515214318468951e-06
-9.500092402709470635e-06
-9.406489162405781221e-06
-9.320309635190202787e-06
-9.241714900450814031e-06
-9.170680430968471722e-06
-9.106812416813119370e-06
-9.050456652336210972e-06
-9.001220283695880226e-06
-8.959632540631140801e-06
-8.924933158828931946e-06
-8.897467238521097102e-06
-8.877027907817493943e-06
-8.863592450461591949e-06
-8.857321313211862009e-06
-8.857642658018471311e-06
-8.865083256878322638e-06
-8.879072600561404080e-06
-8.899589517003842433e-06
-8.926795007687530730e-06
-8.960485540076237700e-06
-9.000821861115248859e-06
-9.047056412471550041e-06
-9.099895411730603485e-06
-9.158592993647811817e-06
-9.223311143213175044e-06
-9.294030389999559326e-06
-9.370550779661669080e-06
-9.453033900426335932e-06
-9.540739827899806204e-06
-9.634191555711889670e-06
-9.733010947851742273e-06
-9.837360213503333682e-06
-9.946862677772231080e-06
-1.006150165424921192e-05
-1.018108150211421546e-05
-1.030576503190838986e-05
-1.043517846368512341e-05
-1.056912802931631014e-05
-1.070777726217201640e-05
-1.085093287121180659e-05
-1.099822450500329777e-05
-1.114999408323853782e-05
-1.130569461313524730e-05
-1.146513601164307420e-05
-1.162866032637223669e-05
-1.179590044322079441e-05
-1.196684426499123097e-05
-1.214112663441589101e-05
-1.231908937859286180e-05
-1.250019198740682995e-05
-1.268442419395409965e-05
-1.287177576422339722e-05
-1.306188526245093614e-05
-1.325509449676531617e-05
-1.345069234349065706e-05
-1.364849585523369952e-05
-1.384919723280173661e-05
-1.405208821068294647e-05
-1.425716153260861123e-05
-1.446440996558886873e-05
-1.467365215872269200e-05
-1.488470751706363000e-05
-1.509774374860178321e-05
-1.531240707325817380e-05
-1.552782496086698875e-05
-1.574399467975484042e-05
-1.596281701509222523e-05
-1.618290034662498821e-05
-1.640199546281103288e-05
-1.662372766104841391e-05
-1.684464185799730099e-05
-1.706697809815096688e-05
-1.729073155626496632e-05
-1.751314891468631042e-05
-1.773509200637911738e-05
-1.795827618346425132e-05
-1.818098475564455390e-05
-1.840492950121731640e-05
-1.862839731918536674e-05
-1.885138933566050910e-05
-1.907390667361572815e-05
-1.929595045289540428e-05
-1.951582002705609762e-05
-1.973522181269397863e-05
-1.995415691204949115e-05
-2.017262642429798865e-05
-2.039063144555967839e-05
-2.060648012772260253e-05
-2.082356119936344950e-05
-2.103342332104702586e-05
-2.124621467056780010e-05
-2.145518207676964695e-05
-2.166370544827903559e-05
-2.187010338257812522e-05
-2.207438213890692256e-05
-2.227654795744283929e-05
-2.247660705936576107e-05
-2.267624114870713743e-05
-2.287042990349301910e-05
-2.306420599365136432e-05
-2.325422974074057609e-05
-2.344384963799964739e-05
-2.362973286476754642e-05
-2.381189065839560380e-05
-2.399366112995006376e-05
-2.417005995454396143e-05
-2.434442347754106828e-05
-2.451675769171403140e-05
-2.468375531591693233e-05
-2.485039729019374887e-05
-2.501007152307239314e-05
-2.517105685886897223e-05
-2.532509979781454924e-05
-2.547716587720815198e-05
-2.562396799078129296e-05
-2.576881162062018640e-05
-2.591170254400443373e-05
-2.604772225539091462e-05
-2.618181082229540217e-05
-2.631233587554721151e-05
-2.643930811432857833e-05
-2.656273820529953902e-05
-2.668100371845796970e-05
-2.679575164769040533e-05
-2.690536281602409188e-05
-2.701148081015959638e-05
-2.711411612061298776e-05
-2.721327920607388853e-05
-2.730735737431579021e-05
-2.739798743724205507e-05
-2.748355992681384563e-05
-2.756570827964990747e-05
-2.764282624237316202e-05
-2.771492898599039410e-05
-2.778525816495177708e-05
-2.785059579428017943e-05
-2.791095692237618628e-05
-2.796635655207934111e-05
-2.801841638565383293e-05
-2.806554134285505042e-05
-2.810774629813826825e-05
-2.814664796181209604e-05
-2.818065600485961678e-05
-2.820978517461260757e-05
-2.823564721273340864e-05
-2.825665652054157662e-05
-2.827442154257785634e-05
-2.828576760576307885e-05
-2.829548590724459536e-05
-2.829881428732304805e-05
-2.829577199736139524e-05
-2.829113570870015785e-05
-2.828174175954697254e-05
-2.826760448002109063e-05
-2.824873815711501318e-05
-2.822673650641306786e-05
-2.820003109223800431e-05
-2.816863608019725066e-05
-2.813256559332574921e-05
-2.809183371222794971e-05
-2.804802605733719257e-05
-2.799958190110962794e-05
-2.794651520476671696e-05
-2.789040676442794582e-05
-2.782970045339821599e-05
-2.776441011467676719e-05
-2.769611174232586233e-05
-2.762325379046683517e-05
-2.754584998502475891e-05
-2.746547154012244155e-05
-2.738057147077930007e-05
-2.729116338698154651e-05
-2.719881374489276112e-05
-2.710353144464918375e-05
-2.700377555627672690e-05
-2.689955954150675398e-05
-2.679399028030642849e-05
-2.668243636539245514e-05
-2.656954673854374033e-05
-2.645224126350989271e-05
-2.632899261464089597e-05
-2.620443585913248267e-05
-2.607703749839489335e-05
-2.594527010193124525e-05
-2.581068133137902289e-05
-2.567481274694864522e-05
-2.553307385258261295e-05
-2.539007217291277337e-05
-2.524428317647119493e-05
-2.509418834643947890e-05
-2.494132608516079654e-05
-2.478722874782641428e-05
-2.463037774232451404e-05
-2.446926045589921091e-05
-2.430692863691853636e-05
-2.414186812525739503e-05
-2.397257071385693793e-05
-2.380359410493436547e-05
-2.363039707535106681e-05
-2.345601633463384464e-05
-2.327743453241146448e-05
-2.309919145195020015e-05
-2.291676360717843038e-05
-2.273468186485082644e-05
-2.254843157183981055e-05
-2.236103154311827083e-05
-2.217248541743006133e-05
-2.198279682259246011e-05
-2.179047061560267391e-05
-2.159551479128804386e-05
