0.000000000000000000e+00
0.000000000000000000e+00
1.130868635537206046e+03
5.339136714775853534e+02
3.018065230450642389e+02
1.916601902151036825e+02
1.320306672548670406e+02
9.656582618709254007e+01
7.387891457229397929e+01
5.854672069229939524e+01
4.771508042138606243e+01
3.975875902672646589e+01
3.378219023331331528e+01
2.913948016691209020e+01
2.543971971086912021e+01
2.245505709030864594e+01
2.002534317203670255e+01
1.802309118750615013e+01
1.633830270622186376e+01
1.492124232869737277e+01
1.369405277734773740e+01
1.262838646933912479e+01
1.170050794347057099e+01
1.088539089304707019e+01
1.016567022824097144e+01
9.526565562745687998e+00
8.954881623693983883e+00
8.442406924646855160e+00
7.981657197482442179e+00
7.564377345678045650e+00
7.185126423855365374e+00
6.839297877714230367e+00
6.523564745067896631e+00
6.234465421107872274e+00
5.969026041820606920e+00
5.723183950039691936e+00
5.495900301347549366e+00
5.284400160554666215e+00
5.088871338871562955e+00
4.907328832222826343e+00
4.738058091090850965e+00
4.579938558404075266e+00
4.431280800528592856e+00
4.291960196088212776e+00
4.160230271571937699e+00
4.037022443743405908e+00
3.921033125090979787e+00
3.811687682360807461e+00
3.708201328612238168e+00
3.610138757925184905e+00
3.517844573749135506e+00
3.430401208998990814e+00
3.347688427090893981e+00
3.268924850590637199e+00
3.193212088436655716e+00
3.121192701293755256e+00
3.053013913356998454e+00
2.988029019947896714e+00
2.926216371727675902e+00
2.867191396954209992e+00
2.810781230449491019e+00
2.757158735006673744e+00
2.705340770510657578e+00
2.655549623503157708e+00
2.608277093021256654e+00
2.562485084718275630e+00
2.518815602450758195e+00
2.476727939675992030e+00
2.436676041121903946e+00
2.398147435566369889e+00
2.361061746416216245e+00
2.325343952005684667e+00
2.290923957891735085e+00
2.257619896563416884e+00
2.225492914748401940e+00
2.194595373344533140e+00
2.164864411289507462e+00
2.136345773525047065e+00
2.108874367463294153e+00
2.082299307893614504e+00
2.056676598002873391e+00
2.031771364462558793e+00
2.007738966508105349e+00
1.984448371544671241e+00
1.961955412094802176e+00
1.940051649361839159e+00
1.918798464097117851e+00
1.898414871025054573e+00
1.878377180570771632e+00
1.859069809989465583e+00
1.840229132641229892e+00
1.821988649096975887e+00
1.804249413418598458e+00
1.787063823812780061e+00
1.770268111182960569e+00
1.753987003678564527e+00
1.737929595758425538e+00
1.722555147174491763e+00
1.707508388055009041e+00
1.692778974879736387e+00
1.678481413594182126e+00
1.664537889764562850e+00
1.651055556589632767e+00
1.637780994651497402e+00
1.624882354164390863e+00
1.612176154559161079e+00
1.599824620755063265e+00
1.587651531409171923e+00
1.575813481219590084e+00
1.564245883397086256e+00
1.552837017440222844e+00
1.541685043518388865e+00
1.530781730100943205e+00
1.520119184005270796e+00
1.509593980210088393e+00
1.499392211909707395e+00
1.489270469692455912e+00
1.479411160223720101e+00
1.469715885198836780e+00
1.460180585462617309e+00
1.450801334668112785e+00
1.441574333890159876e+00
1.432454035345333887e+00
1.423480101654100549e+00
1.414608501062232238e+00
1.405877672446449456e+00
1.397245026596585227e+00
1.388747835180625945e+00
1.380306830381736516e+00
1.371997392746626687e+00
1.363816470228381705e+00
1.355688432864158965e+00
1.347685269578232425e+00
1.339733614959776942e+00
1.331868567103971390e+00
1.324088903704168541e+00
1.316359695501047256e+00
1.308681217741022751e+00
1.301086453896779904e+00
1.293509608305388303e+00
1.286047716065268354e+00
1.278572664920676782e+00
1.271180039345768398e+00
1.263868582987012879e+00
1.256546785784951936e+00
1.249276504250369069e+00
1.242116234335175928e+00
1.234919119943919563e+00
1.227774070704133802e+00
1.220680936121006033e+00
1.213584065423808145e+00
1.206540210999621276e+00
1.199468072314864742e+00
1.192477211469555876e+00
1.185487292331156128e+00
1.178500013385094247e+00
1.171516986108374292e+00
1.164615726996735434e+00
1.157694775490520911e+00
1.150781195765431031e+00
1.143900716366879733e+00
1.137053701782364978e+00
1.130192894495251066e+00
1.123390849007363190e+00
1.116577291395609794e+00
1.109800007214462036e+00
1.103013837959749388e+00
1.096265340646378483e+00
1.089510351659148224e+00
1.082750509478434209e+00
1.076030606579389426e+00
1.069265178091458601e+00
1.062520505014012517e+00
1.055755474178271980e+00
1.048992746998648862e+00
1.042253962756858110e+00
1.035479104023153463e+00
1.028730498589321973e+00
1.021949382254622174e+00
1.015177097210288260e+00
1.008414599530734757e+00
1.001643726569534154e+00
9.948848361998733347e-01
9.881014242429335681e-01
9.813323938196318874e-01
9.745602040534404598e-01
9.677319305701731489e-01
9.609577528627603060e-01
9.541840571186831488e-01
9.473944629422053065e-01
9.406598449684951957e-01
9.338596617796229848e-01
9.270818217167290376e-01
9.202931612388112192e-01
9.135283062793856379e-01
9.067547147778766137e-01
8.999737040269196742e-01
8.932026490363227378e-01
8.864422822212221220e-01
8.796933036984122545e-01
8.729407527146446633e-01
8.661857327194792955e-01
8.594446273221065802e-01
8.527028335960590288e-01
8.459463144924596056e-01
8.392062137488925933e-01
8.324535366878147435e-01
8.257187714514645505e-01
8.189589756059295622e-01
8.122044165022416218e-01
8.054700406312842453e-01
7.987280901982025672e-01
7.919657589882640458e-01
7.852396432995312203e-01
7.784949897987103462e-01
7.717737714845932517e-01
7.650359887908477763e-01
7.583360781157114650e-01
7.516212058110958161e-01
7.449317374776095457e-01
7.382548890235461903e-01
7.315783308316697875e-01
7.249282478396227303e-01
7.182669975093608494e-01
7.116330692256593871e-01
7.050141672994014730e-01
6.983984229788481324e-01
6.917986605024126767e-01
6.852272553744596095e-01
6.786603609748370625e-01
6.721104283134528012e-01
6.655660298239997053e-01
6.590509969607121210e-01
6.525422486954566281e-01
6.460403354305164214e-01
6.395684459902798435e-01
6.331040505292624410e-01
6.266587877637166404e-01
6.202439052484810533e-01
6.138374097694031528e-01
6.074506210099849257e-01
6.010837094557419658e-01
5.947475205571616241e-01
5.884313461125751932e-01
5.821248214087343387e-01
5.758491899994671037e-01
5.695939835347307856e-01
5.633695798150900602e-01
5.571656695100513090e-01
5.510025476609375916e-01
5.448598063588480089e-01
5.387474785538558519e-01
5.326457109643677468e-01
5.265939346333419202e-01
5.205624362418881379e-01
5.145609217327326013e-01
5.085892411445902539e-01
5.026567197830379419e-01
4.967535838171523443e-01
4.908796837105999789e-01
4.850441283553047489e-01
4.792373666557949163e-01
4.734592498544186179e-01
4.677458263588812337e-01
4.620422402989722843e-01
4.563665832632821662e-01
4.507364031081815825e-01
4.451335960117416835e-01
4.395667355151783862e-01
4.340268347053655162e-01
4.285309273875769209e-01
4.230699700879699265e-01
4.176605617894639799e-01
4.122852122032775180e-01
4.069436089727646033e-01
4.016437216518303210e-01
3.963850658590732379e-01
3.911590053063259687e-01
3.859733466721830264e-01
3.808356685803294672e-01
3.757373562380614263e-01
3.706858901979325216e-01
3.656570413335447078e-01
3.606897970719302182e-01
3.557521821811540086e-01
3.508670661598493612e-01
3.460184028659619160e-01
3.412057874782991607e-01
3.364439191301180077e-01
3.317245954803512142e-01
3.270472778802827052e-01
3.224188308489284727e-01
3.178092058630564987e-01
3.132693990829746866e-01
3.087620866966377942e-01
3.043085087333163852e-01
2.998935930126210847e-01
2.955239621802723260e-01
2.911849014493127497e-01
2.869041103642905877e-01
2.826598413439161961e-01
2.784585633814842254e-01
2.743134363012528776e-01
2.702031617899923743e-01
2.661408754898307305e-01
2.621259006968224003e-01
2.581508838445109033e-01
2.542219462351163473e-01
2.503450456523451106e-01
2.465128616916413273e-01
2.427182557777090854e-01
2.389736929687758804e-01
2.352784471132783883e-01
2.316190184154945930e-01
2.280140060822000436e-01
2.244499730286234063e-01
2.209326319478363276e-01
2.174613139914177706e-01
2.140353615611854665e-01
2.106541280886698453e-01
2.073230946276722053e-01
2.040293644184280608e-01
2.007845190368062471e-01
1.975878420472424457e-01
1.944326621409751266e-01
1.913243269280111292e-01
1.882562603997260664e-01
1.852337579371023668e-01
1.822619816801121506e-01
1.793286019283170662e-01
1.764388381645330406e-01
1.736034975083662057e-01
1.708047064130171766e-01
1.680476104841408524e-01
1.653372285273827791e-01
1.626672912549043393e-01
1.600372222025279456e-01
1.574574865182178929e-01
1.549163639255122793e-01
1.524242099375745230e-01
1.499694557577891385e-01
1.475515734661790590e-01
1.451807561003722324e-01
1.428563057120031399e-01
1.405669473297313510e-01
1.383227165011077786e-01
1.361177140475263170e-01
1.339461719191792355e-01
1.318231439681874506e-01
1.297376175339201854e-01
1.276890552535983325e-01
1.256921847094750744e-01
1.237209429812346495e-01
1.217951038682248410e-01
1.199039946182707400e-01
1.180520929885893883e-01
1.162388293066490413e-01
1.144636429487366214e-01
1.127308709779291374e-01
1.110253039771434552e-01
1.093610739061266768e-01
1.077279579380984453e-01
1.061350807904245519e-01
1.045770981105965530e-01
1.030582374033249399e-01
1.015685206291961629e-01
1.001122168701013004e-01
9.869349981230580993e-02
9.730256850527241319e-02
9.595744293561966898e-02
9.463455687764110724e-02
9.334726801902026860e-02
9.209053272803427448e-02
9.086842021788085755e-02
8.967595029861945288e-02
8.850824579517797830e-02
8.738269311596193190e-02
8.628103608002282709e-02
8.520732933219206384e-02
8.416554016533020488e-02
8.315521043712394145e-02
8.217157187399942719e-02
8.120995322048717158e-02
8.028286709402115973e-02
7.938556436201804622e-02
7.850916356168342880e-02
7.766178891149125296e-02
7.683884213467243041e-02
7.604414306194146045e-02
7.527314808383692157e-02
7.452552472356034630e-02
7.380504480300464909e-02
7.310724452873895718e-02
7.243586424772527343e-02
7.178245502901307862e-02
7.115480407325099066e-02
7.054855039204008249e-02
6.996339524734354609e-02
6.940300088993660299e-02
6.886308107342438423e-02
6.833943321013406791e-02
6.783962994966606652e-02
6.735945731336805131e-02
6.689864217622665254e-02
6.645691536856736248e-02
6.603401161185332158e-02
6.562966945565876231e-02
6.524363121579322689e-02
6.487187764118430844e-02
6.452170731089061639e-02
6.418536103364157197e-02
6.387007103942682340e-02
6.356446547743800635e-02
6.327943935012603216e-02
6.300373463249514527e-02
6.274450573202969283e-02
6.250152512260823134e-02
6.227096381164580474e-02
6.205265228116916415e-02
6.184999379263095981e-02
6.165921923435142837e-02
6.148370307962146980e-02
6.131971543610610642e-02
6.116359576589522340e-02
6.101872523620574529e-02
6.088842099666712249e-02
6.076902898770242256e-02
6.065696249347186236e-02
6.055554495122866115e-02
6.046122534165167262e-02
6.038068867472531909e-02
6.030699741374836997e-02
6.023670030025848193e-02
6.018312679155848888e-02
6.012940777838529649e-02
6.008879842962319001e-02
6.005452502941628634e-02
6.002650205692919294e-02
6.000464515437677060e-02
5.998887110944602086e-02
5.997909783801663730e-02
5.997846780285989721e-02
5.997723081851099453e-02
5.998497839170797985e-02
5.999840934839419798e-02
6.001428118516824450e-02
6.003256073432085976e-02
6.005635285071330570e-02
6.008245972379062938e-02
6.011395950165233926e-02
6.014768373879526148e-02
6.018668420878666575e-02
6.022475279782109336e-02
6.026801088909555792e-02
6.031030559653233897e-02
6.035467667827702082e-02
6.040712581545501503e-02
6.045253634199808379e-02
6.050295410244235089e-02
6.055533665615108613e-02
6.060669407637387512e-02
6.065998830240426631e-02
6.071225543654449469e-02
6.076643196882691722e-02
6.081666757283021862e-02
6.086591110942207034e-02
6.091706114096097358e-02
6.097009187332522867e-02
6.101925264148125999e-02
6.106744182779814262e-02
6.111750879500295330e-02
6.115812320615129916e-02
6.120347532663598933e-02
6.124789916611352719e-02
6.128861457529560797e-02
6.132844606109964097e-02
6.136463637700056289e-02
6.139723017989053011e-02
6.143175998048681224e-02
6.146000241756648802e-02
6.148747783715158288e-02
6.150877482585032086e-02
6.153206610585096326e-02
6.154926318567344179e-02
6.156044086215527872e-02
6.157366993786486664e-02
6.158361546545662590e-02
6.158767366729578363e-02
6.158591653044458158e-02
6.158365967159658977e-02
6.157829766739576077e-02
6.156466652631132491e-02
6.155063823772412984e-02
6.153363804253077218e-02
6.151113281338572991e-02
6.148318955889115617e-02
6.144987447702045247e-02
6.141379156516955234e-02
6.137497490824108531e-02
6.133093986815697091e-02
6.128425812787179072e-02
6.122746757813349316e-02
6.117313156586495770e-02
6.110882993066200919e-02
6.104208828014678900e-02
6.097293705714874196e-02
6.089650797051291559e-02
6.081776767304473280e-02
6.073188527077155729e-02
6.064136703496951497e-02
6.054626937538887949e-02
6.044664803300444506e-02
6.034255808875680499e-02
6.023643683686893957e-02
6.012356308067656058e-02
6.000638214454381142e-02
5.988494655374183157e-02
5.975696204486234675e-02
5.962484416749078836e-02
5.949097160010374807e-02
5.935072906984820845e-02
5.920419274817220051e-02
5.905373940386695469e-02
5.889941709655231727e-02
5.874127332437359406e-02
5.857707975134471973e-02
5.840917532366676768e-02
5.823986380986424793e-02
5.806466573184090874e-02
5.788365135326230954e-02
5.769912272279047877e-02
5.751334751888540625e-02
5.731969611862261504e-02
5.712267604351700667e-02
5.692232914012462786e-02
5.671650567594629933e-02
5.650963688782272704e-02
5.629956388823975644e-02
5.608199312568686035e-02
5.586348841448270097e-02
5.563976309192027181e-02
5.541302223014101663e-02
5.518330371109592125e-02
5.494851791530246804e-02
5.471296380040992918e-02
5.447243154707093193e-02
5.423118804818670424e-02
5.398295760588714409e-02
5.373408678301078156e-02
5.348250662862384652e-02
5.322825157275087177e-02
5.297135565332430907e-02
5.270979418791272436e-02
5.244772454171978820e-02
5.218311380106609165e-02
5.191395832259081827e-02
5.164234103849927454e-02
5.137031519363862569e-02
5.109587605296112001e-02
5.081704753615282066e-02
5.053988181577162564e-02
5.025639493420328702e-02
4.997460270680120775e-02
4.968855619231655335e-02
4.940422113120307435e-02
4.911569039334415937e-02
4.882692940208266386e-02
4.853599500459974958e-02
4.824485958283887543e-02
4.795159335346995538e-02
4.765815456980441317e-02
4.736070293726324376e-02
4.706503694106775604e-02
4.676732263867761780e-02
4.646949048576085733e-02
4.617154710330217265e-02
4.587349902474263663e-02
4.557346871740663996e-02
4.527335953807977431e-02
4.497317766323497695e-02
4.467479374444265766e-02
4.437262012274385825e-02
4.407040462755359295e-02
4.377184388172672413e-02
4.347138833444674777e-02
4.317089545967386921e-02
4.287219748266248021e-02
4.257346092173074081e-02
4.227469134469200029e-02
4.197589424519618251e-02
4.167707504366533616e-02
4.138003494078749261e-02
4.108476104277021534e-02
4.078945679938099367e-02
4.049234975571667366e-02
4.019700667305375896e-02
3.990694657767345638e-02
3.961508156145984033e-02
3.932845092218176242e-02
3.904176245963675990e-02
3.875327909511402241e-02
3.846823338161066419e-02
3.818486500545138773e-02
3.790143685511062482e-02
3.762311250243460109e-02
3.734299098367378084e-02
3.706792708584234070e-02
3.678936294297983911e-02
3.651751896187253876e-02
3.624725950043492656e-02
3.597857337496356694e-02
3.571144949709780664e-02
3.544755169221762425e-02
3.518518332954927164e-02
3.492599761597931646e-02
3.466830917431499431e-02
3.441210753600640326e-02
3.416067793403198410e-02
3.391069316624834018e-02
3.366214318122869031e-02
3.341828183481989484e-02
3.317581443163646754e-02
3.293635276479304347e-02
3.269987167522158539e-02
3.246634623340589887e-02
3.223414581104374482e-02
3.200646290509313874e-02
3.178166218752116051e-02
3.155812899214276851e-02
3.134061139670217544e-02
3.112273334935054814e-02
3.090922820825120140e-02
3.070005779176899346e-02
3.049048740346216660e-02
3.028832739423091211e-02
3.008728783626653247e-02
2.988891206815679630e-02
2.969317800664634036e-02
2.950160496417100417e-02
2.931415680286250658e-02
2.912926612647439087e-02
2.894691176627683937e-02
2.876859480991103904e-02
2.859276294361932230e-02
2.842090826149483440e-02
2.825299635570516568e-02
2.808598654758953997e-02
2.792586749241141725e-02
2.776660173627342257e-02
2.761116255173525630e-02
2.745951692914382070e-02
2.731015185042270921e-02
2.716452426959447414e-02
2.702407325453321310e-02
2.688435312820567150e-02
2.674828375510356418e-02
2.661729158278688945e-02
2.648842538001969921e-02
2.636166760300865872e-02
2.624133469097281873e-02
2.612304935167637093e-02
2.600679467702891531e-02
2.589541701903631810e-02
2.578601940449889995e-02
2.568000843343373404e-02
2.557593639906829974e-02
2.547661614078516878e-02
2.538059618961885366e-02
2.528644230588707534e-02
2.519694261797583018e-02
2.510926156745077464e-02
2.502617098612265265e-02
2.494346321665213626e-02
2.486529147781110782e-02
2.479023546848523399e-02
2.471826856216979146e-02
2.464936436530426600e-02
2.458212784720265401e-02
2.451927484099062846e-02
2.445804589923301908e-02
2.440114117740297545e-02
2.434717057744799351e-02
2.429341128759705815e-02
2.424524190930244308e-02
2.419859112734358553e-02
2.415344627458280297e-02
2.411112800411278900e-02
2.407161223858534163e-02
2.403487510866090041e-02
2.400089295100676923e-02
2.396832449652516045e-02
2.393847191516812120e-02
2.391131210036522708e-02
2.388682214414036484e-02
2.386237398812341218e-02
2.384316329665683853e-02
2.382525967726390609e-02
2.380865213129040175e-02
2.379461755040094759e-02
2.378184996708888888e-02
2.377161916197045519e-02
2.376390360885069844e-02
2.375740879178188034e-02
2.375339395636599099e-02
2.375057212040542626e-02
2.374767082527924622e-02
2.374846717071496180e-02
2.375041937308611587e-02
2.375476934164737902e-02
2.375900044143972392e-02
2.376684761407147142e-02
2.377455683540846340e-02
2.378460454482368355e-02
2.379697100029653373e-02
2.380794432666978599e-02
2.382121803864683390e-02
2.383554885294142042e-02
2.385214827686752900e-02
2.386734591021104357e-02
2.388600812186954594e-02
2.390326449211929022e-02
2.392395449026370885e-02
2.394443843858566970e-02
2.396591814400319750e-02
2.398718810641488342e-02
2.400944354199734121e-02
2.403386651938580615e-02
2.405806457555404593e-02
2.408203928558991930e-02
2.410697288497900756e-02
2.413167979136210742e-02
2.415851003377229161e-02
2.418393289123088596e-02
2.421146306070145332e-02
2.423875375132468132e-02
2.426580661002586403e-02
2.429262327115108699e-02
2.432036055348751891e-02
2.434670654635213635e-02
2.437397013979953828e-02
2.440099775985507188e-02
2.442893378431165025e-02
2.445663089223893208e-02
2.448409070716570796e-02
2.451131484035942373e-02
2.453830489093202644e-02
2.456280742575436479e-02
2.458821559442561991e-02
2.461452187979294715e-02
2.463948182142574120e-02
2.466422141886207703e-02
2.468874216498961882e-02
2.471304554150485777e-02
2.473602636070714941e-02
2.475769487683266573e-02
2.478026287710145478e-02
2.480042930949230215e-02
2.482149795281800297e-02
2.484018511577858884e-02
2.485868786499766114e-02
2.487700746059639742e-02
2.489297809677551779e-02
2.491094080828141002e-02
2.492549049091968491e-02
2.493987885248934513e-02
2.495196253918601642e-02
2.496496774772694049e-02
2.497568719571824011e-02
2.498520246449538809e-02
2.499458394450798995e-02
2.500171585417881176e-02
2.500872682546581224e-02
2.501351194502701367e-02
2.501713856674924949e-02
2.501961561178487822e-02
2.502199669221002315e-02
2.502011424215889318e-02
2.501919807729283129e-02
2.501820405055221047e-02
2.501299651021477236e-02
2.500773350370600473e-02
2.500138672877880858e-02
2.499191223936378728e-02
2.498240463445789220e-02
2.497184333381201674e-02
2.495819981745263025e-02
2.494454490653079046e-02
2.492783933362678617e-02
2.491113821099393694e-02
2.489141755951060353e-02
2.487171690351809919e-02
2.485003038539449274e-02
2.482637321878440953e-02
2.480175839995448980e-02
2.477420260608537497e-02
2.474472112536418508e-02
2.471629990069131033e-02
2.468399167385042572e-02
2.465078222136965480e-02
2.461569562928522803e-02
2.457972679156958037e-02
2.454092648255188844e-02
2.450029183484218540e-02
2.445978332579700279e-02
2.441648800421398688e-02
2.437236376417487374e-02
2.432548519397522216e-02
2.427780034450870497e-02
2.422739319834128768e-02
2.417620203806346985e-02
2.412327664860883930e-02
2.406767619092239213e-02
2.401132443384997039e-02
2.395327798502131997e-02
2.389449693475132613e-02
2.383404242515027929e-02
2.377004233451777623e-02
2.370534371010077704e-02
2.364089011258822468e-02
2.357293799691724534e-02
2.350431341552697284e-02
2.343409084845645210e-02
2.336228255430037801e-02
2.328797418513237419e-02
2.321210882678848703e-02
2.313654250686878952e-02
2.305759451449093667e-02
2.297712517700961979e-02
2.289697692840308302e-02
2.281440866693429381e-02
2.273034952586447388e-02
2.264571974648363351e-02
2.255871098418448656e-02
2.247114991927475977e-02
2.238123676817542138e-02
2.229078934938292372e-02
2.219801638038371161e-02
2.210472688285578663e-02
2.201003167916772488e-02
2.191305006884145326e-02
2.181557799876860174e-02
2.171761978564817550e-02
2.161740931840991364e-02
2.151672963426582569e-02
2.141382288851439997e-02
2.131046357489840490e-02
2.120665576100020516e-02
2.110152870004371184e-02
2.099596530326000923e-02
2.088735751669621929e-02
2.078007079610938793e-02
2.067063040059950035e-02
2.055991691709978600e-02
2.044880271896318963e-02
2.033643101806088815e-02
2.022281153958604277e-02
2.010966693029224775e-02
1.999443129835675945e-02
1.987882519013185398e-02
1.976200159898173353e-02
1.964566704910754996e-02
1.952727933248237305e-02
1.940854290376468547e-02
1.928946113721620101e-02
1.916919666412461934e-02
1.904775863257301971e-02
1.892766664772581320e-02
1.880557272268283328e-02
1.868399060841664794e-02
1.856125559178192427e-02
1.843820574524624237e-02
1.831484420465363111e-02
1.819034871119976776e-02
1.806555150168751706e-02
1.794127722169082742e-02
1.781588381816583480e-02
1.769019777290452289e-02
1.756503805455382830e-02
1.743877377738042855e-02
1.731303801287952318e-02
1.718701769803909415e-02
1.706071573945579234e-02
1.693413502177686103e-02
1.680808335415783991e-02
1.668095186621162268e-02
1.655355014930505811e-02
1.642668050945456787e-02
1.629954261525342132e-02
1.617373106577848010e-02
1.604526726552540569e-02
1.591892407300786808e-02
1.579231650035725978e-02
1.566623606951598677e-02
1.553989316486680504e-02
1.541407576201718303e-02
1.528799776956405766e-02
1.516244364060111843e-02
1.503663078443871239e-02
1.491211844954686873e-02
1.478734576928855335e-02
1.466231539866312723e-02
1.453934934167989100e-02
1.441534916075080247e-02
1.429109232724783650e-02
1.416888546083168443e-02
1.404641697225394829e-02
1.392445410226657819e-02
1.380375733560319437e-02
1.368355794678678856e-02
1.356385353187367603e-02
1.344388378653472126e-02
1.332440757303487815e-02
1.320617710806742777e-02
1.308617329538338918e-02
1.296966770190972028e-02
1.285288998157754076e-02
1.273733879351383012e-02
1.262151416649522594e-02
1.250765301499616976e-02
1.239425705553545178e-02
1.228132406381394343e-02
1.216959175601153333e-02
1.205757647437853686e-02
1.194749102148219902e-02
1.183785339903040655e-02
1.172939502210047259e-02
1.162137706134075757e-02
1.151452781121970435e-02
1.140811166220654337e-02
1.130285380790827486e-02
1.119874752092158733e-02
1.109578611557013317e-02
1.099324037364243778e-02
1.089182936054573086e-02
1.079154649914537169e-02
1.069238525296238237e-02
1.059433912588955869e-02
1.049668677484484787e-02
1.040085308040790760e-02
1.030611525132509032e-02
1.021175661654800601e-02
1.011848422760136708e-02
1.002629181039761501e-02
9.935878952986214666e-03
9.846530646844521562e-03
9.757537906146088874e-03
9.670301789270236911e-03
9.584111896385796511e-03
9.497565391099579285e-03
9.414149756461855090e-03
9.331063951123859043e-03
9.249000453832581167e-03
9.168645925929455945e-03
9.089299064416014526e-03
9.010954067591784439e-03
8.933605169061555398e-03
8.857246637493291705e-03
8.782558110604249055e-03
8.708161828748813352e-03
8.636103892623663361e-03
8.564327007217232071e-03
8.494189175033204156e-03
8.425002416411900633e-03
8.357438090365681971e-03
8.290811132976739356e-03
8.225116156954322133e-03
8.161020437588444379e-03
8.097172002583963996e-03
8.034909440551640109e-03
7.974223349541486802e-03
7.915104384860521120e-03
7.856211810193797565e-03
7.798208960416214489e-03
7.741753719200343033e-03
7.686836929269987191e-03
7.632789213009249195e-03
7.580264503015458032e-03
7.528596218328202985e-03
7.477779439320974067e-03
7.428464169950391507e-03
7.379987984841778620e-03
7.332998292259663813e-03
7.286835419429225046e-03
7.242144194161023903e-03
7.197619419918178940e-03
7.155201192060030996e-03
7.113585713104505527e-03
7.072124042881664310e-03
7.032744573366048711e-03
6.994151490940784220e-03
6.956980704307640616e-03
6.920584708560569183e-03
6.884959048591801113e-03
6.850099295730021319e-03
6.816636335200849765e-03
6.784561963646418455e-03
6.753235286535079311e-03
6.722652002121983113e-03
6.693438042005370008e-03
6.664956426444652686e-03
6.637202940870823992e-03
6.610799833566251282e-03
6.584488814516072097e-03
6.559517377586263423e-03
6.535877681726521421e-03
6.513561932341200081e-03
6.491321921987591725e-03
6.470395329513663196e-03
6.448303388190856043e-03
6.428752435796794736e-03
6.409881535279230748e-03
6.391686769363595991e-03
6.374164243750970668e-03
6.357921778499295296e-03
6.342341422672605721e-03
6.326810076194952677e-03
6.312543712965345069e-03
6.298928075681675849e-03
6.286565115768660318e-03
6.273634004686423279e-03
6.262551467085718943e-03
6.252102428688887173e-03
6.241682266803555076e-03
6.231890669064247060e-03
6.223322642286487766e-03
6.214178707742583178e-03
6.208040056206277219e-03
6.200723246233420805e-03
6.193423141159444360e-03
6.187325337167136688e-03
6.181831202566301017e-03
6.175756203287629045e-03
6.171461288288555835e-03
6.166583178247765293e-03
6.163473715393649743e-03
6.160364756157926842e-03
6.157256314992635982e-03
6.154732125136942907e-03
6.152788829959480663e-03
6.152004567072631887e-03
6.150051235884696453e-03
6.149252547751265369e-03
6.149023738106164719e-03
6.148784510613143801e-03
6.149686768782527783e-03
6.149424686086636845e-03
6.150299818014610606e-03
6.151733028120172364e-03
6.152578048867720327e-03
6.154549573667488990e-03
6.156502444522937018e-03
6.158436757126579952e-03
6.160919806038935194e-03
6.162816210840354504e-03
6.165259394285498538e-03
6.167118280016585519e-03
6.170084909405858936e-03
6.173029293411832173e-03
6.177073116966923065e-03
6.180530953184474978e-03
6.183964768478549152e-03
6.187374680147950806e-03
6.190760804864048686e-03
6.194123258674589724e-03
6.197462157007504156e-03
6.201331057874839500e-03
6.204622151694016638e-03
6.208441406902525869e-03
6.212235501995561418e-03
6.215455246910556175e-03
6.219748695397368798e-03
6.222920771487370356e-03
6.226070207956569715e-03
6.230287565028622132e-03
6.233390022817112894e-03
6.236470174784198434e-03
6.239528129133200055e-03
6.243105178063136813e-03
6.245577874931470576e-03
6.248569879938920164e-03
6.251540114451473347e-03
6.253414306332839845e-03
6.255807102785292811e-03
6.258180416300465794e-03
6.260000121544237288e-03
6.261802502075843914e-03
6.263587644274912214e-03
6.265355634061709617e-03
6.266045953319456831e-03
6.267252511521073828e-03
6.267915749297541320e-03
6.268566036564277369e-03
6.269203441078734403e-03
6.269302566938321844e-03
6.268341856878384410e-03
6.268421298108620837e-03
6.267967430609688688e-03
6.266461528223883116e-03
6.265471408955314812e-03
6.263954778900520000e-03
6.262433312110046550e-03
6.259871325785900179e-03
6.258342164828741873e-03
6.255260314338539039e-03
6.252694408580905701e-03
6.249099310938106139e-03
6.245506989744332993e-03
6.241917447550968112e-03
6.237308009702091996e-03
6.232705041143300415e-03
6.227599030956290811e-03
6.221992715749232426e-03
6.216904153635679359e-03
6.210810312980831992e-03
6.204222475671044776e-03
6.198153209382437252e-03
6.191087649015609116e-03
6.183534305988050081e-03
6.175998065803336122e-03
6.168478873000257830e-03
6.159975782629788926e-03
6.151493197648635371e-03
6.142532385864681380e-03
6.132598164586192287e-03
6.123186440519892346e-03
6.112806451603018144e-03
6.102453653421223249e-03
6.091633700135016746e-03
6.080349123187000181e-03
6.069094941907556863e-03
6.056887787020063217e-03
6.044714286157452411e-03
6.032084422614080073e-03
6.019000667856430793e-03
6.005953650034608245e-03
5.992455925605522614e-03
5.978023480366694183e-03
5.964118099984054046e-03
5.949282837982248009e-03
5.934490443082609396e-03
5.919257711316531535e-03
5.903587024301943341e-03
5.887480751035658634e-03
5.871421763702085878e-03
5.853970859072563093e-03
5.837529594475283391e-03
5.820180750772454940e-03
5.802406317898210764e-03
5.784208597165366519e-03
5.766065390309884145e-03
5.747501809340113503e-03
5.728993988002672663e-03
5.709595639519611347e-03
5.690255918289715935e-03
5.670974607078741944e-03
5.650810315359163297e-03
5.630237482283807250e-03
5.609727277268665609e-03
5.589279468067514384e-03
5.568426477570197382e-03
5.546237409170966942e-03
5.525047943644006629e-03
5.503458211750189566e-03
5.481006232583979058e-03
5.459086566168892297e-03
5.436771479515372686e-03
5.413601348502741946e-03
5.390963553035624592e-03
5.367474939280639061e-03
5.344518133237357270e-03
5.321173306415346443e-03
5.296984725000059360e-03
5.273327926863972254e-03
5.249287776729765626e-03
5.224866335036212200e-03
5.200520361717537142e-03
5.175341702873272574e-03
5.150694205535582409e-03
5.125670479165295688e-03
5.100724174414273011e-03
5.075404139189756449e-03
5.050612585040218858e-03
5.024549569613670150e-03
4.999015976846064857e-03
4.973113584518567588e-03
4.947738510082928289e-03
4.921549244291324905e-03
4.895886707235886509e-03
4.869858717749552847e-03
4.843467227272953667e-03
4.817157501133387254e-03
4.790929239304502624e-03
4.764782143081894815e-03
4.738274817066831512e-03
4.711849539666363405e-03
4.685506010545614601e-03
4.658805041848720907e-03
4.632186690118631454e-03
4.605650653458702275e-03
4.579196631295880809e-03
4.552388355368390191e-03
4.526098191146903961e-03
4.499020105762869225e-03
4.472459529265259900e-03
4.445980918618823788e-03
4.419151615689364578e-03
4.392836760080201693e-03
4.366602978050962078e-03
4.340449975359667728e-03
4.313518449097648519e-03
4.287527546149871166e-03
4.261145647102801068e-03
4.235144080049744325e-03
4.208923723374475602e-03
4.183124726953326399e-03
4.157404898061932072e-03
4.131721493364793121e-03
4.105523394711928752e-03
4.080040471820056171e-03
4.054297586355165052e-03
4.028970994995280386e-03
4.003721871245339778e-03
3.978507894842968871e-03
3.953412941082532980e-03
3.928352718564428851e-03
3.903703684306821832e-03
3.879088014563449125e-03
3.854880945233351858e-03
3.830414463788817982e-03
3.806313399685631350e-03
3.781663134794124859e-03
3.757709328194370688e-03
3.733786889220023792e-03
3.710556486145546833e-03
3.687066595063421843e-03
3.664882715629899906e-03
3.642108223479513778e-03
3.619402529820010643e-03
3.597011166400373734e-03
3.574728218095111088e-03
3.552471586722205730e-03
3.530852705543422419e-03
3.508973197598029385e-03
3.487443912107125298e-03
3.466303814624061355e-03
3.445470107334884860e-03
3.424658327944851959e-03
3.403908825079620271e-03
3.383463234138850417e-03
3.363400665250451411e-03
3.343638999342966791e-03
3.323896058852464364e-03
3.304812662079438870e-03
3.285466001361848042e-03
3.266416349955189678e-03
3.247702223512091962e-03
3.229600674838297228e-03
3.211512840985805868e-03
3.193478396200138264e-03
3.175734803033094817e-03
3.158280745678648024e-03
3.141193879620988484e-03
3.124393686087805107e-03
3.107878868510754750e-03
3.091412363668417842e-03
3.075504038300630634e-03
3.059642081957045321e-03
3.044060992576766780e-03
3.028837597365463888e-03
3.013892291387135994e-03
2.999184893277579735e-03
2.984753200269387591e-03
2.970557164470183972e-03
2.956556987425733567e-03
2.942867843569568851e-03
2.929449701396435058e-03
2.916262777895175552e-03
2.903344536631770681e-03
2.890693765578864795e-03
2.878309258314847279e-03
2.866228133577397585e-03
2.854372497123645620e-03
2.842817738839703047e-03
2.831524355274371747e-03
2.820491168019783040e-03
2.809678982029413866e-03
2.799124769976789415e-03
2.788865273291638632e-03
2.778861313059111278e-03
2.769073951207501154e-03
2.759577673147693439e-03
2.750295823086291221e-03
2.741302662788820937e-03
2.732521780527985035e-03
2.724027215402224228e-03
2.715742798561146618e-03
2.707704967788169929e-03
2.699912612765730576e-03
2.692364628259293156e-03
2.685022706859168003e-03
2.677960225081537672e-03
2.671101735255694814e-03
2.664483359059271941e-03
2.658067036664261539e-03
2.651888784979663984e-03
2.645947532853926837e-03
2.640131785216771367e-03
2.634624753794911813e-03
2.629314952435328739e-03
2.624201497063166719e-03
2.619283507620284810e-03
2.614560108044918212e-03
2.610139847725753345e-03
2.605839267346560673e-03
2.601730562028069932e-03
2.597776564213437247e-03
2.594085340869471852e-03
2.590547116895098537e-03
2.587161209051145466e-03
2.583963025045792148e-03
2.580915690661602594e-03
2.578054510954505465e-03
2.575378652139543017e-03
2.572851414139739126e-03
2.570472133107061258e-03
2.568240148183511314e-03
2.566190509477530354e-03
2.564215438092131479e-03
2.562492607141202746e-03
2.560843150282729984e-03
2.559337729813631473e-03
2.557975702503598788e-03
2.556685653724342835e-03
2.555573266594782927e-03
2.554602465828615266e-03
2.553702162626702611e-03
2.552942395160163157e-03
2.552287413183358927e-03
2.551701679103047203e-03
2.551254921553000772e-03
2.550911554642779078e-03
2.550636203691690040e-03
2.550428565974058835e-03
2.550357960204324096e-03
2.550354259210672794e-03
2.550382458352627897e-03
2.550511725757288132e-03
2.550741611472735759e-03
2.551002562779049621e-03
2.551363443241525582e-03
2.551754907958983000e-03
2.552211219176252644e-03
2.552697739731193440e-03
2.553248631836671240e-03
2.553829361910801322e-03
2.554473992567215732e-03
2.555182239374746180e-03
2.555885627661273578e-03
2.556584176574631419e-03
2.557311900687055366e-03
2.558034723565782639e-03
2.558820455851079818e-03
2.559533434414895670e-03
2.560309162103626725e-03
2.561012373521917053e-03
2.561980358789636182e-03
2.562707231882940806e-03
2.563429239612431774e-03
2.564381249782526385e-03
2.565093240844595630e-03
2.565800424039043487e-03
2.566502818120439035e-03
2.567200441764704195e-03
2.567893313569485393e-03
2.568614709618675333e-03
2.569298084886696872e-03
2.569976763747539895e-03
2.570683877350479849e-03
2.571386234996763526e-03
2.571852736717185860e-03
2.572282219623768344e-03
2.572773607134542714e-03
2.572734901293574194e-03
2.573218839440211732e-03
2.573207012500844208e-03
2.573192538713192732e-03
2.573208113938549139e-03
2.572959872818113020e-03
2.573231121735510604e-03
2.573043317288220121e-03
2.572593418341299724e-03
2.572401753762112823e-03
2.572013566175394925e-03
2.571623843024880250e-03
2.570974108584084608e-03
2.570388123091454403e-03
2.569801178828585216e-03
2.568955906759104370e-03
2.567949794222999359e-03
2.566911853054639793e-03
2.565906291015487492e-03
2.564709053286935280e-03
2.563512619977180267e-03
2.562093709595565129e-03
2.560453275861231288e-03
2.559101175162142860e-03
2.557273907881666645e-03
2.555258950066179296e-03
2.553722204297981333e-03
2.551523091309300818e-03
2.549580297905554467e-03
2.547419688951130072e-03
2.545042195195354635e-03
2.542260057486528304e-03
2.539734466131961677e-03
2.536993959600740856e-03
2.534289972200179635e-03
2.531153301211186597e-03
2.528022953144682967e-03
2.524711816400670387e-03
2.521469771506745349e-03
2.517985589894739754e-03
2.514570811976921724e-03
2.510698030291076081e-03
2.507112315873368403e-03
2.503101302488172294e-03
2.498882928563851691e-03
2.494951418696563557e-03
2.490597394934178452e-03
2.486037874993961370e-03
2.481550075140637971e-03
2.476857752294401964e-03
2.471961775919027330e-03
2.467352232166752316e-03
2.462325663585124801e-03
2.457127755083647874e-03
2.451972377537919075e-03
2.446372867066979023e-03
2.440847279891953693e-03
2.435122427005083703e-03
2.429471672527984578e-03
2.423622584202189505e-03
2.417576002994604838e-03
2.411362920453392986e-03
2.405194831857212709e-03
2.398650578365776713e-03
2.392332320444914145e-03
2.385429473201434742e-03
2.378782971280490790e-03
2.371943198992199509e-03
2.364940838236928491e-03
2.357985338708026412e-03
2.350629803211260003e-03
2.343322011392707203e-03
2.336061787232365187e-03
2.328641342886871891e-03
2.321031740466298829e-03
2.313056313814324319e-03
2.305307329722766814e-03
2.297429921064360336e-03
2.289365724636459147e-03
2.281321440503738304e-03
2.273150131142606580e-03
2.264558984027357277e-03
2.256252833897732808e-03
2.247557660668307675e-03
2.239117823250904183e-03
2.230290433296041631e-03
2.221514139311505428e-03
2.212788757269314351e-03
2.203474851201920118e-03
2.194619472700928397e-03
2.185612240544502257e-03
2.176453797332857359e-03
2.166884687497759240e-03
2.157599253891626101e-03
2.148135230260636748e-03
2.138694842960973605e-03
2.129134305372283424e-03
2.119597652964726967e-03
2.109884154991783535e-03
2.100023180548213440e-03
2.090244060369456612e-03
2.080346640988957069e-03
2.070473984326982528e-03
2.060455178768622834e-03
2.050404580004782512e-03
2.040265550250676494e-03
2.030151906795349317e-03
2.019893652620197502e-03
2.009632808875411875e-03
1.999341169174660791e-03
1.988990678284938574e-03
1.978609769112624813e-03
1.968198591542624342e-03
1.957729201241735582e-03
1.947257971513911617e-03
1.936700881972522542e-03
1.926170229087430718e-03
1.915610047488436676e-03
1.904992576611148469e-03
1.894373812420295077e-03
1.883725955878839346e-03
1.873076946639601770e-03
1.862426817522739968e-03
1.851720157966913697e-03
1.841012590831697963e-03
1.830331796094775100e-03
1.819622472628604779e-03
1.808884761917122896e-03
1.798173881613884459e-03
1.787434749533066327e-03
1.776694971406684795e-03
1.765954577924112564e-03
1.755268385838429281e-03
1.744608851717898389e-03
1.733893935289434248e-03
1.723233022866629393e-03
1.712571431047443153e-03
1.701936403348456878e-03
1.691327862649690244e-03
1.680718590464070966e-03
1.670135723125264421e-03
1.659579184102517738e-03
1.649021862212150932e-03
1.638517786721129139e-03
1.628039811470803925e-03
1.617614789814224080e-03
1.607188753652591135e-03
1.596815450603144984e-03
1.586467877345904085e-03
1.576172747994162952e-03
1.565929883723596880e-03
1.555712387857566487e-03
1.545546871040981386e-03
1.535433156232043255e-03
1.525344452762346587e-03
1.515360427753567694e-03
1.505401063275772821e-03
1.495439777865089064e-03
1.485556032937540355e-03
1.475749551931595203e-03
1.465993651689894177e-03
1.456288160352462455e-03
1.446632906694771993e-03
1.437080330559824390e-03
1.427551244309737581e-03
1.418071818099390013e-03
1.408720493588769274e-03
1.399392120269564877e-03
1.390165040198341031e-03
1.380960578566053009e-03
1.371882945113020663e-03
1.362827533082988174e-03
1.353872283783924199e-03
1.344964897274536280e-03
1.336183015468740990e-03
1.327448472767211399e-03
1.318786976878312794e-03
1.310249938483412603e-03
1.301759494726525144e-03
1.293289718731176555e-03
1.284917759813628685e-03
1.276643263505255208e-03
1.268465876669848131e-03
1.260410884885567601e-03
1.252375420835576255e-03
1.244436145487067946e-03
1.236567171192415977e-03
1.228819262375255121e-03
1.221166501397818755e-03
1.213583101930450041e-03
1.206068817971846100e-03
1.198674159152181935e-03
1.191373342809881304e-03
1.184140716581504613e-03
1.177001319516752685e-03
1.169954814570591927e-03
1.163000865956628641e-03
1.156164324066238144e-03
1.149369300841364535e-03
1.142665897747391574e-03
1.136103962853205872e-03
1.129582744941313782e-03
1.123177184248716704e-03
1.116836869455947083e-03
1.110611495499053310e-03
1.104475711456178420e-03
1.098454094193392896e-03
1.092496489403957556e-03
1.086627507733357477e-03
1.080871635852222179e-03
1.075203686200067090e-03
1.069598597093718599e-03
1.064105572057199439e-03
1.058699520670225653e-03
1.053404780526763203e-03
1.048171705248955241e-03
1.043049255440249568e-03
1.038012469485820712e-03
1.033061038345107086e-03
1.028219151860227873e-03
1.023413010050240081e-03
1.018740237176124410e-03
1.014151533429795155e-03
1.009646595606733532e-03
1.005225121620948120e-03
1.000886810500365700e-03
9.966313623822429125e-04
9.924827333225817380e-04
9.884163106266368164e-04
9.844076032534383822e-04
9.805288998407251950e-04
9.766831875266232445e-04
9.729426671181712208e-04
9.692828819098386894e-04
9.657035409163871416e-04
9.622043542210174591e-04
9.587850329709911475e-04
9.553973769650108295e-04
9.521609100433799187e-04
9.489555949468002913e-04
9.458529269761201683e-04
9.428048575850559148e-04
9.398350011959339528e-04
9.369430761214225106e-04
9.341288017044790601e-04
9.313681770453453076e-04
9.286847030512133169e-04
9.260544388950017703e-04
9.235244630053055393e-04
9.210235973191485508e-04
9.186224691298996558e-04
9.162736231720611550e-04
9.140239100244701952e-04
9.118025020703514078e-04
9.096562227525532797e-04
9.075613694172852616e-04
9.055177586026404461e-04
9.035719580984349387e-04
9.016535744239667074e-04
8.997858300957968470e-04
8.979918344348084697e-04
8.962480607854981509e-04
8.945310965804672068e-04
8.928872582318232720e-04
8.912699292265660080e-04
8.897484631764821872e-04
8.882531525844780196e-04
8.868069984244278435e-04
8.854098253473926226e-04
8.840384218054675837e-04
8.827387152493478039e-04
8.814644863290599115e-04
8.802385988924768274e-04
8.790838062225479364e-04
8.779311596483244887e-04
8.768035242766949750e-04
8.757464977254272257e-04
8.747141967216356864e-04
8.737065342498441523e-04
8.727461839706308119e-04
8.718102443800084065e-04
8.709213352096512473e-04
8.700339322181712375e-04
8.691933342432549107e-04
8.683767507439955294e-04
8.675615002846404121e-04
8.668152891977820964e-04
8.660702429169193613e-04
8.653488746414999015e-04
8.646735898473105822e-04
8.639993008886665818e-04
8.633260056429925642e-04
8.626985186651222031e-04
8.620495326161399258e-04
8.614685453676674751e-04
8.608883303859912175e-04
8.602865844873769374e-04
8.597079360255400907e-04
8.591745524466519934e-04
8.586196070469521210e-04
8.580875693197019495e-04
8.575561894349415697e-04
8.570476092473969937e-04
8.565396319364253002e-04
8.560322564306778589e-04
8.555254816613426386e-04
8.550413448461947463e-04
8.545357422725492150e-04
8.540307372902972627e-04
8.535482890209193738e-04
8.530444501050818548e-04
8.525412056575286130e-04
8.520385546267811912e-04
8.515364959638389679e-04
8.510350286221725433e-04
8.505123463443760214e-04
8.499903046387631209e-04
8.494689023302831165e-04
8.489481382467531064e-04
8.483846055957863959e-04
8.478434881087290338e-04
8.472814042622641480e-04
8.467200554386269127e-04
8.461378390828009147e-04
8.455348296994472752e-04
8.449326520862231876e-04
8.443097792264265579e-04
8.436877851314649162e-04
8.430237179401322938e-04
8.423606262605677153e-04
8.416770831374360481e-04
8.409731615177757844e-04
8.402489340918367937e-04
8.395044732940816923e-04
8.387611764637576024e-04
8.379764403820187625e-04
8.371716867503902230e-04
8.363469869900017365e-04
8.355236383880046934e-04
8.346804364422040707e-04
8.338174519528744741e-04
8.329136031850053199e-04
8.319690340163345653e-04
8.310260943840158026e-04
8.300637016864083296e-04
8.290608709199565485e-04
8.280387744363882979e-04
8.270184868428322178e-04
8.259370593933954788e-04
8.248366204905458951e-04
8.237172381175520038e-04
8.225580710705109478e-04
8.213801440126640169e-04
8.201835240918862536e-04
8.189474414547543617e-04
8.176928475032730357e-04
8.164198085601247559e-04
8.151283907164728806e-04
8.137771776267804834e-04
8.124285296698832790e-04
8.110410536496964230e-04
8.096355555979632083e-04
8.081914541203730207e-04
8.067088846425922010e-04
8.052085809600945587e-04
8.036906068583797623e-04
8.021139224176223421e-04
8.005197884138695336e-04
7.989082677272776054e-04
7.972384602209220536e-04
7.955719426371483678e-04
7.938678375712323893e-04
7.921466881928244247e-04
7.903881678881394214e-04
7.886331375459096219e-04
7.868002214978837708e-04
7.849506448130621821e-04
7.830844678414167290e-04
7.812017507232634243e-04
7.792620543616934990e-04
7.773060293951000298e-04
7.753337351052171610e-04
7.733452305680141607e-04
7.713002589312525697e-04
7.692594208943121349e-04
7.671623695511799656e-04
7.650695680680862261e-04
7.629408723974024026e-04
7.607764081514201138e-04
7.585963220576790811e-04
7.564006711156001130e-04
7.541495593003270459e-04
7.519030399832991700e-04
7.496212390655508954e-04
7.473241889471073660e-04
7.449721722074733200e-04
7.426249713376115776e-04
7.402627326305524650e-04
7.378656915411391150e-04
7.354735645232712794e-04
7.330072387778379262e-04
7.305657335033821339e-04
7.281095081255765586e-04
7.255991990901022089e-04
7.230940528324392418e-04
7.205743920202380788e-04
7.180206272943234595e-04
7.154524984807730369e-04
7.128700584799949318e-04
7.102733600099411099e-04
7.076624556067957414e-04
7.049983308889384024e-04
7.023592150329124309e-04
6.997060496958710336e-04
6.969804821396721924e-04
6.943188846060328228e-04
6.916044993381629006e-04
6.888763138805411830e-04
6.861537610116962612e-04
6.834174667527763685e-04
6.806868206525537330e-04
6.779231742678203153e-04
6.751459382747680357e-04
6.723551629083280180e-04
6.695701514774414585e-04
6.667524260821028163e-04
6.639405217075686552e-04
6.611344242210012798e-04
6.583149512639934788e-04
6.554630051472261874e-04
6.526169504631800173e-04
6.497767729283513349e-04
6.469233744523944247e-04
6.440758667178695957e-04
6.412151936130784701e-04
6.383604246601861732e-04
6.354735456017325274e-04
6.325736465764173963e-04
6.296986922351864233e-04
6.268486056772448484e-04
6.239665602209319229e-04
6.211471458074920102e-04
6.182580351377894900e-04
6.153937350628952037e-04
6.125353353866329516e-04
6.096828218880924770e-04
6.068173876531782760e-04
6.039390801584120861e-04
6.010854501008486370e-04
5.982376905880457856e-04
5.953957875025359201e-04
5.925597267674769181e-04
5.897294943465143440e-04
5.869050762436452736e-04
5.840678291387942610e-04
5.812550181161697284e-04
5.784479796313059252e-04
5.756466998483177229e-04
5.728697134480360484e-04
5.700984179177531405e-04
5.673142914077230082e-04
5.645543568736834800e-04
5.618185405525579629e-04
5.591067689157006113e-04
5.563636842769215151e-04
5.536630258147657180e-04
5.509678841231071622e-04
5.482782460468141328e-04
5.455940984682787183e-04
5.429154283072908267e-04
5.402788404232771336e-04
5.376293357046333342e-04
5.350034994939099247e-04
5.324012598938972565e-04
5.298225452347139286e-04
5.272490735568687460e-04
5.246990233423179861e-04
5.221541521392743116e-04
5.196325995060754399e-04
5.171342947087967943e-04
5.146591672365891535e-04
5.121709599241512862e-04
5.097420152642012387e-04
5.072999283384396589e-04
5.048988515328640134e-04
5.025026252993587813e-04
5.001292349265563800e-04
4.977786112579736435e-04
4.954506853545035446e-04
4.931274494107647840e-04
4.908447322413310920e-04
4.885666064829947497e-04
4.863109430496079656e-04
4.840955366307716449e-04
4.818845751615956742e-04
4.796958728206903236e-04
4.775115566534160320e-04
4.753671897673095365e-04
4.732626484385723240e-04
4.711623115329967868e-04
4.690838992655081089e-04
4.670273453647129152e-04
4.650102762016620952e-04
4.629972222861842906e-04
4.610058291931942590e-04
4.590360314755908655e-04
4.571053814571020388e-04
4.551785603224819195e-04
4.532907197846621221e-04
4.514417394578482687e-04
4.495788698182891295e-04
4.477547319012758825e-04
4.459692061875717892e-04
4.441697104779798429e-04
4.424261689277045567e-04
4.407035059725307176e-04
4.390016585477673778e-04
4.373205637848200924e-04
4.356427632207379936e-04
4.340203817463865856e-04
4.324185289424674686e-04
4.308198018044530559e-04
4.292761615199313014e-04
4.277182188518033248e-04
4.261978807533318785e-04
4.246977631917021943e-04
4.232350553750444436e-04
4.217751778665608823e-04
4.203353383434871044e-04
4.189498686278303116e-04
4.175670660305983426e-04
4.162212449102327036e-04
4.148780070563208404e-04
4.135715953975432815e-04
4.122676837804046006e-04
4.110175326309938471e-04
4.097697633009099319e-04
4.085584766083912088e-04
4.073494899175729195e-04
4.061598156485418838e-04
4.050233953720682703e-04
4.038721358998816784e-04
4.027400145596117184e-04
4.016608675957528628e-04
4.005837436593593357e-04
3.995086381974845215e-04
3.984862296172981904e-04
3.974657254003831027e-04
3.964808399335153707e-04
3.955146223644444531e-04
3.945501918800213342e-04
3.936211585908329347e-04
3.927106246040005188e-04
3.918017617392613471e-04
3.909280763127196746e-04
3.900559854149599631e-04
3.892189264319388534e-04
3.884000891836235478e-04
3.875827326629578402e-04
3.868001912577108100e-04
3.860190554146342309e-04
3.852725911195046702e-04
3.845274577849070547e-04
3.837836524904685107e-04
3.830743389330317178e-04
3.823662794944152196e-04
3.817091192716560695e-04
3.810365735482366977e-04
3.803817213919494884e-04
3.797445094764153217e-04
3.791248846379991909e-04
3.785063292039266220e-04
3.779217365207060528e-04
3.773217103490917918e-04
3.767555415766511403e-04
3.762395248434696293e-04
3.756424617431666844e-04
3.751118771459763701e-04
3.745821793564118696e-04
3.740696971324508190e-04
3.735580646750775394e-04
3.730635775768413641e-04
3.725861842809368102e-04
3.721095691461247311e-04
3.716499782433185361e-04
3.712073604081086021e-04
3.707330205155366870e-04
3.703080470836868495e-04
3.698675633389832238e-04
3.694439479199978192e-04
3.690210011996658307e-04
3.686148544452088325e-04
3.682254572696681675e-04
3.678205594419741223e-04
3.674323760249899556e-04
3.670447894906962521e-04
3.666577986244426153e-04
3.662874372116906507e-04
3.659176366693265257e-04
3.655483958654220304e-04
3.651797136709032253e-04
3.648275593482363708e-04
3.644759292031913970e-04
3.641407604189833081e-04
3.637901594463690972e-04
3.634400795405203595e-04
3.630905196615933739e-04
3.627573529782343251e-04
3.624246723579784002e-04
3.620766345028266029e-04
3.617291125890834342e-04
3.613979161556696751e-04
3.610514071960698140e-04
3.607369689070866257e-04
3.603914531066310448e-04
3.600464482092358815e-04
3.597176847532085201e-04
3.593736828896337463e-04
3.590301889169984014e-04
3.586872018283813763e-04
3.583447206193634670e-04
3.580027442880198392e-04
3.576612718349124931e-04
3.573046803375695582e-04
3.569486218618968276e-04
3.565930953460981425e-04
3.562380997310199242e-04
3.558680741650243977e-04
3.554986083387070899e-04
3.551297011315744374e-04
3.547613514259272995e-04
3.543625620375731589e-04
3.539798721062903755e-04
3.535977670138459200e-04
3.532162455851899888e-04
3.528044333659176063e-04
3.523932636346205349e-04
3.519827350887656608e-04
3.515728464290868963e-04
3.511635963595759647e-04
3.507242627656126659e-04
3.502856258926212440e-04
3.498476843193904060e-04
3.493798067412231178e-04
3.489279819074713623e-04
3.484768782637242407e-04
3.479959549807446341e-04
3.475310647535982526e-04
3.470364420814652418e-04
3.465274000451528855e-04
3.460344011885647920e-04
3.455270095664984050e-04
3.450204480753114194e-04
3.444843853339917559e-04
3.439492088622231130e-04
3.434149168255401312e-04
3.428512669295574245e-04
3.422885571086591722e-04
3.417418760180729212e-04
3.411508740654171836e-04
3.405759264722568475e-04
3.399718479685842946e-04
3.393838196965074066e-04
3.387667446879815292e-04
3.381507134247144393e-04
3.375207361327272650e-04
3.368768545303957220e-04
