# f_z
5.127966172728553040e-01
5.188508047315472105e-01
5.248568643179167825e-01
5.308139052833245053e-01
5.367210901296106673e-01
5.425776335749239454e-01
5.483827632592317425e-01
5.541358409696213183e-01
5.598362375591883211e-01
5.654833617192438489e-01
5.710766713813730799e-01
5.766156724209015039e-01
5.820999173691087103e-01
5.875290041331706625e-01
5.929025711251436626e-01
5.982202703057157844e-01
6.034818795983399875e-01
6.086871608826271984e-01
6.138359168012803568e-01
6.189279893596979498e-01
6.239632585452659086e-01
6.289416409661607865e-01
6.338630885096373513e-01
6.387275870198807493e-01
6.435351347850977177e-01
6.482857909624121229e-01
6.529796573113618718e-01
6.576168394489210201e-01
6.621974717156253742e-01
6.667217158776681529e-01
6.711897598582798885e-01
6.756018164983429442e-01
6.799581223462110025e-01
6.842589364767199811e-01
6.885045393393760538e-01
6.926952019851413400e-01
6.968312721900449258e-01
7.009130991326135707e-01
7.049410353509565352e-01
7.089154501276294651e-01
7.128367284516718971e-01
7.167052700137490628e-01
7.205214882339676663e-01
7.242858093219325388e-01
7.279986713685888677e-01
7.316605234693935866e-01
7.352718248783327581e-01
7.388330441922994485e-01
7.423446237751640808e-01
7.458070875108175901e-01
7.492209311471980104e-01
7.525866513225829557e-01
7.559047507812994837e-01
7.591757376962142700e-01
7.624001250200544977e-01
7.655784298648253827e-01
7.687111729085925882e-01
7.717988778289031071e-01
7.748420707621135328e-01
7.778412797879059593e-01
7.807970344382653138e-01
7.837098652302044721e-01
7.865803032215265000e-01
7.894088675035562108e-01
7.921960806913339592e-01
7.949425001682385306e-01
7.976486538815610317e-01
8.003150686377029643e-01
8.029422697651975582e-01
8.055307807970547573e-01
8.080811231717235366e-01
8.105938159519729957e-01
8.130693755610156614e-01
8.155083155352045310e-01
8.179111462926561549e-01
8.202783749171684846e-01
8.226105049568122052e-01
8.249080362365958097e-01
8.271714646846179964e-01
8.294012821711385097e-01
8.315979763600122032e-01
8.337620305719481983e-01
8.358939209031426287e-01
8.379941010275452351e-01
8.400630683246852470e-01
8.421012869065153117e-01
8.441092161130497873e-01
8.460873104295237868e-01
8.480360194124501039e-01
8.499557876241352616e-01
8.518470545752293566e-01
8.537102546749032461e-01
8.555458171882577290e-01
8.573541662005879083e-01
8.591357205881371417e-01
8.608908939949930783e-01
8.626200948157854986e-01
8.643237272140630312e-01
8.660021892711419200e-01
8.676558725722353094e-01
8.692851644506423003e-01
8.708904469887073230e-01
8.724721635189508495e-01
8.740305252708517880e-01
8.755659954377087439e-01
8.770789348067139501e-01
8.785696990357672043e-01
8.800386386788515702e-01
8.814860992142584672e-01
8.829124210754671909e-01
8.843179396844869089e-01
8.857029854874814978e-01
8.870678839925062453e-01
8.884129558091909962e-01
8.897385166902170850e-01
8.910448775744365113e-01
8.923323446314963547e-01
8.936012193078333166e-01
8.948517983739111559e-01
8.960843739725825596e-01
8.972992336684609826e-01
8.984966604981938776e-01
8.996769330215367289e-01
9.008403253731300797e-01
9.019871073148885143e-01
9.031175442889165517e-01
9.042318974708684065e-01
9.053304238236756785e-01
9.064133761515711374e-01
9.074810031543388833e-01
9.085335494817292634e-01
9.095712557879758187e-01
9.105943587863586375e-01
9.116030913037620476e-01
9.125976823351755751e-01
9.135783570980917645e-01
9.145453370867583365e-01
9.154988400044261621e-01
9.164390796344904500e-01
9.173662673190107197e-01
9.182806101718247183e-01
9.191823118551230021e-01
9.200715726317294507e-01
9.209485894170241771e-01
9.218135558304844102e-01
9.226666622468203682e-01
9.235080958466841405e-01
9.243380406669335914e-01
9.251566776504309697e-01
9.259641846953625688e-01
9.267607367040632260e-01
9.275465056313330070e-01
9.283216605322337500e-01
9.290863676093548129e-01
9.298407902595385854e-01
9.305850891200586616e-01
9.313194221142409024e-01
9.320439444965235021e-01
9.327588088969491764e-01
9.334641653650863624e-01
9.341601614133746567e-01
9.348469420598923829e-01
9.355246498705445113e-01
9.361934250006685998e-01
9.368534052360589781e-01
9.375047260334086197e-01
9.381475205601694789e-01
9.387819197338319599e-01
9.394080522606254036e-01
9.400260446736411479e-01
9.406360213703808260e-01
9.412381046497326764e-01
9.418324158849573635e-01
9.424190732030364170e-01
9.429981915540804893e-01
9.435698852186342744e-01
9.441342665540719548e-01
9.446914460282095360e-01
9.452415322523758379e-01
9.457846320139474683e-01
9.463208503083522238e-01
9.468502903705466878e-01
9.473730537059730228e-01
9.478892401210011753e-01
9.483989477528619316e-01
9.489022730990759324e-01
9.493993110463857521e-01
9.498901548991967037e-01
9.503748964075319217e-01
9.508536257945082726e-01
9.513264317833396433e-01
9.517934016238733808e-01
9.522546211186663223e-01
9.527101746486065226e-01
9.531601451980881157e-01
9.536046143797436425e-01
9.540436624587422809e-01
9.544773683766591965e-01
9.549058097749226759e-01
9.553290630178448151e-01
9.557472032152434238e-01
9.561603042446599199e-01
9.565684387731805405e-01
9.569716782788662002e-01
9.573700930717985447e-01
9.577637523147467524e-01
9.581527240434621895e-01
9.585370751866064687e-01
9.589168715853197966e-01
9.592921780124342712e-01
9.596630602727600490e-01
9.600295793228853514e-01
9.603917962708322653e-01
9.607497718197428593e-01
9.611035656942313876e-01
9.614532366576185041e-01
9.617988425288515053e-01
9.621404401991152655e-01
9.624780856481389701e-01
9.628118339602046438e-01
9.631417393398622462e-01
9.634678551273569980e-01
9.637902338137729341e-01
9.641089270558993451e-01
9.644239856908236597e-01
9.647354597502564300e-01
9.650433984745929727e-01
9.653478503267162170e-01
9.656488630055466427e-01
9.659464834593411986e-01
9.662407578987495249e-01
9.665317318096283694e-01
9.668194499656208585e-01
9.671039564405042865e-01
9.673852946203104208e-01
9.676635072152226513e-01
9.679386362712546488e-01
9.682107231817133064e-01
9.684798086984518495e-01
9.687459329429151111e-01
9.690091354169820814e-01
9.692694550136087273e-01
9.695269300272757462e-01
9.697815981642440297e-01
9.700334965526218323e-01
9.702826617522467556e-01
9.705291297643872106e-01
9.707729360412650221e-01
9.710141154954043952e-01
9.712527025088080190e-01
9.714887309419674155e-01
9.717222341427058652e-01
9.719532450522413436e-01
9.721817981312897983e-01
9.724079228431383726e-01
9.726316505836190007e-01
9.728530122769838417e-01
9.730720383838422638e-01
9.732887589089525004e-01
9.735032034088719755e-01
9.737154009994690718e-01
9.739253803632966777e-01
9.741331697568337278e-01
9.743387970175941826e-01
9.745422895711070010e-01
9.747436744377707685e-01
9.749429782395827582e-01
9.751402272067477561e-01
9.753354471841666484e-01
9.755286636378078802e-01
9.757199016609647835e-01
9.759091859803989966e-01
9.760965409623747480e-01
9.762819906185833396e-01
9.764655586119621589e-01
9.766472682624092183e-01
9.768271425523945561e-01
9.770052041324720493e-01
9.771814753266923059e-01
9.773559781379187461e-01
9.775287342530495360e-01
9.776997650481452640e-01
9.778690915934665773e-01
9.780367346584211141e-01
9.782027147164239489e-01
9.783670519496704410e-01
9.785297662538255947e-01
9.786908772426295977e-01
9.788504042524225346e-01
9.790083663465890540e-01
9.791647823199249867e-01
9.793196707029262482e-01
9.794730497660032453e-01
9.796249375236204537e-01
9.797753517383646082e-01
9.799243099249398403e-01
9.800718293540945369e-01
9.802179270564788105e-01
9.803626198264348002e-01
9.805059242257205820e-01
9.806478565871703523e-01
9.807884330182893295e-01
9.809276703421628829e-01
9.810655841509839936e-01
9.812021889077837677e-01
9.813374998614138311e-01
9.814715320520617237e-01
9.816043003144980794e-01
9.817358192812688511e-01
9.818661033858320231e-01
9.819951668656404786e-01
9.821230237651721318e-01
9.822496879389083224e-01
9.823751730542609195e-01
9.824994925944493529e-01
9.826226598613294616e-01
9.827446879781729372e-01
9.828655898924003598e-01
9.829853783782674936e-01
9.831040660395061748e-01
9.832216653119202343e-01
9.833381884659379013e-01
9.834536476091206847e-01
9.835680546886305109e-01
9.836814214936545619e-01
9.837937596577902566e-01
9.839050806613892641e-01
9.840153958338633267e-01
9.841247163559502242e-01
9.842330532619429917e-01
9.843404174418812769e-01
9.844468196437066165e-01
9.845522704753810750e-01
9.846567804069720209e-01
9.847603597727011548e-01
9.848630187729600083e-01
9.849647674762920246e-01
9.850656158213425551e-01
9.851655736187754364e-01
9.852646505531592602e-01
9.853628561848218892e-01
9.854601999516748867e-01
9.855566911710081923e-01
9.856523390412544883e-01
9.857471526437263654e-01
9.858411409443236240e-01
9.859343127952133745e-01
9.860266769364834927e-01
9.861182419977677638e-01
9.862090164998460473e-01
9.862990088562177959e-01
9.863882273746502616e-01
9.864766802587020544e-01
9.865643756092218331e-01
9.866513214258227915e-01
9.867375256083339430e-01
9.868229959582274224e-01
9.869077401800239180e-01
9.869917658826745654e-01
9.870750805809215267e-01
9.871576919234710257e-01
9.872396081982748317e-01
9.873208353765143830e-01
9.874013806137436067e-01
9.874812509775994229e-01
9.875604534490413089e-01
9.876389949235713228e-01
9.877168822124358094e-01
9.877941220438068992e-01
9.878707210639463554e-01
9.879466858383509908e-01
9.880220228528794335e-01
9.880967385148627935e-01
9.881708391541961234e-01
9.882443310244140022e-01
9.883172203037495773e-01
9.883895130961759534e-01
9.884612154324325939e-01
9.885323332710352906e-01
9.886028724992703687e-01
9.886728389341742362e-01
9.887422383234965029e-01
9.888110763466498865e-01
9.888793586156440218e-01
9.889470906760063906e-01
9.890142780076874862e-01
9.890809260259536551e-01
9.891470400822651721e-01
9.892126254651416595e-01
9.892776874010141830e-01
9.893422310550636922e-01
9.894062615320478038e-01
9.894697838771142617e-01
9.895328030766024074e-01
9.895953240588326594e-01
9.896573516948833360e-01
9.897188907993571538e-01
9.897799461311346247e-01
9.898405223941173503e-01
9.899006242379596587e-01
9.899602562587890286e-01
9.900194229999164097e-01
9.900781289525354412e-01
9.901363785564113451e-01
9.901941762005597170e-01
9.902515262239151017e-01
9.903084329159896892e-01
9.903649005175223508e-01
9.904209332211177941e-01
9.904765351718765043e-01
9.905317104680156914e-01
9.905864631614802462e-01
9.906407972585459243e-01
9.906947167204123161e-01
9.907482254637883790e-01
9.908013273614685312e-01
9.908540262429008649e-01
9.909063258947465869e-01
9.909582300614322437e-01
9.910097424456925097e-01
9.910608667091062030e-01
9.911116064726246400e-01
9.911619653170911093e-01
9.912119467837542386e-01
9.912615543747731461e-01
9.913107915537157089e-01
9.913596617460495031e-01
9.914081683396253064e-01
9.914563146851547160e-01
9.915041040966797725e-01
9.915515404246957321e-01
9.915986267836334189e-01
9.916453658842607766e-01
9.916917609007945833e-01
9.917378149729508818e-01
9.917835312063778552e-01
9.918289126730825966e-01
9.918739624118524389e-01
9.919186834286692900e-01
9.919630786971188607e-01
9.920071511587937874e-01
9.920509037236916461e-01
9.920943392706066399e-01
9.921374606475160673e-01
9.921802706719616838e-01
9.922227721314254012e-01
9.922649677837001025e-01
9.923068603572543500e-01
9.923484525515937626e-01
9.923897470376153995e-01
9.924307464579585902e-01
9.924714534273505473e-01
9.925118705329469826e-01
9.925520003346683939e-01
9.925918453655313556e-01
9.926314081319752569e-01
9.926706911141851553e-01
9.927096967664092997e-01
9.927484275172732131e-01
9.927868857700886673e-01
9.928250739031589944e-01
9.928629942700800681e-01
9.929006492000371775e-01
9.929380409980975708e-01
9.929751719455000014e-01
9.930120442999388342e-01
9.930486602958460418e-01
9.930850221446678727e-01
9.931211320351384098e-01
9.931569921335499096e-01
9.931926045840190342e-01
9.932279715087487526e-01
9.932630950082886878e-01
9.932979771617900244e-01
9.933326200272577511e-01
9.933670256418002387e-01
9.934011960218741555e-01
9.934351331635271620e-01
9.934688390426370530e-01
9.935023156151475687e-01
9.935355648173013199e-01
9.935685885658692706e-01
9.936013887583778903e-01
9.936339672733326411e-01
9.936663259704388018e-01
9.936984666908194042e-01
9.937303912572299502e-01
9.937621014742710202e-01
9.937935991285977710e-01
9.938248859891259945e-01
9.938559638072369529e-01
9.938868343169779962e-01
9.939174992352617366e-01
9.939479602620620025e-01
9.939782190806076834e-01
9.940082773575733555e-01
9.940381367432685744e-01
9.940677988718232827e-01
9.940972653613722176e-01
9.941265378142362108e-01
9.941556178171011560e-01
9.941845069411946456e-01
9.942132067424609421e-01
9.942417187617329510e-01
9.942700445249024188e-01
9.942981855430880200e-01
9.943261433128007809e-01
9.943539193161080592e-01
9.943815150207948594e-01
9.944089318805240385e-01
9.944361713349928467e-01
9.944632348100893582e-01
9.944901237180454601e-01
9.945168394575890636e-01
9.945433837303870872e-01
9.945697580058221465e-01
9.945959631993346317e-01
9.946220006582336959e-01
9.946478717170202932e-01
9.946735776975279553e-01
9.946991199090626790e-01
9.947244996485400392e-01
9.947497182006215244e-01
9.947747768378486510e-01
9.947996768207753027e-01
9.948244193980990691e-01
9.948490058067901431e-01
9.948734372722193298e-01
9.948977150082838339e-01
9.949218402175321607e-01
9.949458140912871285e-01
9.949696378097669935e-01
9.949933125422059099e-01
9.950168394469725008e-01
9.950402196716866543e-01
9.950634543533352083e-01
9.950865446183867480e-01
9.951094915829037379e-01
9.951322963526545440e-01
9.951549600232234560e-01
9.951774836801191571e-01
9.951998683988829697e-01
9.952221152451939945e-01
9.952442252749752472e-01
9.952661995344960211e-01
9.952880390604751382e-01
9.953097448801819791e-01
9.953313180115361813e-01
9.953527594632064490e-01
9.953740702347082525e-01
9.953952513164999738e-01
9.954163036900783856e-01
9.954372283280727984e-01
9.954580261943375419e-01
9.954786982440444465e-01
9.954992454237734378e-01
9.955196686716019094e-01
9.955399689171937627e-01
9.955601470818870036e-01
9.955802040787798957e-01
9.956001408128168917e-01
9.956199581808730104e-01
9.956396570718373251e-01
9.956592383666955648e-01
9.956787029386118260e-01
9.956980516530090641e-01
9.957172853676483637e-01
9.957364049327087629e-01
9.957554111908638594e-01
9.957743049773596367e-01
9.957930871200900702e-01
9.958117584396721789e-01
9.958303197495206316e-01
9.958487718559211332e-01
9.958671155581024781e-01
9.958853516483090473e-01
9.959034809118709752e-01
9.959215041272746483e-01
9.959394220662320940e-01
9.959572354937488159e-01
9.959749451681922938e-01
9.959925518413582646e-01
9.960100562585372241e-01
9.960274591585795978e-01
9.960447612739604661e-01
9.960619633308437360e-01
9.960790660491446458e-01
9.960960701425930486e-01
9.961129763187944741e-01
9.961297852792915242e-01
9.961464977196241577e-01
9.961631143293895319e-01
9.961796357923006218e-01
9.961960627862448403e-01
9.962123959833415476e-01
9.962286360499994498e-01
9.962447836469724427e-01
9.962608394294156788e-01
9.962768040469408559e-01
9.962926781436701740e-01
9.963084623582909582e-01
9.963241573241081728e-01
9.963397636690980441e-01
9.963552820159592427e-01
9.963707129821650632e-01
9.963860571800142729e-01
9.964013152166812937e-01
9.964164876942661619e-01
9.964315752098439338e-01
9.964465783555133127e-01
9.964614977184448330e-01
9.964763338809289328e-01
9.964910874204222502e-01
9.965057589095952517e-01
9.965203489163776407e-01
9.965348580040043203e-01
9.965492867310603575e-01
9.965636359018615886e-01
9.965779060677558698e-01
9.965920975044788577e-01
9.966062107529735092e-01
9.966202463497383368e-01
9.966342048268697074e-01
9.966480867121043641e-01
9.966618925288605046e-01
9.966756227962787484e-01
9.966892780292631038e-01
9.967028587385210470e-01
9.967163654306032683e-01
9.967297986079427519e-01
9.967431587688940775e-01
9.967564464077717235e-01
9.967696620148880360e-01
9.967828060765909770e-01
9.967958790753014275e-01
9.968088814895499361e-01
9.968218137940135781e-01
9.968346764595511500e-01
9.968474699532400285e-01
9.968601947384103656e-01
9.968728512746809489e-01
9.968854400179930630e-01
9.968979614206453510e-01
9.969104159313268987e-01
9.969228039951514297e-01
9.969351260536899462e-01
9.969473825450039239e-01
9.969595739036771764e-01
9.969717005608486060e-01
9.969837629442435123e-01
9.969957614782051225e-01
9.970076965837257887e-01
9.970195686784777411e-01
9.970313781768432859e-01
9.970431254899452256e-01
9.970548110256767238e-01
9.970664351887306154e-01
9.970779983806283830e-01
9.970895009997498004e-01
9.971009434413607986e-01
9.971123260976419989e-01
9.971236493577169124e-01
9.971349136076793629e-01
9.971461192306212418e-01
9.971572666066592650e-01
9.971683561129621731e-01
9.971793881237773771e-01
9.971903630104567151e-01
9.972012811414834310e-01
9.972121428824969325e-01
9.972229485963189921e-01
9.972336986429791716e-01
9.972443933797389137e-01
9.972550331611172991e-01
9.972656183389150275e-01
9.972761492622383983e-01
9.972866262775242907e-01
9.972970497285627012e-01
9.973074199565211684e-01
9.973177372999676438e-01
9.973280020948936953e-01
9.973382146747371557e-01
9.973483753704047716e-01
9.973584845102949625e-01
9.973685424203189154e-01
9.973785494239237881e-01
9.973885058421132488e-01
9.973984119934699022e-01
9.974082681941759398e-01
9.974180747580341233e-01
9.974278319964891004e-01
9.974375402186477224e-01
9.974471997312995830e-01
9.974568108389368915e-01
9.974663738437751226e-01
9.974758890457721128e-01
9.974853567426484879e-01
9.974947772299062043e-01
9.975041508008484215e-01
9.975134777465983760e-01
9.975227583561183664e-01
9.975319929162278498e-01
9.975411817116227597e-01
9.975503250248931586e-01
9.975594231365416675e-01
9.975684763250015630e-01
9.975774848666540962e-01
9.975864490358464787e-01
9.975953691049090910e-01
9.976042453441728020e-01
9.976130780219862881e-01
9.976218674047324653e-01
9.976306137568456966e-01
9.976393173408282244e-01
9.976479784172666010e-01
9.976565972448478981e-01
9.976651740803759161e-01
9.976737091787871714e-01
9.976822027931665504e-01
9.976906551747631857e-01
9.976990665730058883e-01
9.977074372355182463e-01
9.977157674081341687e-01
9.977240573349129837e-01
9.977323072581537611e-01
9.977405174184110770e-01
9.977486880545087811e-01
9.977568194035546512e-01
9.977649117009552704e-01
9.977729651804296829e-01
9.977809800740237156e-01
9.977889566121237452e-01
9.977968950234709089e-01
9.978047955351742049e-01
9.978126583727247034e-01
9.978204837600085364e-01
9.978282719193202199e-01
9.978360230713759771e-01
9.978437374353268385e-01
9.978514152287711880e-01
9.978590566677681961e-01
9.978666619668498106e-01
9.978742313390340790e-01
9.978817649958366953e-01
9.978892631472842112e-01
9.978967262979666630e-01
9.979041543954821902e-01
9.979115475999260632e-01
9.979189061157099916e-01
9.979262301458110551e-01
9.979335198917844707e-01
9.979407755537742508e-01
9.979479973305251939e-01
9.979551854193943194e-01
9.979623400163616376e-01
9.979694613160420280e-01
9.979765495116960095e-01
9.979836047952402867e-01
9.979906273572595188e-01
9.979976173870160894e-01
9.980045750724617637e-01
9.980115006002473477e-01
9.980183941557339011e-01
9.980252559230026188e-01
9.980320860848653775e-01
9.980388848228750609e-01
9.980456523173349970e-01
9.980523887473098377e-01
9.980590942906348850e-01
9.980657691239260831e-01
9.980724134225897881e-01
9.980790273608323160e-01
9.980856111116698237e-01
9.980921648469371910e-01
9.980986887372979011e-01
9.981051829522531449e-01
9.981116476601512577e-01
9.981180830281963789e-01
9.981244892224580001e-01
9.981308664078796244e-01
9.981372147482877599e-01
9.981435344064009119e-01
9.981498255438377987e-01
9.981560883211266777e-01
9.981623228977133389e-01
9.981685294319699864e-01
9.981747080812034545e-01
9.981808590016635341e-01
9.981869823485512994e-01
9.981930782760276566e-01
9.981991469372206716e-01
9.982051884842344514e-01
9.982112030681564718e-01
9.982171908390660153e-01
9.982231519460417202e-01
9.982290865371693522e-01
9.982349947595494655e-01
9.982408767593052845e-01
9.982467326815900321e-01
9.982525626705944788e-01
9.982583668695544921e-01
9.982641454207583642e-01
9.982698984655538066e-01
9.982756261443556101e-01
9.982813285966528616e-01
9.982870059610153834e-01
9.982926583751017269e-01
9.982982859756653893e-01
9.983038888985621417e-01
9.983094672787568014e-01
9.983150212503298926e-01
9.983205509464848637e-01
9.983260564995539710e-01
9.983315380410057172e-01
9.983369957014510687e-01
9.983424296106497842e-01
9.983478398975174084e-01
9.983532266901309349e-01
9.983585901157360221e-01
9.983639303007524335e-01
9.983692473707809212e-01
9.983745414506091098e-01
9.983798126642176030e-01
9.983850611347862003e-01
9.983902869847000039e-01
9.983954903355550803e-01
9.984006713081645668e-01
9.984058300225646665e-01
9.984109665980201997e-01
9.984160811530307100e-01
9.984211738053359042e-01
9.984262446719214257e-01
9.984312938690244055e-01
9.984363215121392354e-01
9.984413277160230082e-01
9.984463125947009576e-01
9.984512762614717873e-01
9.984562188289134443e-01
9.984611404088878928e-01
9.984660411125469981e-01
9.984709210503375232e-01
9.984757803320062353e-01
9.984806190666051240e-01
9.984854373624967305e-01
9.984902353273590325e-01
9.984950130681905511e-01
9.984997706913153470e-01
9.985045083023876833e-01
9.985092260063977987e-01
9.985139239076755713e-01
9.985186021098964027e-01
9.985232607160853258e-01
9.985278998286222230e-01
9.985325195492460448e-01
9.985371199790601393e-01
9.985417012185362484e-01
9.985462633675193933e-01
9.985508065252323151e-01
9.985553307902804709e-01
9.985598362606555867e-01
9.985643230337409859e-01
9.985687912063156979e-01
9.985732408745584543e-01
9.985776721340526851e-01
9.985820850797904047e-01
9.985864798061763192e-01
9.985908564070327120e-01
9.985952149756027740e-01
9.985995556045555999e-01
9.986038783859897405e-01
9.986081834114374223e-01
9.986124707718687654e-01
9.986167405576956702e-01
9.986209928587759244e-01
9.986252277644168673e-01
9.986294453633798307e-01
9.986336457438834691e-01
9.986378289936079788e-01
9.986419951996990951e-01
9.986461444487712003e-01
9.986502768269117647e-01
9.986543924196850108e-01
9.986584913121352436e-01
9.986625735887907362e-01
9.986666393336677272e-01
9.986706886302731956e-01
9.986747215616095241e-01
9.986787382101770527e-01
9.986827386579782972e-01
9.986867229865213913e-01
9.986906912768229727e-01
9.986946436094122914e-01
9.986985800643346511e-01
9.987025007211540739e-01
9.987064056589574079e-01
9.987102949563575471e-01
9.987141686914962069e-01
9.987180269420479206e-01
9.987218697852229266e-01
9.987256972977703873e-01
9.987295095559818314e-01
9.987333066356940403e-01
9.987370886122922675e-01
9.987408555607137917e-01
9.987446075554502478e-01
9.987483447614839971e-01
9.987520672882196360e-01
9.987557750774669341e-01
9.987594682020590753e-01
9.987631467343976999e-01
9.987668107464557909e-01
9.987704603097810052e-01
9.987740954954980044e-01
9.987777163743118969e-01
9.987813230165110134e-01
9.987849154919694605e-01
9.987884938701504511e-01
9.987920582201084141e-01
9.987956086104928799e-01
9.987991451095499240e-01
9.988026677851262747e-01
9.988061767046708672e-01
9.988096719352382857e-01
9.988131535434913166e-01
9.988166215957032801e-01
9.988200761577612496e-01
9.988235172951680507e-01
9.988269450730454802e-01
9.988303595561364157e-01
9.988337608088077024e-01
9.988371488950522625e-01
9.988405238784923146e-01
9.988438858223812611e-01
9.988472347896063530e-01
9.988505708426915763e-01
9.988538940437992064e-01
9.988572044547332496e-01
9.988605021369409975e-01
9.988637871515161359e-01
9.988670595592005208e-01
9.988703194203869540e-01
9.988735667951214037e-01
9.988768017431052249e-01
9.988800243236976018e-01
9.988832345959175463e-01
9.988864326184465625e-01
9.988896184496308672e-01
9.988927921474833882e-01
9.988959537696857627e-01
9.988991033735913350e-01
9.989022410162265997e-01
9.989053667542936443e-01
9.989084806441722586e-01
9.989115827419223770e-01
9.989146731032854110e-01
9.989177517836873577e-01
9.989208188382401321e-01
9.989238743217438987e-01
9.989269182886890697e-01
9.989299507932587474e-01
9.989329718893299459e-01
9.989359816304762552e-01
9.989389800699697286e-01
9.989419672607827705e-01
9.989449432555898012e-01
9.989479081067698107e-01
9.989508618664079131e-01
9.989538045862973448e-01
9.989567363179414627e-01
9.989596571125551883e-01
9.989625670210677821e-01
9.989654660941237330e-01
9.989683543820851996e-01
9.989712319350338987e-01
9.989740988027723256e-01
9.989769550348261973e-01
9.989798006804461172e-01
9.989826357886089081e-01
9.989854604080202760e-01
9.989882745871153658e-01
9.989910783740617584e-01
9.989938718167601372e-01
9.989966549628467307e-01
9.989994278596947552e-01
9.990021905544159697e-01
9.990049430938627850e-01
9.990076855246292631e-01
9.990104178930533374e-01
9.990131402452184783e-01
9.990158526269548034e-01
9.990185550838411865e-01
9.990212476612067016e-01
9.990239304041320656e-01
9.990266033574515259e-01
9.990292665657544147e-01
9.990319200733861482e-01
9.990345639244505582e-01
9.990371981628111131e-01
9.990398228320921392e-01
9.990424379756807083e-01
9.990450436367281917e-01
9.990476398581515927e-01
9.990502266826347677e-01
9.990528041526304248e-01
9.990553723103613448e-01
9.990579311978217136e-01
9.990604808567788986e-01
9.990630213287743366e-01
9.990655526551254217e-01
9.990680748769269481e-01
9.990705880350521095e-01
9.990730921701542755e-01
9.990755873226679906e-01
9.990780735328108619e-01
9.990805508405844471e-01
9.990830192857758085e-01
9.990854789079588461e-01
9.990879297464956288e-01
9.990903718405376166e-01
9.990928052290273254e-01
9.990952299506989931e-01
9.990976460440804674e-01
9.991000535474943156e-01
9.991024524990590461e-01
9.991048429366901074e-01
9.991072248981017756e-01
9.991095984208078207e-01
9.991119635421232825e-01
9.991143202991649153e-01
9.991166687288534076e-01
9.991190088679137160e-01
9.991213407528769519e-01
9.991236644200808259e-01
9.991259799056716462e-01
9.991282872456050956e-01
9.991305864756473420e-01
9.991328776313762594e-01
9.991351607481826491e-01
9.991374358612714612e-01
9.991397030056627937e-01
9.991419622161931136e-01
9.991442135275160341e-01
9.991464569741039803e-01
9.991486925902491878e-01
9.991509204100643693e-01
9.991531404674842687e-01
9.991553527962664383e-01
9.991575574299925711e-01
9.991597544020694999e-01
9.991619437457299746e-01
9.991641254940343275e-01
9.991662996798706953e-01
9.991684663359569063e-01
9.991706254948410360e-01
9.991727771889022947e-01
9.991749214503524712e-01
9.991770583112368209e-01
9.991791878034347318e-01
9.991813099586612790e-01
9.991834248084677794e-01
9.991855323842427916e-01
9.991876327172135586e-01
9.991897258384463409e-01
9.991918117788477494e-01
9.991938905691657435e-01
9.991959622399904095e-01
9.991980268217548478e-01
9.992000843447366165e-01
9.992021348390579538e-01
9.992041783346869988e-01
9.992062148614389017e-01
9.992082444489766013e-01
9.992102671268116021e-01
9.992122829243049731e-01
9.992142918706685695e-01
9.992162939949650324e-01
9.992182893261096766e-01
9.992202778928709339e-01
9.992222597238709092e-01
9.992242348475869340e-01
9.992262032923517889e-01
9.992281650863548137e-01
9.992301202576431285e-01
9.992320688341215229e-01
9.992340108435543433e-01
9.992359463135657149e-01
9.992378752716404300e-01
9.992397977451249469e-01
9.992417137612280564e-01
9.992436233470216589e-01
9.992455265294417632e-01
9.992474233352890423e-01
9.992493137912300538e-01
9.992511979237972408e-01
9.992530757593904855e-01
9.992549473242776648e-01
9.992568126445950938e-01
9.992586717463487478e-01
9.992605246554147058e-01
9.992623713975401500e-01
9.992642119983438098e-01
9.992660464833169609e-01
9.992678748778243136e-01
9.992696972071040129e-01
9.992715134962695256e-01
9.992733237703091964e-01
9.992751280540876913e-01
9.992769263723465523e-01
9.992787187497048640e-01
9.992805052106599195e-01
9.992822858539429642e-01
9.992840606904805911e-01
9.992858296811413243e-01
9.992875928499773686e-01
9.992893502209223566e-01
9.992911018177915716e-01
9.992928476642831681e-01
9.992945877839783941e-01
9.992963222003427015e-01
9.992980509367260789e-01
9.992997740163637177e-01
9.993014914623770117e-01
9.993032032977738899e-01
9.993049095454493713e-01
9.993066102281865648e-01
9.993083053686571127e-01
9.993099949894218570e-01
9.993116791129312837e-01
9.993133577615266327e-01
9.993150309574400092e-01
9.993166987227950493e-01
9.993183610796081418e-01
9.993200180497882057e-01
9.993216696551376899e-01
9.993233159173534608e-01
9.993249568580269138e-01
9.993265924986447502e-01
9.993282228605896433e-01
9.993298479651406829e-01
9.993314678334741519e-01
9.993330824866639706e-01
9.993346919456823629e-01
9.993362962314000786e-01
9.993378953645877250e-01
9.993394893659154343e-01
9.993410782559540850e-01
9.993426620551755235e-01
9.993442407839533415e-01
9.993458144625630979e-01
9.993473831111833183e-01
9.993489467498957168e-01
9.993505053986857511e-01
9.993520590774431778e-01
9.993536078059629402e-01
9.993551516039449467e-01
9.993566904909954030e-01
9.993582244866269226e-01
9.993597536102588608e-01
9.993612778812184239e-01
9.993627973187405589e-01
9.993643119419688414e-01
9.993658217699559199e-01
9.993673268216639594e-01
9.993688271159650860e-01
9.993703226716420529e-01
9.993718135073885733e-01
9.993732996418100978e-01
9.993747810934237030e-01
9.993762578806592023e-01
9.993777300218594783e-01
9.993791975352807055e-01
9.993806604390930159e-01
9.993821187513809434e-01
9.993835724901440898e-01
9.993850216732970138e-01
9.993864663186704522e-01
9.993879064440113202e-01
9.993893420669830441e-01
9.993907732051666715e-01
9.993921998760604275e-01
9.993936220970808249e-01
9.993950398855631079e-01
9.993964532587611416e-01
9.993978622338484108e-01
9.993992668279182423e-01
9.994006670579842488e-01
9.994020629409808842e-01
9.994034544937634434e-01
9.994048417331092837e-01
9.994062246757172696e-01
9.994076033382092161e-01
9.994089777371293337e-01
9.994103478889453385e-01
9.994117138100487852e-01
9.994130755167549562e-01
9.994144330253039721e-01
9.994157863518606799e-01
9.994171355125154310e-01
9.994184805232841917e-01
9.994198214001089875e-01
9.994211581588584581e-01
9.994224908153283016e-01
9.994238193852412744e-01
9.994251438842479685e-01
9.994264643279271443e-01
9.994277807317857309e-01
9.994290931112600473e-01
9.994304014817150250e-01
9.994317058584458735e-01
9.994330062566771922e-01
9.994343026915643025e-01
9.994355951781931369e-01
9.994368837315809051e-01
9.994381683666762051e-01
9.994394490983592449e-01
9.994407259414427314e-01
9.994419989106719804e-01
9.994432680207249176e-01
9.994445332862130771e-01
9.994457947216813798e-01
9.994470523416087993e-01
9.994483061604088059e-01
9.994495561924293670e-01
9.994508024519535017e-01
9.994520449531997253e-01
9.994532837103220491e-01
9.994545187374107575e-01
9.994557500484924084e-01
9.994569776575302766e-01
9.994582015784246876e-01
9.994594218250134610e-01
9.994606384110720221e-01
9.994618513503139567e-01
9.994630606563910113e-01
9.994642663428938700e-01
9.994654684233520436e-01
9.994666669112344248e-01
9.994678618199497322e-01
9.994690531628462882e-01
9.994702409532130183e-01
9.994714252042794511e-01
9.994726059292156073e-01
9.994737831411332207e-01
9.994749568530852946e-01
9.994761270780666562e-01
9.994772938290141795e-01
9.994784571188074507e-01
9.994796169602684355e-01
9.994807733661623672e-01
9.994819263491976358e-01
9.994830759220263428e-01
9.994842220972445235e-01
9.994853648873921470e-01
9.994865043049540043e-01
9.994876403623594863e-01
9.994887730719830277e-01
9.994899024461444403e-01
9.994910284971090242e-01
9.994921512370882333e-01
9.994932706782394538e-01
9.994943868326666703e-01
9.994954997124205764e-01
9.994966093294986864e-01
9.994977156958461117e-01
9.994988188233552284e-01
9.994999187238664540e-01
9.995010154091679144e-01
9.995021088909966656e-01
9.995031991810376937e-01
9.995042862909254699e-01
9.995053702322431732e-01
9.995064510165236893e-01
9.995075286552492777e-01
9.995086031598522380e-01
9.995096745417150208e-01
9.995107428121704496e-01
9.995118079825022761e-01
9.995128700639446251e-01
9.995139290676834376e-01
9.995149850048555829e-01
9.995160378865497464e-01
9.995170877238066520e-01
9.995181345276189511e-01
9.995191783089317772e-01
9.995202190786430796e-01
9.995212568476034010e-01
9.995222916266164326e-01
9.995233234264394584e-01
9.995243522577831330e-01
9.995253781313118147e-01
9.995264010576443425e-01
9.995274210473532595e-01
9.995284381109661442e-01
9.995294522589649455e-01
9.995304635017867589e-01
9.995314718498238271e-01
9.995324773134237617e-01
9.995334799028899875e-01
9.995344796284815203e-01
9.995354765004136333e-01
9.995364705288579676e-01
9.995374617239424220e-01
9.995384500957519291e-01
9.995394356543281233e-01
9.995404184096698952e-01
9.995413983717336137e-01
9.995423755504332375e-01
9.995433499556402035e-01
9.995443215971844264e-01
9.995452904848537434e-01
9.995462566283943584e-01
9.995472200375115079e-01
9.995481807218687953e-01
9.995491386910891896e-01
9.995500939547546926e-01
9.995510465224068941e-01
9.995519964035469718e-01
9.995529436076360241e-01
9.995538881440951817e-01
9.995548300223054961e-01
9.995557692516090498e-01
9.995567058413079575e-01
9.995576398006655872e-01
9.995585711389062267e-01
9.995594998652151952e-01
9.995604259887393983e-01
9.995613495185872166e-01
9.995622704638289502e-01
9.995631888334965964e-01
9.995641046365847382e-01
9.995650178820497667e-01
9.995659285788111026e-01
9.995668367357504192e-01
9.995677423617126411e-01
9.995686454655055009e-01
9.995695460559002044e-01
9.995704441416310981e-01
9.995713397313963355e-01
9.995722328338579876e-01
9.995731234576415991e-01
9.995740116113374096e-01
9.995748973034995766e-01
9.995757805426468412e-01
9.995766613372626397e-01
9.995775396957953252e-01
9.995784156266579457e-01
9.995792891382290213e-01
9.995801602388522111e-01
9.995810289368367574e-01
9.995818952404574853e-01
9.995827591579552474e-01
9.995836206975365901e-01
9.995844798673744203e-01
9.995853366756080050e-01
9.995861911303430825e-01
9.995870432396517513e-01
9.995878930115732475e-01
9.995887404541136112e-01
9.995895855752461312e-01
9.995904283829112336e-01
9.995912688850168148e-01
9.995921070894384641e-01
9.995929430040194630e-01
9.995937766365708965e-01
9.995946079948720975e-01
9.995954370866704242e-01
9.995962639196817046e-01
9.995970885015901253e-01
9.995979108400487867e-01
9.995987309426793699e-01
9.995995488170728027e-01
9.996003644707885938e-01
9.996011779113561646e-01
9.996019891462738505e-01
9.996027981830095666e-01
9.996036050290012520e-01
9.996044097286975738e-01
9.996052122966013753e-01
9.996060126948681512e-01
9.996068109308280381e-01
9.996076070117815293e-01
9.996084009449996977e-01
9.996091927377238617e-01
9.996099823971663634e-01
9.996107699305100125e-01
9.996115553449089752e-01
9.996123386474883299e-01
9.996131198453441780e-01
9.996138989455444213e-01
9.996146759551283179e-01
9.996154508811065931e-01
9.996162237304618836e-01
9.996169945101487375e-01
9.996177632270939473e-01
9.996185298881959946e-01
9.996192945003261610e-01
9.996200570703279720e-01
9.996208176050173089e-01
9.996215761111830744e-01
9.996223325955868599e-01
9.996230870649631672e-01
9.996238395260196308e-01
9.996245899854370176e-01
9.996253384498695604e-01
9.996260849259446246e-01
9.996268294202635962e-01
9.996275719394012160e-01
9.996283124899061345e-01
9.996290510783009120e-01
9.996297877110823515e-01
9.996305223947211660e-01
9.996312551356625331e-01
9.996319859403259844e-01
9.996327148151056274e-01
9.996334417663703675e-01
9.996341668004634640e-01
9.996348899237035290e-01
9.996356111423838620e-01
9.996363304627731150e-01
9.996370478911149604e-01
9.996377634336285345e-01
9.996384770965085487e-01
9.996391888859249564e-01
9.996398988080238412e-01
9.996406068689266400e-01
9.996413130747310305e-01
9.996420174315104878e-01
9.996427199453149504e-01
9.996434206221701535e-01
9.996441194680785181e-01
9.996448164890187060e-01
9.996455116909461758e-01
9.996462050797928489e-01
9.996468966614675544e-01
9.996475864418559176e-01
9.996482744268205822e-01
9.996489606222014324e-01
9.996496450338152595e-01
9.996503276674565397e-01
9.996510085288966563e-01
9.996516876238851212e-01
9.996523649581484650e-01
9.996530405373913464e-01
9.996537143672959980e-01
9.996543864535226698e-01
9.996550568017097405e-01
9.996557254174734952e-01
9.996563923064085699e-01
9.996570574740877291e-01
9.996577209260625319e-01
9.996583826678626661e-01
9.996590427049965033e-01
9.996597010429513208e-01
9.996603576871929686e-01
9.996610126431664245e-01
9.996616659162953500e-01
9.996623175119826454e-01
9.996629674356105610e-01
9.996636156925402528e-01
9.996642622881126705e-01
9.996649072276478920e-01
9.996655505164455668e-01
9.996661921597852496e-01
9.996668321629259557e-01
9.996674705311066056e-01
9.996681072695461356e-01
9.996687423834433872e-01
9.996693758779772176e-01
9.996700077583067223e-01
9.996706380295715677e-01
9.996712666968913252e-01
9.996718937653661374e-01
9.996725192400770510e-01
9.996731431260851286e-01
9.996737654284325592e-01
9.996743861521422136e-01
9.996750053022178673e-01
9.996756228836441993e-01
9.996762389013869043e-01
9.996768533603930251e-01
9.996774662655906196e-01
9.996780776218889830e-01
9.996786874341789808e-01
9.996792957073329378e-01
9.996799024462046379e-01
9.996805076556293246e-01
9.996811113404243665e-01
9.996817135053884806e-01
9.996823141553026204e-01
9.996829132949295316e-01
9.996835109290138632e-01
9.996841070622826120e-01
9.996847016994448998e-01
9.996852948451918630e-01
9.996858865041973186e-01
9.996864766811173197e-01
9.996870653805906004e-01
9.996876526072381308e-01
9.996882383656638948e-01
9.996888226604543348e-01
9.996894054961789067e-01
