# z
0.000000000000000000e+00
1.000000000000000021e-02
2.000000000000000042e-02
2.999999999999999889e-02
4.000000000000000083e-02
5.000000000000000278e-02
5.999999999999999778e-02
7.000000000000000666e-02
8.000000000000000167e-02
8.999999999999999667e-02
1.000000000000000056e-01
1.100000000000000006e-01
1.199999999999999956e-01
1.300000000000000044e-01
1.400000000000000133e-01
1.499999999999999944e-01
1.600000000000000033e-01
1.700000000000000122e-01
1.799999999999999933e-01
1.900000000000000022e-01
2.000000000000000111e-01
2.099999999999999922e-01
2.200000000000000011e-01
2.300000000000000100e-01
2.399999999999999911e-01
2.500000000000000000e-01
2.600000000000000089e-01
2.700000000000000178e-01
2.800000000000000266e-01
2.899999999999999800e-01
2.999999999999999889e-01
3.099999999999999978e-01
3.200000000000000067e-01
3.300000000000000155e-01
3.400000000000000244e-01
3.500000000000000333e-01
3.599999999999999867e-01
3.699999999999999956e-01
3.800000000000000044e-01
3.900000000000000133e-01
4.000000000000000222e-01
4.100000000000000311e-01
4.199999999999999845e-01
4.299999999999999933e-01
4.400000000000000022e-01
4.500000000000000111e-01
4.600000000000000200e-01
4.700000000000000289e-01
4.799999999999999822e-01
4.899999999999999911e-01
5.000000000000000000e-01
5.100000000000000089e-01
5.200000000000000178e-01
5.300000000000000266e-01
5.400000000000000355e-01
5.500000000000000444e-01
5.600000000000000533e-01
5.700000000000000622e-01
5.799999999999999600e-01
5.899999999999999689e-01
5.999999999999999778e-01
6.099999999999999867e-01
6.199999999999999956e-01
6.300000000000000044e-01
6.400000000000000133e-01
6.500000000000000222e-01
6.600000000000000311e-01
6.700000000000000400e-01
6.800000000000000488e-01
6.900000000000000577e-01
7.000000000000000666e-01
7.099999999999999645e-01
7.199999999999999734e-01
7.299999999999999822e-01
7.399999999999999911e-01
7.500000000000000000e-01
7.600000000000000089e-01
7.700000000000000178e-01
7.800000000000000266e-01
7.900000000000000355e-01
8.000000000000000444e-01
8.100000000000000533e-01
8.200000000000000622e-01
8.300000000000000711e-01
8.399999999999999689e-01
8.499999999999999778e-01
8.599999999999999867e-01
8.699999999999999956e-01
8.800000000000000044e-01
8.900000000000000133e-01
9.000000000000000222e-01
9.100000000000000311e-01
9.200000000000000400e-01
9.300000000000000488e-01
9.400000000000000577e-01
9.500000000000000666e-01
9.599999999999999645e-01
9.699999999999999734e-01
9.799999999999999822e-01
9.899999999999999911e-01
1.000000000000000000e+00
1.010000000000000009e+00
1.020000000000000018e+00
1.030000000000000027e+00
1.040000000000000036e+00
1.050000000000000044e+00
1.060000000000000053e+00
1.070000000000000062e+00
1.080000000000000071e+00
1.090000000000000080e+00
1.100000000000000089e+00
1.110000000000000098e+00
1.120000000000000107e+00
1.130000000000000115e+00
1.140000000000000124e+00
1.150000000000000133e+00
1.159999999999999920e+00
1.169999999999999929e+00
1.179999999999999938e+00
1.189999999999999947e+00
1.199999999999999956e+00
1.209999999999999964e+00
1.219999999999999973e+00
1.229999999999999982e+00
1.239999999999999991e+00
1.250000000000000000e+00
1.260000000000000009e+00
1.270000000000000018e+00
1.280000000000000027e+00
1.290000000000000036e+00
1.300000000000000044e+00
1.310000000000000053e+00
1.320000000000000062e+00
1.330000000000000071e+00
1.340000000000000080e+00
1.350000000000000089e+00
1.360000000000000098e+00
1.370000000000000107e+00
1.380000000000000115e+00
1.390000000000000124e+00
1.400000000000000133e+00
1.409999999999999920e+00
1.419999999999999929e+00
1.429999999999999938e+00
1.439999999999999947e+00
1.449999999999999956e+00
1.459999999999999964e+00
1.469999999999999973e+00
1.479999999999999982e+00
1.489999999999999991e+00
1.500000000000000000e+00
1.510000000000000009e+00
1.520000000000000018e+00
1.530000000000000027e+00
1.540000000000000036e+00
1.550000000000000044e+00
1.560000000000000053e+00
1.570000000000000062e+00
1.580000000000000071e+00
1.590000000000000080e+00
1.600000000000000089e+00
1.610000000000000098e+00
1.620000000000000107e+00
1.630000000000000115e+00
1.640000000000000124e+00
1.650000000000000133e+00
1.660000000000000142e+00
1.669999999999999929e+00
1.679999999999999938e+00
1.689999999999999947e+00
1.699999999999999956e+00
1.709999999999999964e+00
1.719999999999999973e+00
1.729999999999999982e+00
1.739999999999999991e+00
1.750000000000000000e+00
1.760000000000000009e+00
1.770000000000000018e+00
1.780000000000000027e+00
1.790000000000000036e+00
1.800000000000000044e+00
1.810000000000000053e+00
1.820000000000000062e+00
1.830000000000000071e+00
1.840000000000000080e+00
1.850000000000000089e+00
1.860000000000000098e+00
1.870000000000000107e+00
1.880000000000000115e+00
1.890000000000000124e+00
1.900000000000000133e+00
1.910000000000000142e+00
1.919999999999999929e+00
1.929999999999999938e+00
1.939999999999999947e+00
1.949999999999999956e+00
1.959999999999999964e+00
1.969999999999999973e+00
1.979999999999999982e+00
1.989999999999999991e+00
2.000000000000000000e+00
2.010000000000000231e+00
2.020000000000000018e+00
2.030000000000000249e+00
2.040000000000000036e+00
2.049999999999999822e+00
2.060000000000000053e+00
2.069999999999999840e+00
2.080000000000000071e+00
2.089999999999999858e+00
2.100000000000000089e+00
2.109999999999999876e+00
2.120000000000000107e+00
2.129999999999999893e+00
2.140000000000000124e+00
2.149999999999999911e+00
2.160000000000000142e+00
2.169999999999999929e+00
2.180000000000000160e+00
2.189999999999999947e+00
2.200000000000000178e+00
2.209999999999999964e+00
2.220000000000000195e+00
2.229999999999999982e+00
2.240000000000000213e+00
2.250000000000000000e+00
2.260000000000000231e+00
2.270000000000000018e+00
2.280000000000000249e+00
2.290000000000000036e+00
2.300000000000000266e+00
2.310000000000000053e+00
2.319999999999999840e+00
2.330000000000000071e+00
2.339999999999999858e+00
2.350000000000000089e+00
2.359999999999999876e+00
2.370000000000000107e+00
2.379999999999999893e+00
2.390000000000000124e+00
2.399999999999999911e+00
2.410000000000000142e+00
2.419999999999999929e+00
2.430000000000000160e+00
2.439999999999999947e+00
2.450000000000000178e+00
2.459999999999999964e+00
2.470000000000000195e+00
2.479999999999999982e+00
2.490000000000000213e+00
2.500000000000000000e+00
2.510000000000000231e+00
2.520000000000000018e+00
2.530000000000000249e+00
2.540000000000000036e+00
2.550000000000000266e+00
2.560000000000000053e+00
2.569999999999999840e+00
2.580000000000000071e+00
2.589999999999999858e+00
2.600000000000000089e+00
2.609999999999999876e+00
2.620000000000000107e+00
2.629999999999999893e+00
2.640000000000000124e+00
2.649999999999999911e+00
2.660000000000000142e+00
2.669999999999999929e+00
2.680000000000000160e+00
2.689999999999999947e+00
2.700000000000000178e+00
2.709999999999999964e+00
2.720000000000000195e+00
2.729999999999999982e+00
2.740000000000000213e+00
2.750000000000000000e+00
2.760000000000000231e+00
2.770000000000000018e+00
2.780000000000000249e+00
2.790000000000000036e+00
2.800000000000000266e+00
2.810000000000000053e+00
2.819999999999999840e+00
2.830000000000000071e+00
2.839999999999999858e+00
2.850000000000000089e+00
2.859999999999999876e+00
2.870000000000000107e+00
2.879999999999999893e+00
2.890000000000000124e+00
2.899999999999999911e+00
2.910000000000000142e+00
2.919999999999999929e+00
2.930000000000000160e+00
2.939999999999999947e+00
2.950000000000000178e+00
2.959999999999999964e+00
2.970000000000000195e+00
2.979999999999999982e+00
2.990000000000000213e+00
3.000000000000000000e+00
3.010000000000000231e+00
3.020000000000000018e+00
3.030000000000000249e+00
3.040000000000000036e+00
3.050000000000000266e+00
3.060000000000000053e+00
3.070000000000000284e+00
3.080000000000000071e+00
3.089999999999999858e+00
3.100000000000000089e+00
3.109999999999999876e+00
3.120000000000000107e+00
3.129999999999999893e+00
3.140000000000000124e+00
3.149999999999999911e+00
3.160000000000000142e+00
3.169999999999999929e+00
3.180000000000000160e+00
3.189999999999999947e+00
3.200000000000000178e+00
3.209999999999999964e+00
3.220000000000000195e+00
3.229999999999999982e+00
3.240000000000000213e+00
3.250000000000000000e+00
3.260000000000000231e+00
3.270000000000000018e+00
3.280000000000000249e+00
3.290000000000000036e+00
3.300000000000000266e+00
3.310000000000000053e+00
3.320000000000000284e+00
3.330000000000000071e+00
3.339999999999999858e+00
3.350000000000000089e+00
3.359999999999999876e+00
3.370000000000000107e+00
3.379999999999999893e+00
3.390000000000000124e+00
3.399999999999999911e+00
3.410000000000000142e+00
3.419999999999999929e+00
3.430000000000000160e+00
3.439999999999999947e+00
3.450000000000000178e+00
3.459999999999999964e+00
3.470000000000000195e+00
3.479999999999999982e+00
3.490000000000000213e+00
3.500000000000000000e+00
3.510000000000000231e+00
3.520000000000000018e+00
3.530000000000000249e+00
3.540000000000000036e+00
3.550000000000000266e+00
3.560000000000000053e+00
3.570000000000000284e+00
3.580000000000000071e+00
3.589999999999999858e+00
3.600000000000000089e+00
3.609999999999999876e+00
3.620000000000000107e+00
3.629999999999999893e+00
3.640000000000000124e+00
3.649999999999999911e+00
3.660000000000000142e+00
3.669999999999999929e+00
3.680000000000000160e+00
3.689999999999999947e+00
3.700000000000000178e+00
3.709999999999999964e+00
3.720000000000000195e+00
3.729999999999999982e+00
3.740000000000000213e+00
3.750000000000000000e+00
3.760000000000000231e+00
3.770000000000000018e+00
3.780000000000000249e+00
3.790000000000000036e+00
3.800000000000000266e+00
3.810000000000000053e+00
3.820000000000000284e+00
3.830000000000000071e+00
3.839999999999999858e+00
3.850000000000000089e+00
3.859999999999999876e+00
3.870000000000000107e+00
3.879999999999999893e+00
3.890000000000000124e+00
3.899999999999999911e+00
3.910000000000000142e+00
3.919999999999999929e+00
3.930000000000000160e+00
3.939999999999999947e+00
3.950000000000000178e+00
3.959999999999999964e+00
3.970000000000000195e+00
3.979999999999999982e+00
3.990000000000000213e+00
4.000000000000000000e+00
4.009999999999999787e+00
4.020000000000000462e+00
4.030000000000000249e+00
4.040000000000000036e+00
4.049999999999999822e+00
4.060000000000000497e+00
4.070000000000000284e+00
4.080000000000000071e+00
4.089999999999999858e+00
4.099999999999999645e+00
4.110000000000000320e+00
4.120000000000000107e+00
4.129999999999999893e+00
4.139999999999999680e+00
4.150000000000000355e+00
4.160000000000000142e+00
4.169999999999999929e+00
4.179999999999999716e+00
4.190000000000000391e+00
4.200000000000000178e+00
4.209999999999999964e+00
4.219999999999999751e+00
4.230000000000000426e+00
4.240000000000000213e+00
4.250000000000000000e+00
4.259999999999999787e+00
4.270000000000000462e+00
4.280000000000000249e+00
4.290000000000000036e+00
4.299999999999999822e+00
4.310000000000000497e+00
4.320000000000000284e+00
4.330000000000000071e+00
4.339999999999999858e+00
4.350000000000000533e+00
4.360000000000000320e+00
4.370000000000000107e+00
4.379999999999999893e+00
4.389999999999999680e+00
4.400000000000000355e+00
4.410000000000000142e+00
4.419999999999999929e+00
4.429999999999999716e+00
4.440000000000000391e+00
4.450000000000000178e+00
4.459999999999999964e+00
4.469999999999999751e+00
4.480000000000000426e+00
4.490000000000000213e+00
4.500000000000000000e+00
4.509999999999999787e+00
4.520000000000000462e+00
4.530000000000000249e+00
4.540000000000000036e+00
4.549999999999999822e+00
4.560000000000000497e+00
4.570000000000000284e+00
4.580000000000000071e+00
4.589999999999999858e+00
4.600000000000000533e+00
4.610000000000000320e+00
4.620000000000000107e+00
4.629999999999999893e+00
4.639999999999999680e+00
4.650000000000000355e+00
4.660000000000000142e+00
4.669999999999999929e+00
4.679999999999999716e+00
4.690000000000000391e+00
4.700000000000000178e+00
4.709999999999999964e+00
4.719999999999999751e+00
4.730000000000000426e+00
4.740000000000000213e+00
4.750000000000000000e+00
4.759999999999999787e+00
4.770000000000000462e+00
4.780000000000000249e+00
4.790000000000000036e+00
4.799999999999999822e+00
4.810000000000000497e+00
4.820000000000000284e+00
4.830000000000000071e+00
4.839999999999999858e+00
4.850000000000000533e+00
4.860000000000000320e+00
4.870000000000000107e+00
4.879999999999999893e+00
4.889999999999999680e+00
4.900000000000000355e+00
4.910000000000000142e+00
4.919999999999999929e+00
4.929999999999999716e+00
4.940000000000000391e+00
4.950000000000000178e+00
4.959999999999999964e+00
4.969999999999999751e+00
4.980000000000000426e+00
4.990000000000000213e+00
5.000000000000000000e+00
5.009999999999999787e+00
5.020000000000000462e+00
5.030000000000000249e+00
5.040000000000000036e+00
5.049999999999999822e+00
5.060000000000000497e+00
5.070000000000000284e+00
5.080000000000000071e+00
5.089999999999999858e+00
5.100000000000000533e+00
5.110000000000000320e+00
5.120000000000000107e+00
5.129999999999999893e+00
5.139999999999999680e+00
5.150000000000000355e+00
5.160000000000000142e+00
5.169999999999999929e+00
5.179999999999999716e+00
5.190000000000000391e+00
5.200000000000000178e+00
5.209999999999999964e+00
5.219999999999999751e+00
5.230000000000000426e+00
5.240000000000000213e+00
5.250000000000000000e+00
5.259999999999999787e+00
5.270000000000000462e+00
5.280000000000000249e+00
5.290000000000000036e+00
5.299999999999999822e+00
5.310000000000000497e+00
5.320000000000000284e+00
5.330000000000000071e+00
5.339999999999999858e+00
5.350000000000000533e+00
5.360000000000000320e+00
5.370000000000000107e+00
5.379999999999999893e+00
5.389999999999999680e+00
5.400000000000000355e+00
5.410000000000000142e+00
5.419999999999999929e+00
5.429999999999999716e+00
5.440000000000000391e+00
5.450000000000000178e+00
5.459999999999999964e+00
5.469999999999999751e+00
5.480000000000000426e+00
5.490000000000000213e+00
5.500000000000000000e+00
5.509999999999999787e+00
5.520000000000000462e+00
5.530000000000000249e+00
5.540000000000000036e+00
5.549999999999999822e+00
5.560000000000000497e+00
5.570000000000000284e+00
5.580000000000000071e+00
5.589999999999999858e+00
5.600000000000000533e+00
5.610000000000000320e+00
5.620000000000000107e+00
5.629999999999999893e+00
5.639999999999999680e+00
5.650000000000000355e+00
5.660000000000000142e+00
5.669999999999999929e+00
5.679999999999999716e+00
5.690000000000000391e+00
5.700000000000000178e+00
5.709999999999999964e+00
5.719999999999999751e+00
5.730000000000000426e+00
5.740000000000000213e+00
5.750000000000000000e+00
5.759999999999999787e+00
5.770000000000000462e+00
5.780000000000000249e+00
5.790000000000000036e+00
5.799999999999999822e+00
5.810000000000000497e+00
5.820000000000000284e+00
5.830000000000000071e+00
5.839999999999999858e+00
5.850000000000000533e+00
5.860000000000000320e+00
5.870000000000000107e+00
5.879999999999999893e+00
5.889999999999999680e+00
5.900000000000000355e+00
5.910000000000000142e+00
5.919999999999999929e+00
5.929999999999999716e+00
5.940000000000000391e+00
5.950000000000000178e+00
5.959999999999999964e+00
5.969999999999999751e+00
5.980000000000000426e+00
5.990000000000000213e+00
6.000000000000000000e+00
6.009999999999999787e+00
6.020000000000000462e+00
6.030000000000000249e+00
6.040000000000000036e+00
6.049999999999999822e+00
6.060000000000000497e+00
6.070000000000000284e+00
6.080000000000000071e+00
6.089999999999999858e+00
6.100000000000000533e+00
6.110000000000000320e+00
6.120000000000000107e+00
6.129999999999999893e+00
6.140000000000000568e+00
6.150000000000000355e+00
6.160000000000000142e+00
6.169999999999999929e+00
6.179999999999999716e+00
6.190000000000000391e+00
6.200000000000000178e+00
6.209999999999999964e+00
6.219999999999999751e+00
6.230000000000000426e+00
6.240000000000000213e+00
6.250000000000000000e+00
6.259999999999999787e+00
6.270000000000000462e+00
6.280000000000000249e+00
6.290000000000000036e+00
6.299999999999999822e+00
6.310000000000000497e+00
6.320000000000000284e+00
6.330000000000000071e+00
6.339999999999999858e+00
6.350000000000000533e+00
6.360000000000000320e+00
6.370000000000000107e+00
6.379999999999999893e+00
6.390000000000000568e+00
6.400000000000000355e+00
6.410000000000000142e+00
6.419999999999999929e+00
6.429999999999999716e+00
6.440000000000000391e+00
6.450000000000000178e+00
6.459999999999999964e+00
6.469999999999999751e+00
6.480000000000000426e+00
6.490000000000000213e+00
6.500000000000000000e+00
6.509999999999999787e+00
6.520000000000000462e+00
6.530000000000000249e+00
6.540000000000000036e+00
6.549999999999999822e+00
6.560000000000000497e+00
6.570000000000000284e+00
6.580000000000000071e+00
6.589999999999999858e+00
6.600000000000000533e+00
6.610000000000000320e+00
6.620000000000000107e+00
6.629999999999999893e+00
6.640000000000000568e+00
6.650000000000000355e+00
6.660000000000000142e+00
6.669999999999999929e+00
6.679999999999999716e+00
6.690000000000000391e+00
6.700000000000000178e+00
6.709999999999999964e+00
6.719999999999999751e+00
6.730000000000000426e+00
6.740000000000000213e+00
6.750000000000000000e+00
6.759999999999999787e+00
6.770000000000000462e+00
6.780000000000000249e+00
6.790000000000000036e+00
6.799999999999999822e+00
6.810000000000000497e+00
6.820000000000000284e+00
6.830000000000000071e+00
6.839999999999999858e+00
6.850000000000000533e+00
6.860000000000000320e+00
6.870000000000000107e+00
6.879999999999999893e+00
6.890000000000000568e+00
6.900000000000000355e+00
6.910000000000000142e+00
6.919999999999999929e+00
6.929999999999999716e+00
6.940000000000000391e+00
6.950000000000000178e+00
6.959999999999999964e+00
6.969999999999999751e+00
6.980000000000000426e+00
6.990000000000000213e+00
7.000000000000000000e+00
7.009999999999999787e+00
7.020000000000000462e+00
7.030000000000000249e+00
7.040000000000000036e+00
7.049999999999999822e+00
7.060000000000000497e+00
7.070000000000000284e+00
7.080000000000000071e+00
7.089999999999999858e+00
7.100000000000000533e+00
7.110000000000000320e+00
7.120000000000000107e+00
7.129999999999999893e+00
7.140000000000000568e+00
7.150000000000000355e+00
7.160000000000000142e+00
7.169999999999999929e+00
7.179999999999999716e+00
7.190000000000000391e+00
7.200000000000000178e+00
7.209999999999999964e+00
7.219999999999999751e+00
7.230000000000000426e+00
7.240000000000000213e+00
7.250000000000000000e+00
7.259999999999999787e+00
7.270000000000000462e+00
7.280000000000000249e+00
7.290000000000000036e+00
7.299999999999999822e+00
7.310000000000000497e+00
7.320000000000000284e+00
7.330000000000000071e+00
7.339999999999999858e+00
7.350000000000000533e+00
7.360000000000000320e+00
7.370000000000000107e+00
7.379999999999999893e+00
7.390000000000000568e+00
7.400000000000000355e+00
7.410000000000000142e+00
7.419999999999999929e+00
7.429999999999999716e+00
7.440000000000000391e+00
7.450000000000000178e+00
7.459999999999999964e+00
7.469999999999999751e+00
7.480000000000000426e+00
7.490000000000000213e+00
7.500000000000000000e+00
7.509999999999999787e+00
7.520000000000000462e+00
7.530000000000000249e+00
7.540000000000000036e+00
7.549999999999999822e+00
7.560000000000000497e+00
7.570000000000000284e+00
7.580000000000000071e+00
7.589999999999999858e+00
7.600000000000000533e+00
7.610000000000000320e+00
7.620000000000000107e+00
7.629999999999999893e+00
7.640000000000000568e+00
7.650000000000000355e+00
7.660000000000000142e+00
7.669999999999999929e+00
7.679999999999999716e+00
7.690000000000000391e+00
7.700000000000000178e+00
7.709999999999999964e+00
7.719999999999999751e+00
7.730000000000000426e+00
7.740000000000000213e+00
7.750000000000000000e+00
7.759999999999999787e+00
7.770000000000000462e+00
7.780000000000000249e+00
7.790000000000000036e+00
7.799999999999999822e+00
7.810000000000000497e+00
7.820000000000000284e+00
7.830000000000000071e+00
7.839999999999999858e+00
7.850000000000000533e+00
7.860000000000000320e+00
7.870000000000000107e+00
7.879999999999999893e+00
7.890000000000000568e+00
7.900000000000000355e+00
7.910000000000000142e+00
7.919999999999999929e+00
7.930000000000000604e+00
7.940000000000000391e+00
7.950000000000000178e+00
7.959999999999999964e+00
7.969999999999999751e+00
7.980000000000000426e+00
7.990000000000000213e+00
8.000000000000000000e+00
8.009999999999999787e+00
8.019999999999999574e+00
8.029999999999999361e+00
8.040000000000000924e+00
8.050000000000000711e+00
8.060000000000000497e+00
8.070000000000000284e+00
8.080000000000000071e+00
8.089999999999999858e+00
8.099999999999999645e+00
8.109999999999999432e+00
8.120000000000000995e+00
8.130000000000000782e+00
8.140000000000000568e+00
8.150000000000000355e+00
8.160000000000000142e+00
8.169999999999999929e+00
8.179999999999999716e+00
8.189999999999999503e+00
8.199999999999999289e+00
8.210000000000000853e+00
8.220000000000000639e+00
8.230000000000000426e+00
8.240000000000000213e+00
8.250000000000000000e+00
8.259999999999999787e+00
8.269999999999999574e+00
8.279999999999999361e+00
8.290000000000000924e+00
8.300000000000000711e+00
8.310000000000000497e+00
8.320000000000000284e+00
8.330000000000000071e+00
8.339999999999999858e+00
8.349999999999999645e+00
8.359999999999999432e+00
8.370000000000000995e+00
8.380000000000000782e+00
8.390000000000000568e+00
8.400000000000000355e+00
8.410000000000000142e+00
8.419999999999999929e+00
8.429999999999999716e+00
8.439999999999999503e+00
8.449999999999999289e+00
8.460000000000000853e+00
8.470000000000000639e+00
8.480000000000000426e+00
8.490000000000000213e+00
8.500000000000000000e+00
8.509999999999999787e+00
8.519999999999999574e+00
8.529999999999999361e+00
8.540000000000000924e+00
8.550000000000000711e+00
8.560000000000000497e+00
8.570000000000000284e+00
8.580000000000000071e+00
8.589999999999999858e+00
8.599999999999999645e+00
8.609999999999999432e+00
8.620000000000000995e+00
8.630000000000000782e+00
8.640000000000000568e+00
8.650000000000000355e+00
8.660000000000000142e+00
8.669999999999999929e+00
8.679999999999999716e+00
8.689999999999999503e+00
8.700000000000001066e+00
8.710000000000000853e+00
8.720000000000000639e+00
8.730000000000000426e+00
8.740000000000000213e+00
8.750000000000000000e+00
8.759999999999999787e+00
8.769999999999999574e+00
8.779999999999999361e+00
8.790000000000000924e+00
8.800000000000000711e+00
8.810000000000000497e+00
8.820000000000000284e+00
8.830000000000000071e+00
8.839999999999999858e+00
8.849999999999999645e+00
8.859999999999999432e+00
8.870000000000000995e+00
8.880000000000000782e+00
8.890000000000000568e+00
8.900000000000000355e+00
8.910000000000000142e+00
8.919999999999999929e+00
8.929999999999999716e+00
8.939999999999999503e+00
8.950000000000001066e+00
8.960000000000000853e+00
8.970000000000000639e+00
8.980000000000000426e+00
8.990000000000000213e+00
9.000000000000000000e+00
9.009999999999999787e+00
9.019999999999999574e+00
9.029999999999999361e+00
9.040000000000000924e+00
9.050000000000000711e+00
9.060000000000000497e+00
9.070000000000000284e+00
9.080000000000000071e+00
9.089999999999999858e+00
9.099999999999999645e+00
9.109999999999999432e+00
9.120000000000000995e+00
9.130000000000000782e+00
9.140000000000000568e+00
9.150000000000000355e+00
9.160000000000000142e+00
9.169999999999999929e+00
9.179999999999999716e+00
9.189999999999999503e+00
9.200000000000001066e+00
9.210000000000000853e+00
9.220000000000000639e+00
9.230000000000000426e+00
9.240000000000000213e+00
9.250000000000000000e+00
9.259999999999999787e+00
9.269999999999999574e+00
9.279999999999999361e+00
9.290000000000000924e+00
9.300000000000000711e+00
9.310000000000000497e+00
9.320000000000000284e+00
9.330000000000000071e+00
9.339999999999999858e+00
9.349999999999999645e+00
9.359999999999999432e+00
9.370000000000000995e+00
9.380000000000000782e+00
9.390000000000000568e+00
9.400000000000000355e+00
9.410000000000000142e+00
9.419999999999999929e+00
9.429999999999999716e+00
9.439999999999999503e+00
9.450000000000001066e+00
9.460000000000000853e+00
9.470000000000000639e+00
9.480000000000000426e+00
9.490000000000000213e+00
9.500000000000000000e+00
9.509999999999999787e+00
9.519999999999999574e+00
9.529999999999999361e+00
9.540000000000000924e+00
9.550000000000000711e+00
9.560000000000000497e+00
9.570000000000000284e+00
9.580000000000000071e+00
9.589999999999999858e+00
9.599999999999999645e+00
9.609999999999999432e+00
9.620000000000000995e+00
9.630000000000000782e+00
9.640000000000000568e+00
9.650000000000000355e+00
9.660000000000000142e+00
9.669999999999999929e+00
9.679999999999999716e+00
9.689999999999999503e+00
9.700000000000001066e+00
9.710000000000000853e+00
9.720000000000000639e+00
9.730000000000000426e+00
9.740000000000000213e+00
9.750000000000000000e+00
9.759999999999999787e+00
9.769999999999999574e+00
9.779999999999999361e+00
9.790000000000000924e+00
9.800000000000000711e+00
9.810000000000000497e+00
9.820000000000000284e+00
9.830000000000000071e+00
9.839999999999999858e+00
9.849999999999999645e+00
9.859999999999999432e+00
9.870000000000000995e+00
9.880000000000000782e+00
9.890000000000000568e+00
9.900000000000000355e+00
9.910000000000000142e+00
9.919999999999999929e+00
9.929999999999999716e+00
9.939999999999999503e+00
9.950000000000001066e+00
9.960000000000000853e+00
9.970000000000000639e+00
9.980000000000000426e+00
9.990000000000000213e+00
1.000000000000000000e+01
1.000999999999999979e+01
1.001999999999999957e+01
1.002999999999999936e+01
1.004000000000000092e+01
1.005000000000000071e+01
1.006000000000000050e+01
1.007000000000000028e+01
1.008000000000000007e+01
1.008999999999999986e+01
1.009999999999999964e+01
1.010999999999999943e+01
1.012000000000000099e+01
1.013000000000000078e+01
1.014000000000000057e+01
1.015000000000000036e+01
1.016000000000000014e+01
1.016999999999999993e+01
1.017999999999999972e+01
1.018999999999999950e+01
1.020000000000000107e+01
1.021000000000000085e+01
1.022000000000000064e+01
1.023000000000000043e+01
1.024000000000000021e+01
1.025000000000000000e+01
1.025999999999999979e+01
1.026999999999999957e+01
1.027999999999999936e+01
1.029000000000000092e+01
1.030000000000000071e+01
1.031000000000000050e+01
1.032000000000000028e+01
1.033000000000000007e+01
1.033999999999999986e+01
1.034999999999999964e+01
1.035999999999999943e+01
1.037000000000000099e+01
1.038000000000000078e+01
1.039000000000000057e+01
1.040000000000000036e+01
1.041000000000000014e+01
1.041999999999999993e+01
1.042999999999999972e+01
1.043999999999999950e+01
1.045000000000000107e+01
1.046000000000000085e+01
1.047000000000000064e+01
1.048000000000000043e+01
1.049000000000000021e+01
1.050000000000000000e+01
1.050999999999999979e+01
1.051999999999999957e+01
1.052999999999999936e+01
1.054000000000000092e+01
1.055000000000000071e+01
1.056000000000000050e+01
1.057000000000000028e+01
1.058000000000000007e+01
1.058999999999999986e+01
1.059999999999999964e+01
1.060999999999999943e+01
1.062000000000000099e+01
1.063000000000000078e+01
1.064000000000000057e+01
1.065000000000000036e+01
1.066000000000000014e+01
1.066999999999999993e+01
1.067999999999999972e+01
1.068999999999999950e+01
1.070000000000000107e+01
1.071000000000000085e+01
1.072000000000000064e+01
1.073000000000000043e+01
1.074000000000000021e+01
1.075000000000000000e+01
1.075999999999999979e+01
1.076999999999999957e+01
1.077999999999999936e+01
1.079000000000000092e+01
1.080000000000000071e+01
1.081000000000000050e+01
1.082000000000000028e+01
1.083000000000000007e+01
1.083999999999999986e+01
1.084999999999999964e+01
1.085999999999999943e+01
1.087000000000000099e+01
1.088000000000000078e+01
1.089000000000000057e+01
1.090000000000000036e+01
1.091000000000000014e+01
1.091999999999999993e+01
1.092999999999999972e+01
1.093999999999999950e+01
1.095000000000000107e+01
1.096000000000000085e+01
1.097000000000000064e+01
1.098000000000000043e+01
1.099000000000000021e+01
1.100000000000000000e+01
1.100999999999999979e+01
1.101999999999999957e+01
1.102999999999999936e+01
1.104000000000000092e+01
1.105000000000000071e+01
1.106000000000000050e+01
1.107000000000000028e+01
1.108000000000000007e+01
1.108999999999999986e+01
1.109999999999999964e+01
1.110999999999999943e+01
1.112000000000000099e+01
1.113000000000000078e+01
1.114000000000000057e+01
1.115000000000000036e+01
1.116000000000000014e+01
1.116999999999999993e+01
1.117999999999999972e+01
1.118999999999999950e+01
1.120000000000000107e+01
1.121000000000000085e+01
1.122000000000000064e+01
1.123000000000000043e+01
1.124000000000000021e+01
1.125000000000000000e+01
1.125999999999999979e+01
1.126999999999999957e+01
1.127999999999999936e+01
1.129000000000000092e+01
1.130000000000000071e+01
1.131000000000000050e+01
1.132000000000000028e+01
1.133000000000000007e+01
1.133999999999999986e+01
1.134999999999999964e+01
1.135999999999999943e+01
1.137000000000000099e+01
1.138000000000000078e+01
1.139000000000000057e+01
1.140000000000000036e+01
1.141000000000000014e+01
1.141999999999999993e+01
1.142999999999999972e+01
1.143999999999999950e+01
1.145000000000000107e+01
1.146000000000000085e+01
1.147000000000000064e+01
1.148000000000000043e+01
1.149000000000000021e+01
1.150000000000000000e+01
1.150999999999999979e+01
1.151999999999999957e+01
1.152999999999999936e+01
1.154000000000000092e+01
1.155000000000000071e+01
1.156000000000000050e+01
1.157000000000000028e+01
1.158000000000000007e+01
1.158999999999999986e+01
1.159999999999999964e+01
1.160999999999999943e+01
1.162000000000000099e+01
1.163000000000000078e+01
1.164000000000000057e+01
1.165000000000000036e+01
1.166000000000000014e+01
1.166999999999999993e+01
1.167999999999999972e+01
1.168999999999999950e+01
1.170000000000000107e+01
1.171000000000000085e+01
1.172000000000000064e+01
1.173000000000000043e+01
1.174000000000000021e+01
1.175000000000000000e+01
1.175999999999999979e+01
1.176999999999999957e+01
1.177999999999999936e+01
1.179000000000000092e+01
1.180000000000000071e+01
1.181000000000000050e+01
1.182000000000000028e+01
1.183000000000000007e+01
1.183999999999999986e+01
1.184999999999999964e+01
1.185999999999999943e+01
1.187000000000000099e+01
1.188000000000000078e+01
1.189000000000000057e+01
1.190000000000000036e+01
1.191000000000000014e+01
1.191999999999999993e+01
1.192999999999999972e+01
1.193999999999999950e+01
1.195000000000000107e+01
1.196000000000000085e+01
1.197000000000000064e+01
1.198000000000000043e+01
1.199000000000000021e+01
1.200000000000000000e+01
1.200999999999999979e+01
1.201999999999999957e+01
1.203000000000000114e+01
1.204000000000000092e+01
1.205000000000000071e+01
1.206000000000000050e+01
1.207000000000000028e+01
1.208000000000000007e+01
1.208999999999999986e+01
1.209999999999999964e+01
1.210999999999999943e+01
1.212000000000000099e+01
1.213000000000000078e+01
1.214000000000000057e+01
1.215000000000000036e+01
1.216000000000000014e+01
1.216999999999999993e+01
1.217999999999999972e+01
1.218999999999999950e+01
1.220000000000000107e+01
1.221000000000000085e+01
1.222000000000000064e+01
1.223000000000000043e+01
1.224000000000000021e+01
1.225000000000000000e+01
1.225999999999999979e+01
1.226999999999999957e+01
1.228000000000000114e+01
1.229000000000000092e+01
1.230000000000000071e+01
1.231000000000000050e+01
1.232000000000000028e+01
1.233000000000000007e+01
1.233999999999999986e+01
1.234999999999999964e+01
1.235999999999999943e+01
1.237000000000000099e+01
1.238000000000000078e+01
1.239000000000000057e+01
1.240000000000000036e+01
1.241000000000000014e+01
1.241999999999999993e+01
1.242999999999999972e+01
1.243999999999999950e+01
1.245000000000000107e+01
1.246000000000000085e+01
1.247000000000000064e+01
1.248000000000000043e+01
1.249000000000000021e+01
1.250000000000000000e+01
1.250999999999999979e+01
1.251999999999999957e+01
1.253000000000000114e+01
1.254000000000000092e+01
1.255000000000000071e+01
1.256000000000000050e+01
1.257000000000000028e+01
1.258000000000000007e+01
1.258999999999999986e+01
1.259999999999999964e+01
1.260999999999999943e+01
1.262000000000000099e+01
1.263000000000000078e+01
1.264000000000000057e+01
1.265000000000000036e+01
1.266000000000000014e+01
1.266999999999999993e+01
1.267999999999999972e+01
1.268999999999999950e+01
1.270000000000000107e+01
1.271000000000000085e+01
1.272000000000000064e+01
1.273000000000000043e+01
1.274000000000000021e+01
1.275000000000000000e+01
1.275999999999999979e+01
1.276999999999999957e+01
1.278000000000000114e+01
1.279000000000000092e+01
1.280000000000000071e+01
1.281000000000000050e+01
1.282000000000000028e+01
1.283000000000000007e+01
1.283999999999999986e+01
1.284999999999999964e+01
1.285999999999999943e+01
1.287000000000000099e+01
1.288000000000000078e+01
1.289000000000000057e+01
1.290000000000000036e+01
1.291000000000000014e+01
1.291999999999999993e+01
1.292999999999999972e+01
1.293999999999999950e+01
1.295000000000000107e+01
1.296000000000000085e+01
1.297000000000000064e+01
1.298000000000000043e+01
1.299000000000000021e+01
1.300000000000000000e+01
1.300999999999999979e+01
1.301999999999999957e+01
1.303000000000000114e+01
1.304000000000000092e+01
1.305000000000000071e+01
1.306000000000000050e+01
1.307000000000000028e+01
1.308000000000000007e+01
1.308999999999999986e+01
1.309999999999999964e+01
1.310999999999999943e+01
1.312000000000000099e+01
1.313000000000000078e+01
1.314000000000000057e+01
1.315000000000000036e+01
1.316000000000000014e+01
1.316999999999999993e+01
1.317999999999999972e+01
1.318999999999999950e+01
1.320000000000000107e+01
1.321000000000000085e+01
1.322000000000000064e+01
1.323000000000000043e+01
1.324000000000000021e+01
1.325000000000000000e+01
1.325999999999999979e+01
1.326999999999999957e+01
1.328000000000000114e+01
1.329000000000000092e+01
1.330000000000000071e+01
1.331000000000000050e+01
1.332000000000000028e+01
1.333000000000000007e+01
1.333999999999999986e+01
1.334999999999999964e+01
1.335999999999999943e+01
1.337000000000000099e+01
1.338000000000000078e+01
1.339000000000000057e+01
1.340000000000000036e+01
1.341000000000000014e+01
1.341999999999999993e+01
1.342999999999999972e+01
1.343999999999999950e+01
1.345000000000000107e+01
1.346000000000000085e+01
1.347000000000000064e+01
1.348000000000000043e+01
1.349000000000000021e+01
1.350000000000000000e+01
1.350999999999999979e+01
1.351999999999999957e+01
1.353000000000000114e+01
1.354000000000000092e+01
1.355000000000000071e+01
1.356000000000000050e+01
1.357000000000000028e+01
1.358000000000000007e+01
1.358999999999999986e+01
1.359999999999999964e+01
1.360999999999999943e+01
1.362000000000000099e+01
1.363000000000000078e+01
1.364000000000000057e+01
1.365000000000000036e+01
1.366000000000000014e+01
1.366999999999999993e+01
1.367999999999999972e+01
1.368999999999999950e+01
1.370000000000000107e+01
1.371000000000000085e+01
1.372000000000000064e+01
1.373000000000000043e+01
1.374000000000000021e+01
1.375000000000000000e+01
1.375999999999999979e+01
1.376999999999999957e+01
1.378000000000000114e+01
1.379000000000000092e+01
1.380000000000000071e+01
1.381000000000000050e+01
1.382000000000000028e+01
1.383000000000000007e+01
1.383999999999999986e+01
1.384999999999999964e+01
1.385999999999999943e+01
1.387000000000000099e+01
1.388000000000000078e+01
1.389000000000000057e+01
1.390000000000000036e+01
1.391000000000000014e+01
1.391999999999999993e+01
1.392999999999999972e+01
1.393999999999999950e+01
1.395000000000000107e+01
1.396000000000000085e+01
1.397000000000000064e+01
1.398000000000000043e+01
1.399000000000000021e+01
1.400000000000000000e+01
1.400999999999999979e+01
1.401999999999999957e+01
1.403000000000000114e+01
1.404000000000000092e+01
1.405000000000000071e+01
1.406000000000000050e+01
1.407000000000000028e+01
1.408000000000000007e+01
1.408999999999999986e+01
1.409999999999999964e+01
1.410999999999999943e+01
1.412000000000000099e+01
1.413000000000000078e+01
1.414000000000000057e+01
1.415000000000000036e+01
1.416000000000000014e+01
1.416999999999999993e+01
1.417999999999999972e+01
1.418999999999999950e+01
1.420000000000000107e+01
1.421000000000000085e+01
1.422000000000000064e+01
1.423000000000000043e+01
1.424000000000000021e+01
1.425000000000000000e+01
1.425999999999999979e+01
1.426999999999999957e+01
1.428000000000000114e+01
1.429000000000000092e+01
1.430000000000000071e+01
1.431000000000000050e+01
1.432000000000000028e+01
1.433000000000000007e+01
1.433999999999999986e+01
1.434999999999999964e+01
1.435999999999999943e+01
1.437000000000000099e+01
1.438000000000000078e+01
1.439000000000000057e+01
1.440000000000000036e+01
1.441000000000000014e+01
1.441999999999999993e+01
1.442999999999999972e+01
1.443999999999999950e+01
1.445000000000000107e+01
1.446000000000000085e+01
1.447000000000000064e+01
1.448000000000000043e+01
1.449000000000000021e+01
1.450000000000000000e+01
1.450999999999999979e+01
1.451999999999999957e+01
1.453000000000000114e+01
1.454000000000000092e+01
1.455000000000000071e+01
1.456000000000000050e+01
1.457000000000000028e+01
1.458000000000000007e+01
1.458999999999999986e+01
1.459999999999999964e+01
1.460999999999999943e+01
1.462000000000000099e+01
1.463000000000000078e+01
1.464000000000000057e+01
1.465000000000000036e+01
1.466000000000000014e+01
1.466999999999999993e+01
1.467999999999999972e+01
1.468999999999999950e+01
1.470000000000000107e+01
1.471000000000000085e+01
1.472000000000000064e+01
1.473000000000000043e+01
1.474000000000000021e+01
1.475000000000000000e+01
1.475999999999999979e+01
1.476999999999999957e+01
1.478000000000000114e+01
1.479000000000000092e+01
1.480000000000000071e+01
1.481000000000000050e+01
1.482000000000000028e+01
1.483000000000000007e+01
1.483999999999999986e+01
1.484999999999999964e+01
1.485999999999999943e+01
1.487000000000000099e+01
1.488000000000000078e+01
1.489000000000000057e+01
1.490000000000000036e+01
1.491000000000000014e+01
1.491999999999999993e+01
1.492999999999999972e+01
1.493999999999999950e+01
1.495000000000000107e+01
1.496000000000000085e+01
1.497000000000000064e+01
1.498000000000000043e+01
1.499000000000000021e+01
1.500000000000000000e+01
