# k_h
1.000000000000000861e-04
1.071891319205128638e-04
1.148951000187309991e-04
1.231550603292826758e-04
1.320088400831418861e-04
1.414991297434577122e-04
1.516716888470924095e-04
1.625755666443795381e-04
1.742633386009651323e-04
1.867913599020783622e-04
2.002200371815585902e-04
2.146141197858405505e-04
2.300430119772919131e-04
2.465811075822604316e-04
2.643081486974106580e-04
2.833096101839325501e-04
3.036771118035459403e-04
3.255088599835059718e-04
3.489101213406773793e-04
3.739937302478798880e-04
4.008806328898466471e-04
4.297004704320845996e-04
4.605922041145111656e-04
4.937047852839008145e-04
5.291978735958447746e-04
5.672426068491984164e-04
6.080224261649429078e-04
6.517339604882430200e-04
6.985879746785254689e-04
7.488103857590030100e-04
8.026433522257182297e-04
8.603464416684511668e-04
9.221978823334335638e-04
9.884959046625593163e-04
1.059560179277616813e-03
1.135733358343106372e-03
1.217382727739662295e-03
1.304901978014403425e-03
1.398713102647239446e-03
1.499268432786046582e-03
1.607052818261639959e-03
1.722585965398789123e-03
1.846424942895546518e-03
1.979166867853559934e-03
2.121451784910632909e-03
2.273965752357931351e-03
2.437444150122223662e-03
2.612675225563331535e-03
2.800503894183634448e-03
3.001835813575593186e-03
3.217641750250740257e-03
3.448962260405761919e-03
3.696912707195031383e-03
3.962688638701482129e-03
4.247571552536903716e-03
4.552935074866953924e-03
4.880251583654436794e-03
5.231099308056267466e-03
5.607169938205463361e-03
6.010276782070388644e-03
6.442363508721378820e-03
6.905513520162333621e-03
7.401959996915649480e-03
7.934096665797498588e-03
8.504489341802685606e-03
9.115888299750829135e-03
9.771241535346504928e-03
1.047370897959450271e-02
1.122667773510814364e-02
1.203377840777590350e-02
1.289890261253309398e-02
1.382622173764656674e-02
1.482020705798859153e-02
1.588565129428053807e-02
1.702769172225900712e-02
1.825183494319044045e-02
1.956398343517064958e-02
2.097046401323233306e-02
2.247805833548726512e-02
2.409403560239526190e-02
2.582618760682676984e-02
2.768286630392069111e-02
2.967302408188872767e-02
3.180625692794122883e-02
3.409285069746816055e-02
3.654383070957260143e-02
3.917101490809263981e-02
4.198707084443913801e-02
4.500557675700502663e-02
4.824108704165375183e-02
5.170920242896762803e-02
5.542664520663111161e-02
5.941133984965038528e-02
6.368249944718593070e-02
6.826071834272394445e-02
7.316807143427202231e-02
7.842822061337685613e-02
8.406652885618332016e-02
9.011018251665026124e-02
9.658832241158708809e-02
1.035321843295662902e-01
1.109752496412072659e-01
1.189534067370320303e-01
1.275051240713013789e-01
1.366716356462007176e-01
1.464971398307286510e-01
1.570290124729377956e-01
1.683180353330957502e-01
1.804186409392073143e-01
1.933891750455231651e-01
2.072921779595371938e-01
2.221946860939524315e-01
2.381685551976161219e-01
2.552908068239520545e-01
2.736439997074673336e-01
2.933166278390047510e-01
3.144035471591503095e-01
3.370064329271932335e-01
3.612342699709435445e-01
3.872038781812559005e-01
4.150404757850479354e-01
4.448782831127588988e-01
4.768611697714474351e-01
5.111433483440172010e-01
5.478901179593946846e-01
5.872786613189485694e-01
6.294988990221892511e-01
6.747544053110698936e-01
7.232633896483541269e-01
7.752597488629466849e-01
8.309941949353398805e-01
8.907354638610445186e-01
9.547716114208063543e-01
1.023411402105453671e+00
1.096985797892384262e+00
1.175849554052157409e+00
1.260382929679727981e+00
1.350993521198027514e+00
1.448118227674534353e+00
1.552225357427048147e+00
1.663816886076129320e+00
1.783430876931910047e+00
1.911644075385702912e+00
2.049074689815847616e+00
2.196385372416546744e+00
2.354286414322418253e+00
2.523539170434766721e+00
2.704959730463135426e+00
2.899422853882877238e+00
3.107866187782013512e+00
3.331294787934673263e+00
3.570785964900463405e+00
3.827494478516312526e+00
4.102658105827192259e+00
4.397603609302719541e+00
4.713753134116723587e+00
5.052631065335679850e+00
5.415871378079471832e+00
5.805225516094898452e+00
6.222570836730228372e+00
6.669919663030119850e+00
7.149428986597588853e+00
7.663410868007469290e+00
8.214343584919438612e+00
8.804883581643474955e+00
9.437878277775395119e+00
1.011637979766208595e+01
1.084365968689611748e+01
1.162322468679854026e+01
1.245883364295009521e+01
1.335451562929900504e+01
1.431458937523480657e+01
1.534368408930014205e+01
1.644676177994665878e+01
1.762914118095949689e+01
1.889652339691211935e+01
2.025501939230669279e+01
2.171117945694506446e+01
2.327202478960411369e+01
2.494508135230318757e+01
2.673841615839949526e+01
2.866067616948253871e+01
3.072112998861760502e+01
3.292971255097153715e+01
3.529707302730653140e+01
3.783462617131932859e+01
4.055460735840832598e+01
4.347013158125027843e+01
4.659525668664684162e+01
4.994505115855143629e+01
5.353566677410729113e+01
5.738441648302398335e+01
6.150985788580505442e+01
6.593188271333551143e+01
7.067181273927495511e+01
7.575250258771917800e+01
8.119844993184015891e+01
8.703591361485166544e+01
9.329304026284688689e+01
1.000000000000000426e+02
