logk z353 z302 z248 z224 z201 z174 z149 z126 z100 z074 z050 z027 z000
-3.3010299956639813 1.0276516955672686e-25 0.0 2.5691292389181716e-26 -2.5691292389181716e-26 0.0 -2.0553033911345373e-25 -2.0553033911345373e-25 -4.1106067822690746e-25 -6.165910173403611e-25 0.0 -8.221213564538149e-25 -4.1106067822690746e-25 -4.1106067822690746e-25
-3.1664877587814924 -4.125639142247e-09 -3.1065691026070107e-09 -8.820668520317937e-10 5.649807946884162e-10 1.5684337712946487e-09 3.479423747922149e-09 5.245172057016224e-09 7.474821451193005e-09 9.168895721372186e-09 1.0320092216441676e-08 1.2273512256606763e-08 1.3788629414230355e-08 1.6661826438189822e-08
-3.0319455218990035 -1.5832478799719238e-09 -1.1921713887487555e-09 -3.3850039359289073e-10 2.1681601676100591e-10 6.018993318756791e-10 1.3352574189077972e-09 2.012877824025099e-09 2.8685240777806892e-09 3.518638982235316e-09 3.960420085091823e-09 4.710061057230175e-09 5.291499701039951e-09 6.394112639322254e-09
-2.897403285016515 7.627173786825189e-09 5.743193141574734e-09 1.6306993753167e-09 -1.0444943337822247e-09 -2.8996033182568907e-09 -6.432498987043017e-09 -9.696882698973323e-09 -1.3818892120236871e-08 -1.695077021741051e-08 -1.907901639404944e-08 -2.269035359812964e-08 -2.5491389139571076e-08 -3.080314139660252e-08
-2.762861048134026 1.2449161196725053e-08 9.374106215711478e-09 2.6616463652346737e-09 -1.704835722083815e-09 -4.732766044729727e-09 -1.0499199182506388e-08 -1.582736400129964e-08 -2.2555355413842156e-08 -2.7667243036955637e-08 -3.114099104110598e-08 -3.703545735928313e-08 -4.1607339939616384e-08 -5.027724335771824e-08
-2.628318811251537 -2.602174662203532e-08 -1.959414075363246e-08 -5.563482247447966e-09 3.563517452399116e-09 9.892621429765644e-09 2.194585615401404e-08 3.308300448747398e-08 4.7146127700824865e-08 5.7831204581664826e-08 6.509217493656555e-08 7.741302985842785e-08 8.696936608150007e-08 1.0509155330506292e-07
-2.4937765743690483 4.60268461913342e-08 3.465780048580977e-08 9.840597766587471e-09 -6.3030922583351325e-09 -1.7497909405948477e-08 -3.8817476797756305e-08 -5.851668534051245e-08 -8.339131111073505e-08 -1.022909029513744e-07 -1.1513399033436543e-07 -1.3692692002011083e-07 -1.538300135703169e-07 -1.8588424636663362e-07
-2.3592343374865594 4.826198254480667e-07 3.634083802166888e-07 1.0318472738002329e-07 -6.609180374547369e-08 -1.8347635525796485e-07 -4.0702514785805e-07 -6.135834801158888e-07 -8.744092490031576e-07 -1.07258310773881e-06 -1.207250787666887e-06 -1.435763075413352e-06 -1.613002420138838e-06 -1.949110789865519e-06
-2.224692100604071 1.2872229085518653e-06 9.692672524183025e-07 2.7520988134487114e-07 -1.7627722559823097e-07 -4.893602691236042e-07 -1.085600025223106e-06 -1.6365235538777922e-06 -2.3321868630687136e-06 -2.860747683386906e-06 -3.219927546095642e-06 -3.829405723664827e-06 -4.302130905676473e-06 -5.198584740465654e-06
-2.0901498637215816 2.45983609550274e-06 1.852234417090658e-06 5.259160596611332e-07 -3.368593578166084e-07 -9.351496510028704e-07 -2.0745421088929325e-06 -3.127336906626236e-06 -4.456724153307421e-06 -5.466784629895684e-06 -6.153164265620656e-06 -7.317854864774563e-06 -8.221215470183255e-06 -9.934306098167079e-06
-1.9556076268390932 4.0004593863006754e-06 3.0123098742337442e-06 8.553032623288061e-07 -5.478382004006038e-07 -1.5208445008957576e-06 -3.3738513988675164e-06 -5.0860235383612e-06 -7.248021119719252e-06 -8.89069394726511e-06 -1.000696094624189e-05 -1.1901110498742516e-05 -1.3370256113659136e-05 -1.615627486296973e-05
-1.8210653899566043 5.909092780945683e-06 4.4494936238475706e-06 1.2633714893478926e-06 -8.092137533502187e-07 -2.2464448188022706e-06 -4.9835278951468695e-06 -7.5125834490826995e-06 -1.0706077762304229e-05 -1.3132475635495213e-05 -1.4781317587959376e-05 -1.757917262556873e-05 -1.974925283610415e-05 -2.3864491034873658e-05
-1.6865231530741154 8.185736279437764e-06 6.1637856659321345e-06 1.7501207407183924e-06 -1.1209860166654533e-06 -3.1119506047224086e-06 -6.903571597730987e-06 -1.0407016638790735e-05 -1.4830894081062352e-05 -1.8192129694585988e-05 -2.047623419077311e-05 -2.4352041245253184e-05 -2.7358205637518303e-05 -3.305895461387886e-05
-1.5519809161916267 1.0830389881776906e-05 8.155186000487433e-06 2.3155510164403035e-06 -1.483154990346306e-06 -4.117361858656169e-06 -9.133982506619867e-06 -1.3769323107485293e-05 -1.96224700759936e-05 -2.406965612453742e-05 -2.7091710754683067e-05 -3.221971635779587e-05 -3.6197114517901556e-05 -4.37396655999853e-05
-1.4174386793091378 1.3843053587963124e-05 1.042369462751347e-05 2.959662316513628e-06 -1.895720674392779e-06 -5.2626785806035544e-06 -1.1674760621813513e-05 -1.7599502855166387e-05 -2.5080805747097994e-05 -3.076505492534952e-05 -3.462774727968928e-05 -4.1182197963196806e-05 -4.626597947725395e-05 -5.5906623993193016e-05
-1.2828964424266491 1.72237273979964e-05 1.2969311547010238e-05 3.6824546409383644e-06 -2.3586830688048697e-06 -6.547900770564562e-06 -1.4525905943311921e-05 -2.1897555881834006e-05 -3.120590109437552e-05 -3.8278326097022285e-05 -4.308434376579172e-05 -5.1239486061455965e-05 -5.756480051557545e-05 -6.955982979350197e-05
-1.1483542055441602 2.097241131187676e-05 1.579203675897775e-05 4.483927989714515e-06 -2.872042173582581e-06 -7.973028428539197e-06 -1.76874184711151e-05 -2.6663482187488165e-05 -3.7997756117826197e-05 -4.660946963955573e-05 -5.246150021299042e-05 -6.239158065257339e-05 -7.009357763286611e-05 -8.469928300091222e-05
-1.0138119686616713 2.5089105329604186e-05 1.8891870263416e-05 5.364082362842079e-06 -3.4357979887259116e-06 -9.538061554527459e-06 -2.1159298205223043e-05 -3.189728177212886e-05 -4.5456370817450015e-05 -5.575848555294984e-05 -6.275921662128536e-05 -7.463848173654907e-05 -8.385231082912588e-05 -0.00010132498361542374
-0.8792697317791824 2.957380945117868e-05 2.2268812060324984e-05 6.3229177603210535e-06 -4.04995051423486e-06 -1.124300014852934e-05 -2.494154514563575e-05 -3.7598954635756074e-05 -5.358174519324696e-05 -6.572537383720461e-05 -7.397749299067653e-05 -8.798018931338297e-05 -9.884100010435477e-05 -0.0001194369316370365
-0.744727494896694 3.442652367660023e-05 2.5922862149704693e-05 7.360434182151439e-06 -4.714499750109427e-06 -1.308784421054484e-05 -2.9034159292353207e-05 -4.3768500778369806e-05 -6.237387924521702e-05 -7.651013449232002e-05 -8.611632932116391e-05 -0.00010241670338307507 -0.00011505964545855273 -0.00013903512706575047
-0.7283661349237933 3.504174821629409e-05 2.6386120684996184e-05 7.491969964683528e-06 -4.7987509503146734e-06 -1.3321732563770885e-05 -2.9553018746587836e-05 -4.4550672571183316e-05 -6.348854134436014e-05 -7.787742073699384e-05 -8.76552845628966e-05 -0.00010424695699182509 -0.00011711583672780632 -0.00014151977590377545
-0.4324189130016626 -6.226380709550841e-05 -0.00010208309874983712 -0.00016540735488123845 -0.00019783881594103608 -0.00023437807460773588 -0.00028190030666978215 -0.00033008463682960296 -0.00036855450143993617 -0.0003914311614704625 -0.0003870890788741345 -0.00039362752205742476 -0.0004102539424940859 -0.0005232364617493191
-0.23584587555710576 -0.000270928616926656 -0.00037862342822691587 -0.0005377064742381401 -0.0006258479689100409 -0.0007288236988836049 -0.0008619678791688195 -0.0009747608418873504 -0.0010293882775742186 -0.001011577655924536 -0.0009079467806103408 -0.0008550502363068376 -0.0007986871271563305 -0.0010036441402927027
-0.09586748437830925 -0.0005887601863688149 -0.0008109707422364278 -0.001114353584475351 -0.001294652340458564 -0.00148673086861898 -0.0017743543946748689 -0.0020083953352534457 -0.0021047094210126164 -0.0020114524207298485 -0.0017965047619286534 -0.0017206089599050693 -0.0015696260618540182 -0.002229547342056064
0.009340807466496761 -0.0010362547921571137 -0.0014066066637263208 -0.0019288058465792483 -0.0022123314127072235 -0.0025165195402097316 -0.0029614804779330164 -0.003342568517201678 -0.0035500533279211703 -0.0034600938352571755 -0.0028944008609237417 -0.002646352662203035 -0.0022414705948979874 -0.002891064785678163
0.09476736479355613 -0.0016532991458442729 -0.002238649007561784 -0.0030222347973428345 -0.003444769351184399 -0.0038998378668297813 -0.004572032564800559 -0.005135021173248458 -0.005401265439378159 -0.005319347610896043 -0.004319435922597948 -0.0034874793066356664 -0.002088357244111503 -0.002408333498822129
0.16613715001585108 -0.002395433137835446 -0.003264096449704399 -0.004440989289266976 -0.005015607824757844 -0.005627048671868723 -0.006457492234780186 -0.007113268190178527 -0.007369109419903052 -0.007028417792410698 -0.005496726212383816 -0.0047737786849613864 -0.0020755751210901757 -0.002322044092795012
0.22678452902433796 -0.003296259801958076 -0.0044934819616231384 -0.006062049764482929 -0.00684404147876672 -0.007669354933692022 -0.008812281321764209 -0.009616935575914589 -0.010045563605886095 -0.00966671885993082 -0.006964031801321174 -0.005822683359269358 -0.0024265696987969838 -0.0017310530900191085
0.28044177142060267 -0.004293353473924379 -0.005829298579833166 -0.007799879403823992 -0.008765840804792396 -0.009770897421380794 -0.011091724781097611 -0.011979409477532222 -0.012396943885378563 -0.01183382052215499 -0.008927285401301813 -0.006972420012469338 -0.0017261641603920576 -0.0010635918265657779
0.3284555460637093 -0.005445317336130899 -0.007384281352129392 -0.009845105784805932 -0.011013521847610567 -0.012250611263722642 -0.013813525017991268 -0.01473000840817516 -0.015156245418166 -0.014479957957875803 -0.011068677197305544 -0.00905929624377624 -0.002354061975725233 -0.00031971456846018395
0.37147098630547143 -0.0067432684442038275 -0.009179289071470687 -0.01212579092243062 -0.013435769337740629 -0.014832619020331327 -0.01663176028446199 -0.0175148312759481 -0.01796335016828145 -0.017194731787829792 -0.013159071505983812 -0.010634006151650317 -0.00463578926499989 -0.00012338951993754807
0.41070375824942185 -0.008121036213802913 -0.010959287975163568 -0.014429335956721946 -0.016007979691309175 -0.01772380452406239 -0.019890219530780587 -0.020591833412981538 -0.0206591517587299 -0.01960187395944221 -0.015376071851221914 -0.012106700569901593 -0.006306987329894879 -0.0005669635122164202
0.44680483861563436 -0.009639712702872717 -0.013030895784258667 -0.01684533493726923 -0.01849700713855184 -0.020237627364858707 -0.022600620494232768 -0.023692855512994628 -0.023540687220521835 -0.02173746281747083 -0.017511723032270398 -0.013225094466276831 -0.008303764765618223 -0.0007131467700688028
0.4801642628431201 -0.011179190321010113 -0.015027721407260086 -0.019687511155764274 -0.021564375192362175 -0.023529901230379645 -0.02595005074782779 -0.026777451736303987 -0.026490814084506997 -0.024160685398635858 -0.020158300398946373 -0.015509951589760722 -0.010859273839652291 0.0004556329187024675
0.5111373709417958 -0.012659172698456417 -0.016915701192848197 -0.021949745528677827 -0.024116648751285684 -0.026228160834246166 -0.028765951672257806 -0.02988802089719071 -0.030090154716488106 -0.02725420917151917 -0.022182804649123006 -0.017521071051269863 -0.012697107915148486 -0.0008213460640593626
0.5399512635302559 -0.014494823850676781 -0.019226131759177544 -0.024416443711546203 -0.026766880763774217 -0.02918803332143108 -0.03199607327993669 -0.032894046253836046 -0.03299073780487054 -0.030661523539891645 -0.024905057736646277 -0.01926356298323441 -0.014913525876249669 -0.00259151105742801
0.5668897358466438 -0.016300941247161076 -0.021443006513882847 -0.027079441824009884 -0.029496956219062134 -0.031874382130777534 -0.03503487963982761 -0.035964245695399626 -0.03577112289686821 -0.03305253218679042 -0.027568260042623402 -0.02167184875694134 -0.018140133423045587 -0.002794382014586215
0.5922298938834376 -0.018225067977142795 -0.02357403640145194 -0.02961176342944092 -0.03214746816897531 -0.034742600440197446 -0.03802763251271733 -0.038718273065596824 -0.03890786546946891 -0.036855595998773145 -0.02993661756370756 -0.02433060758194095 -0.02107499758846365 -0.005087504569153802
0.61634139203496 -0.02006877984126627 -0.02568534808649448 -0.03214652430937387 -0.034440070919387035 -0.03696201544665138 -0.04048925285744207 -0.041542739248258874 -0.04162682664683888 -0.03987655045356057 -0.032523108219332755 -0.027228693889247275 -0.02302387454469724 -0.006703101766230017
0.6391318344167032 -0.022078469531760726 -0.027944446147577406 -0.03452517664247423 -0.03720459283228807 -0.039906675846278154 -0.043130295083408196 -0.04473966611908266 -0.04415362994119694 -0.042801675804536685 -0.03574995138348079 -0.029928743118934453 -0.02629197609521421 -0.008022001710292315
0.6607095314060132 -0.024154703144701774 -0.030344784693765562 -0.03690570865056731 -0.03955060043545893 -0.042325202678422505 -0.045638895236942784 -0.04699131530540721 -0.04675626271263847 -0.045539116366671926 -0.03890633198014987 -0.033161568866986214 -0.029561806414407928 -0.010880200645518104
0.6814079125831276 -0.025953066441353756 -0.032272385373791186 -0.03927038562573203 -0.04202471504635748 -0.044950681647982896 -0.048372028462913684 -0.049835296946769476 -0.04973717110801687 -0.04818598933521592 -0.04185234267134575 -0.03572117728308334 -0.03240092020106397 -0.013418024368116703
0.7011739337876491 -0.027907424879450946 -0.03427835470532988 -0.04159458934774101 -0.04425319749420548 -0.047098209670142915 -0.05069101594662136 -0.052185932727736195 -0.05214547400846732 -0.050148377340723485 -0.0446927357058596 -0.038229085897135556 -0.03435775438207402 -0.016866519855783687
0.7200169075376628 -0.029871704448869708 -0.0364190681224002 -0.043394416626776455 -0.04619773929092713 -0.049163515668799736 -0.0528129840969894 -0.05486647857863434 -0.05502724902437936 -0.05287512463924214 -0.047531325649360065 -0.04082758235370185 -0.03697490440103158 -0.019382227767979886
0.738036831696106 -0.03151140842412391 -0.03833940093105642 -0.04566996879443931 -0.048211655674334455 -0.051335276741677364 -0.054667212665720735 -0.05689046332475989 -0.05712063817365371 -0.0553462974214149 -0.05045181450409272 -0.04376281432608097 -0.04035873425025777 -0.022375997752436958
0.7553538592459303 -0.03336580136175713 -0.04011516805799622 -0.04758995051170098 -0.05036350568738458 -0.05330405407389304 -0.05698599294953565 -0.05859093057662292 -0.05924344443734342 -0.05814959143781402 -0.05378882009644327 -0.04680866656850541 -0.04288543580316904 -0.023991715009193823
0.7719752573452046 -0.03505048114405482 -0.04160870777669443 -0.04931183285876374 -0.05210876004028966 -0.055275691655284974 -0.059043717236632626 -0.061312893387521154 -0.06123285455283966 -0.06150390507696863 -0.05584492300105363 -0.050235558288764255 -0.04594727810298456 -0.02566892648466185
0.7880580256995173 -0.03692043454827637 -0.04342642379611988 -0.050718528893251034 -0.05359075909620596 -0.05697369704462151 -0.06091854758105735 -0.06291156501665109 -0.06341799905197483 -0.0632682614095375 -0.05813930406159739 -0.05345868853795685 -0.048300260963683624 -0.028890788818470042
0.8035585151464718 -0.03869080639022762 -0.04501041680621163 -0.052388233830331365 -0.05488462365039886 -0.05811290993770367 -0.06245040756399425 -0.06483040048535167 -0.06539568390498099 -0.06507444189272414 -0.06076417088218234 -0.05525433349681895 -0.05058082129514163 -0.03238219686177438
0.8184892736532065 -0.040155312750884145 -0.04634979694507982 -0.053733543987741335 -0.05649301595397515 -0.05945326419181587 -0.06408418322329483 -0.06612174330003391 -0.06739423079194194 -0.06720832823095356 -0.06405084280221958 -0.0584266496474111 -0.05449037364788783 -0.034629259281206505
0.8329814092684578 -0.04198966731923935 -0.04774516322812074 -0.055083987294855134 -0.057752852553378864 -0.060741030312861995 -0.06531522575625053 -0.06799771169927898 -0.06946943536708522 -0.0691083966011817 -0.06697600475081002 -0.06167321670147297 -0.05803932228305609 -0.03543504127797003
0.8469553880415254 -0.0434866676126396 -0.04915559841336509 -0.05608593082340897 -0.05851139280421287 -0.06197477320686118 -0.06683388825178396 -0.06896942039193117 -0.07063679141524544 -0.07035785473796287 -0.06941484334011436 -0.0644696345946683 -0.060202439583745125 -0.0375616753686296
0.8605031972275132 -0.04467566201214557 -0.05041539982152085 -0.05737417048287808 -0.05983777642073854 -0.06279021349454082 -0.06811814978367713 -0.07032505942127826 -0.07279650445130163 -0.07319764183872836 -0.07157320620864957 -0.06618732359347415 -0.062208942621662495 -0.041076027259605255
0.8736547874260656 -0.0459154593987033 -0.05153243374126801 -0.05824207405455603 -0.06067572098392628 -0.06341716261221952 -0.06932075544666295 -0.07121493265913492 -0.07396127181838692 -0.07471048324509373 -0.0739929597073812 -0.06903147905403563 -0.06363872489830973 -0.045728712600103895
0.8863869507557498 -0.04742650932480375 -0.052677073033111206 -0.059190953288082514 -0.06151292435225846 -0.06438448166577476 -0.06999385245114202 -0.07240517098429049 -0.07530920867234209 -0.07574895998427177 -0.07579989626293379 -0.07130367054546206 -0.06554622955548291 -0.04779027758465873
0.8987671204957042 -0.048492789231651734 -0.05359699317828698 -0.060269227391970596 -0.06251079479726397 -0.06517800154621262 -0.07050987344657773 -0.07338363009798109 -0.0761915925648107 -0.0769548886743736 -0.07731567518722464 -0.07305945876409255 -0.06756630666675167 -0.050346797715635175
0.9108142545532687 -0.049559846478309716 -0.054157812289827245 -0.06068820647190159 -0.06289396235436423 -0.06585538649438835 -0.07125380054682706 -0.07450263533030412 -0.07712107445794594 -0.07840250402714867 -0.07955690440764822 -0.07508090511102013 -0.06918505325948937 -0.052034439703722936
0.9225232118594044 -0.050597504899552434 -0.055128900854152535 -0.06147075168731411 -0.06330394501450166 -0.0663777263117897 -0.07175433463999618 -0.07492399383845157 -0.07823244315662937 -0.07929147080777482 -0.08106906353316867 -0.07701256264008266 -0.0718464103138025 -0.053212135451320974
0.9339345718121799 -0.051595114742576866 -0.05550675455591655 -0.06182568443934803 -0.06368475721108252 -0.06673543631438406 -0.0724846814636084 -0.07529325254725779 -0.07895811515903528 -0.08075423719644337 -0.08220499379812794 -0.07885226611042753 -0.07433172080422544 -0.05536107924482636
0.9450784461238726 -0.052347166580140304 -0.05612722463090874 -0.06228166682136408 -0.0641872796388272 -0.06719097424880821 -0.07313565380409706 -0.0757054158399199 -0.07982752718768031 -0.08206532117089528 -0.08404541618120626 -0.08101582261271824 -0.0767641472496721 -0.05726337190679462
0.9559361026737184 -0.053345007002194716 -0.05668343531533847 -0.06258009375761399 -0.06451251237443273 -0.06750973830226388 -0.07351362829791662 -0.07658520966993626 -0.08019844958858137 -0.08278005892745244 -0.08420940178170663 -0.08280603569891787 -0.07785004296184077 -0.05939462583214227
0.966497121853245 -0.054208405980802496 -0.05704017592330947 -0.0629138537523499 -0.06465723644057163 -0.06743774391012868 -0.07369750025999519 -0.07704654424894412 -0.08057177289654106 -0.08372667805936627 -0.08545491122141877 -0.08443834811477718 -0.07990747177257652 -0.06242401487393654
0.9768251637835398 -0.054768546604500666 -0.057509511099158854 -0.06328114317634022 -0.06484082176452335 -0.06781715734473141 -0.07401156392139671 -0.07718750634191365 -0.08118567636086901 -0.08387030565459146 -0.08648407800977564 -0.08639795556656837 -0.0813250437451742 -0.06375762344566674
0.9869173150016206 -0.05528711770610029 -0.057804126002740694 -0.06332752744516261 -0.06495408315308825 -0.0679142985249803 -0.0742024373249951 -0.07741097775265529 -0.08138548658243294 -0.08470203750805572 -0.08783348800427879 -0.08815872989128165 -0.08280407193436394 -0.06532086733014612
0.9967692536090755 -0.055669064466781486 -0.057813838665772825 -0.06333992452184332 -0.06490948469155335 -0.06774254301202033 -0.07406349480395735 -0.0778764079785807 -0.08229785243652714 -0.08534973570331011 -0.08832299085303845 -0.08959900047398683 -0.0843854920593403 -0.06747256958550606
1.0064096910452613 -0.05594514172690356 -0.05812508272964102 -0.063240668381497 -0.06502097133299511 -0.06777669945498477 -0.07419878735034904 -0.07784355801284785 -0.08234526407440484 -0.08552889188533215 -0.08890678084930251 -0.0898567790539193 -0.0864224010492094 -0.06953372477597822
1.0158425086027745 -0.05653112031359023 -0.058254732087309795 -0.063257988170253 -0.06480821703711556 -0.06760708503680281 -0.074456327714058 -0.0777941282408505 -0.08249287556565796 -0.08594710046088753 -0.08990362862527405 -0.09113468823777829 -0.08698349471364467 -0.07051112617494326
1.0250743447019248 -0.05677618533325272 -0.058085801489305255 -0.06293409690526887 -0.06473957480501322 -0.06785017895364517 -0.07439744092237059 -0.07833248302260566 -0.08270651230335603 -0.08586745777977224 -0.0907011603110237 -0.09150638591509418 -0.08740867530126921 -0.0736255762709099
1.0341074872285647 -0.05679616787291257 -0.05810988877713207 -0.0627893910101862 -0.06455717767979013 -0.067371238181372 -0.07412628103738678 -0.07813989982487445 -0.08270643742074246 -0.08620545362798727 -0.09140942065847063 -0.09286567063849703 -0.08999260223799903 -0.07552490453043227
1.0429481786249806 -0.05713826286436406 -0.05801945327899344 -0.06271653727094216 -0.06422203042304576 -0.06754498635674282 -0.07376548082135474 -0.07789213008190171 -0.08274278628985907 -0.08651350480504288 -0.09130474218507025 -0.09371643896647522 -0.09110429200136184 -0.07672739937679586
1.0516240228668745 -0.0572096515624455 -0.057833089079719714 -0.06244086266682514 -0.06381440262593893 -0.06713041014451696 -0.07359207559386434 -0.07765619783252825 -0.08320859998147397 -0.08650524220602933 -0.0911501876929106 -0.09527081637989845 -0.09292487265731988 -0.07839244622463952
1.0601475864275567 -0.057164359645555274 -0.057791215819383145 -0.06211360938010314 -0.06362497080017733 -0.06687143506272632 -0.07354068765379917 -0.07740070303748876 -0.08267773308965513 -0.08717972240021718 -0.09227973613575816 -0.09518500022187351 -0.09352077450200312 -0.07958315151874842
1.0684992943093206 -0.057332789986298004 -0.05753830630381495 -0.061606184372992326 -0.06288411894858152 -0.06653221117306259 -0.07351148385863843 -0.07716255147780376 -0.0829490659816878 -0.0869001422245376 -0.09193012509969616 -0.09568053292191407 -0.09477693328307209 -0.08049136082659218
1.076693426222189 -0.057316897185523574 -0.05718485013940656 -0.06145047621363494 -0.06277507786317033 -0.06625254159535902 -0.07282983450780851 -0.07686713702942734 -0.08250116753193876 -0.08708230438606826 -0.09195289725334997 -0.09622256722912005 -0.09642275812360458 -0.08258150308486
1.0847265815278593 -0.05714963579480889 -0.056879456856735275 -0.06071837787355279 -0.062443936091373116 -0.0658322713472775 -0.07245699529616653 -0.07680553360863505 -0.08300313802304923 -0.0866365718302494 -0.09247160757485763 -0.09656314579427884 -0.09705016136833738 -0.08457797699771887
1.092611315908724 -0.05711288693338217 -0.056588972049628976 -0.06017143098381947 -0.06188958843218193 -0.06536852655531755 -0.0724545957860291 -0.07647746729211247 -0.08212247804992388 -0.086174658302935 -0.09266669817222202 -0.09764576407991012 -0.09905662360257522 -0.08412002647507574
1.1003649530380093 -0.05701581768493048 -0.056165890022503 -0.06011423945083286 -0.0614452105869032 -0.06483311001669229 -0.07151043880878659 -0.07602391502969653 -0.0820025897256815 -0.08602745138155665 -0.09315435646979706 -0.09867191060017551 -0.09896175518672429 -0.08517605782962706
1.1079764386795177 -0.0566898698730813 -0.05598037073712962 -0.059626902349367794 -0.0611183502440887 -0.06446338989752433 -0.071625663223148 -0.07632308385481917 -0.08210373848425391 -0.08626015251596308 -0.09331419745985894 -0.09869174688212494 -0.10097425774965757 -0.08669463599065412
1.1154529506107247 -0.056662954497584614 -0.05575935925855846 -0.059133408292534315 -0.06065413581415851 -0.06354893435537896 -0.07073680941531504 -0.07615329153405596 -0.0819215044591895 -0.08580546800554854 -0.09383907328317104 -0.09958643793150798 -0.10191554835638744 -0.08737000371586609
1.1228032822360219 -0.05639625966804737 -0.05531082356686718 -0.058606735884317154 -0.06007471293655501 -0.06307181686314496 -0.07040825739994018 -0.07566492159492369 -0.08171853639844415 -0.08569895286711876 -0.09383569499521341 -0.10031366777948968 -0.10283666901611149 -0.08765855523120183
1.1300329730313434 -0.05617683656869334 -0.05504646011217463 -0.05825062417773083 -0.05969520874644194 -0.06231228837043741 -0.06984367183315242 -0.0752568273093096 -0.08153505535422455 -0.08569182787864375 -0.09341770271092088 -0.10026219602986053 -0.10327206594500016 -0.08935900743540823
1.1371523904354222 -0.05589225709668002 -0.05447531300750946 -0.05765689630255613 -0.0592520881428565 -0.061866230207327684 -0.0693845560049554 -0.07516210837881528 -0.08083781029895817 -0.08516754343602555 -0.09339019967248322 -0.10092287865894628 -0.10286395836948878 -0.09094340177235619
1.1441596736138082 -0.05551980415670721 -0.054194499772070706 -0.056940980329129885 -0.05874778132279958 -0.06151783514990048 -0.06882124128704532 -0.0742515707334646 -0.08106131249073102 -0.08513466447911919 -0.09413508279683888 -0.10137407691784207 -0.10385977123202496 -0.09123904033057302
1.1510471996875815 -0.05520537489447634 -0.05372893431813017 -0.05670874019886997 -0.05866100660601394 -0.06103137113428088 -0.06839267372442667 -0.07375770072668274 -0.08019200857937604 -0.08486700246218594 -0.094582129436879 -0.10106469242439149 -0.10500707776588522 -0.09157282563855448
1.1578198292210442 -0.05519892123019248 -0.05308945712066783 -0.056078316645823446 -0.05802239547061359 -0.06018905703956164 -0.06777241386774846 -0.07345432239392975 -0.0795957258624957 -0.08490657725602829 -0.09430909567414678 -0.10120218260342354 -0.1043524572785866 -0.09236179926140645
1.1644945015309025 -0.05484125324936489 -0.05260302634801777 -0.05529807343655858 -0.05750477741640988 -0.05944354939147499 -0.06739491245167709 -0.07296500890606833 -0.07960191644952254 -0.08442520281094822 -0.09413570483685779 -0.1015072968779808 -0.10424587603953112 -0.0929474773371638
1.171074990476717 -0.05457124246747347 -0.0521321686298791 -0.054486972134443215 -0.05668040299380646 -0.058841051450460057 -0.06709925593926885 -0.07234624162292747 -0.07908031358776223 -0.0840827015305037 -0.0942751377566412 -0.10112962994601574 -0.104559066198137 -0.09347369151879552
1.177557334638641 -0.05402281876498556 -0.051565951081709936 -0.05428081044462842 -0.056187339399786256 -0.05837116895820689 -0.06620090729356556 -0.07143630204712641 -0.07810523095024657 -0.0834320388390024 -0.09407005929502098 -0.10151501387106678 -0.10477626768587303 -0.09338242348528895
1.1839404224036076 -0.053743444490656246 -0.051142755768539175 -0.053720689195180686 -0.055503866108290834 -0.05807850470750835 -0.06548666437382103 -0.07094852563350945 -0.07762681685285155 -0.08278615951868364 -0.09311145085986594 -0.10172725074223361 -0.10484281529343617 -0.09480117464240694
1.1902189413547215 -0.05316357166739461 -0.05067760793019121 -0.05325480449085026 -0.055250532722043784 -0.057294970371248394 -0.06466675198554073 -0.07082000324070056 -0.0770393520866062 -0.08289994169568711 -0.09313863401253002 -0.10096497161457853 -0.10515254461201315 -0.09537203903554516
1.1964173125790905 -0.052889241624187906 -0.05027020951324857 -0.05258449422007894 -0.05439146118938188 -0.05655282148152914 -0.06417429906551518 -0.07027340147353746 -0.07665213784962634 -0.08194988766205143 -0.09378071823353015 -0.1005654724401045 -0.10546899762582684 -0.09612919386524087
1.2025369062030475 -0.05245840480090404 -0.04979727264700623 -0.05195661105064045 -0.05360251388103301 -0.056375909572066916 -0.06333956249781934 -0.07002233007935627 -0.07606010846856 -0.0817172131006136 -0.0941548516511033 -0.10037208091399624 -0.10493892341680658 -0.09589178512178229
1.2085591984406359 -0.05222275383586074 -0.049380672781690886 -0.05114134679557386 -0.052825419848544004 -0.05583202040181448 -0.06264022525633534 -0.06921169784105759 -0.07585141117896316 -0.08133643486837017 -0.09369084553209503 -0.1009032051412224 -0.1041218861619142 -0.09647475321007185
1.2145014308837672 -0.05170836591184148 -0.04872223315595041 -0.05062299964481816 -0.05226069680148084 -0.05500061270162522 -0.06151312487304862 -0.06837695867226934 -0.0751085941144042 -0.08097767251153404 -0.09327517693453884 -0.10025751068906766 -0.1041248990331383 -0.09704890286953524
1.2203742764648835 -0.051305228266642744 -0.0481552522131362 -0.05017906629948147 -0.05174672559834277 -0.05398396455557094 -0.06093731464938514 -0.06797342394906596 -0.07481044062672769 -0.08031517649967077 -0.09287987758035945 -0.09980041715055664 -0.10463428891689602 -0.09854505968451667
1.2261634952508487 -0.05090594989675534 -0.0477352659910044 -0.049982595606800885 -0.05101840292478952 -0.05341637688803218 -0.06062266060622586 -0.0670794072624555 -0.07411459391795971 -0.07952765372537546 -0.09275123639849853 -0.0995878261853626 -0.10351993226159907 -0.09966645798613989
1.2318694092668492 -0.05061967083722223 -0.047177139759128926 -0.04946013486738279 -0.05047930462511422 -0.05286488169725149 -0.06027802339428335 -0.06632882770400854 -0.07330859972641815 -0.07842310692097763 -0.09194613452810953 -0.09903778394836615 -0.10370375894126209 -0.09930541412289322
1.2375080029598597 -0.05012565574146774 -0.04659884129681448 -0.04872167353677412 -0.049614038973324476 -0.05245537832516526 -0.05894793736013452 -0.0659281430320452 -0.07210205799578753 -0.0784520433416135 -0.09149964492686997 -0.09805289620776422 -0.10347936254401326 -0.09966945181086108
1.2430731128638788 -0.04974043874381728 -0.04615755400241628 -0.04806134931839546 -0.04931138869641219 -0.051705777330030636 -0.057917187646397486 -0.06523905668949112 -0.07139620981356339 -0.07749166982794761 -0.09142785906030267 -0.09730278419491364 -0.10300302581298025 -0.10057516204535341
1.2485648943737966 -0.04909525168773669 -0.04602182024830627 -0.047436219470296345 -0.048777946805933885 -0.05075118584996404 -0.057332633020911856 -0.06510471279723386 -0.0709821661365438 -0.07633774511598472 -0.09164307801007321 -0.096637136620854 -0.10361390224006009 -0.10178641584510104
1.2539912220518645 -0.048777404112039395 -0.04538330121626611 -0.046789773461636194 -0.04825575537994273 -0.050445987412475274 -0.05622314686876401 -0.06394364932105005 -0.07062636339768477 -0.07590701937378896 -0.09222638741614002 -0.09695284588643038 -0.102832280618452 -0.10202429851307115
1.2593501126475255 -0.04855666480599771 -0.04481324456178462 -0.04636491980393092 -0.04726958989158448 -0.04955854680065514 -0.056074398482152614 -0.06407218694864728 -0.0698874092729891 -0.07543389090738589 -0.09153708208102902 -0.0962994266331485 -0.10218892910163849 -0.10199100207150102
1.2646446776080178 -0.0482340889289388 -0.044385354906629745 -0.045758567528589235 -0.04673603674564761 -0.048797447967971336 -0.05494988911455849 -0.06332095408257118 -0.06932894354534923 -0.07521014968601955 -0.09116195129430962 -0.09625175623191266 -0.10168428645087924 -0.10288468251046425
1.2698738652153112 -0.04783215997085876 -0.04411245602163012 -0.04526838308232788 -0.04600482090007968 -0.048573986991986354 -0.05426443925437468 -0.06243282044376628 -0.0688093016438865 -0.07501552547245623 -0.0903755589802412 -0.09644203036852236 -0.10159646059933347 -0.10295908137421672
1.2750361618643986 -0.047545361189827336 -0.04360193750205457 -0.044438948152369435 -0.045162729979426545 -0.04786414718395774 -0.053845652361976325 -0.06202927556208729 -0.06743560671894053 -0.07415476277200736 -0.09008251085155085 -0.0958478302157619 -0.10205585808721107 -0.10482647272672854
1.2801391246749505 -0.047062593884993516 -0.043012055090933234 -0.04398772383880021 -0.044812262748689095 -0.04692466004701252 -0.053016025722599155 -0.061308650454498986 -0.0670936387880923 -0.07322489887246987 -0.08989111433260184 -0.09483384697725217 -0.10153063408571181 -0.10528278130388993
1.285191564005013 -0.046536806079407474 -0.04251558865371147 -0.043375469069459584 -0.04416724692441321 -0.04625401107193599 -0.05220163419839512 -0.06080633348278355 -0.06629088464049368 -0.07270284948347325 -0.08899052584497638 -0.09469234012900793 -0.10066308405721361 -0.1054049659584603
1.2901842008563347 -0.04589195097819952 -0.0424457367025154 -0.04310275953585011 -0.04322708042592122 -0.04540180539748748 -0.051445775129089176 -0.05985377325240793 -0.0656833437001551 -0.07202638315440163 -0.08867978352140252 -0.09459475660083703 -0.10118000863012747 -0.10647792669625163
1.2951143144312787 -0.045551419089584294 -0.041877720351868736 -0.04257626004092762 -0.043078822855751465 -0.044896534739365515 -0.05058409391027796 -0.05909067669110182 -0.06513209875489591 -0.07141124512393239 -0.0880616848404662 -0.09385628325174517 -0.10154218402663436 -0.10652918903382184
1.2999947159144205 -0.04510020809456729 -0.041090758283943055 -0.04191818482343226 -0.04213866967589235 -0.04400986045438145 -0.04990116565059731 -0.058922924686689596 -0.06494014147885711 -0.07091275991766553 -0.08752079468744986 -0.09411957185671459 -0.1009710801714946 -0.10614613930834522
1.3048170139904072 -0.04461612200921845 -0.040854699444248486 -0.041337424862753235 -0.0413284610330414 -0.042892725512015756 -0.049549836551713425 -0.05783231181863715 -0.0636670653608929 -0.07006184101991648 -0.08616283213708358 -0.09330008057826703 -0.10055019402430822 -0.10729436437740925
1.3095842332621557 -0.04430800870630645 -0.04048602408963648 -0.040774249680334836 -0.04056085032064045 -0.04304057824987336 -0.048847762601378526 -0.056842638200332134 -0.06277343482283355 -0.06871160032380473 -0.08574959026435461 -0.09304170611014798 -0.10037160508642227 -0.10734815593333911
1.3143044780089208 -0.04417263246972056 -0.039593162279757815 -0.04040691717040236 -0.04027200733485412 -0.04216111287327834 -0.048053917466484485 -0.05663628641333212 -0.06273530960498366 -0.06836701582637844 -0.08538245660268097 -0.09207564258942694 -0.09980287114049623 -0.10730024341485897
1.3189701601422796 -0.04360670443933343 -0.03924388424540473 -0.039787802785538236 -0.04014226762105939 -0.041737444445586004 -0.04718938373495302 -0.055937707601599176 -0.06203979124429334 -0.06801545730795501 -0.08454180174147102 -0.09286656486856258 -0.09881609272864521 -0.10753169067291322
1.323589923064742 -0.04343202374477871 -0.038578779492251955 -0.03906613582720942 -0.03921763118830696 -0.041114167694344804 -0.046588915234718246 -0.05526452173416418 -0.06139001366122406 -0.06724282274982547 -0.08439601999621456 -0.0929355526417158 -0.09847848847574442 -0.10756477458251464
1.3281603304339265 -0.04279470801822757 -0.03815134855301926 -0.03834196120122707 -0.038144190847473745 -0.040376130943016085 -0.045746391068972804 -0.05432020362849545 -0.06073317120432739 -0.06658562517391005 -0.08370624138053921 -0.0920424158050352 -0.09774189628436902 -0.10752570922894797
1.332679800930189 -0.04258220225175479 -0.03772706243994982 -0.03804450362755807 -0.037155414275050404 -0.03957137305254299 -0.04502890292316177 -0.05366286176913861 -0.059891114907885075 -0.06594114434091682 -0.08318411018586838 -0.09091758684729341 -0.09856914237559199 -0.10680459889965065
1.3371531028900965 -0.04204839949899147 -0.03754653397423414 -0.03745659261922481 -0.03640960546044466 -0.03883286755489143 -0.04414763176106939 -0.053116207986032025 -0.058645431067318184 -0.06534568784928547 -0.08299452670883202 -0.09053889049531458 -0.09729672354093251 -0.10744855330596108
1.3415845741892947 -0.04176339505872781 -0.036873795305040064 -0.036925355794821625 -0.035489184043666244 -0.038337753863022274 -0.04368744008472555 -0.052360758695285024 -0.05784306769750027 -0.0644154834246961 -0.08226329850233442 -0.0893664795796673 -0.09698459656152814 -0.1076530697330775
1.3459689211369008 -0.041364315760287755 -0.0364905100426771 -0.03641700741262534 -0.0350807081306307 -0.037747523528653126 -0.04299926001403621 -0.05167225461612414 -0.057603806581361564 -0.06384048737864625 -0.08083595932255724 -0.08964776187861734 -0.09658473428294663 -0.10918145301906593
1.3503044933611406 -0.04092954648708291 -0.03592422681071212 -0.03596047858348002 -0.03434199581195357 -0.03709015888876646 -0.04231535046646957 -0.05113002080137794 -0.05661542903433046 -0.06282753991077933 -0.08086263026729322 -0.08908527891215011 -0.0956351327620579 -0.10961441368291068
1.3546062092862714 -0.04051789469800639 -0.035518430360276666 -0.0357640651893628 -0.033851839485971764 -0.03637875861842473 -0.04159782936766732 -0.04998842619967735 -0.05580138806810663 -0.06234116279472631 -0.0794500332476173 -0.08821783229387195 -0.09466263819178071 -0.10943670624186323
1.3588660714867766 -0.04045469509382453 -0.0351084459334067 -0.035034536103730606 -0.033462356105297915 -0.03550716068536811 -0.04084087567261687 -0.049567648134581484 -0.05511376273362571 -0.06168368030986397 -0.07872036585470749 -0.08777167095969367 -0.09491778402600955 -0.10931291803735983
1.3630759683572715 -0.03995822519765681 -0.03460829435027595 -0.0344612234954394 -0.032566700279670194 -0.034732915254148296 -0.040049009676558556 -0.0484164136489175 -0.05492664706634408 -0.06061789149601093 -0.07710665976134039 -0.08707746182160754 -0.09466880292599936 -0.10888390702905741
1.3672487049077087 -0.03923403817000853 -0.033946760897279424 -0.03382360433553266 -0.03166908004986306 -0.034309157291725303 -0.039313533974406845 -0.04763517890222239 -0.05370357045521692 -0.05974934675778661 -0.07654328993680355 -0.08683080361802324 -0.094410924472508 -0.10837058291577074
1.3713863544823872 -0.03879396544418319 -0.033703422443495154 -0.0330012469759549 -0.03145622466375236 -0.03376392635198254 -0.03835564751887461 -0.04722796681070283 -0.053015278752045925 -0.059195001722126314 -0.07556003014299043 -0.08607967300477011 -0.09288864397157828 -0.10789815253327346
1.3754809247677426 -0.03838733385894293 -0.03307620403878992 -0.03233481539646555 -0.03089024331656789 -0.03327749446302137 -0.03733961378997156 -0.046693172120537016 -0.051456395191702475 -0.058494314455114216 -0.07478721004854492 -0.08491952663499686 -0.09250754437156755 -0.10806065000612684
1.3795380292323511 -0.038221551679942595 -0.032724822620963566 -0.0320026880112734 -0.030080162733365088 -0.03267800349482657 -0.037141067586856515 -0.046012522117908246 -0.05061529257395267 -0.0575017293412804 -0.07412498150659759 -0.08456039827364216 -0.09225638657724756 -0.10808310186201893
1.3835583979744523 -0.037787598564758856 -0.032282174952049394 -0.03140936990113743 -0.029626451231397927 -0.031831837986346014 -0.03607612853504608 -0.045241736112056695 -0.05054514148830722 -0.05689337069356647 -0.07340054629695669 -0.08367470637769193 -0.09190947927635452 -0.10757110149846245
1.3875404365420723 -0.037014408917457615 -0.031933815269304076 -0.030604358817565985 -0.02862236543430393 -0.030902029467841697 -0.03543375272976797 -0.0441111745771063 -0.049282853643513085 -0.0566125818620614 -0.07309087321650352 -0.0832568976979015 -0.09251975441851366 -0.10768523432270076
1.3914855861168154 -0.03669005579112475 -0.03140016077436466 -0.029980406544413155 -0.0280515789783936 -0.03029265066881745 -0.03489415222566879 -0.04362629323526048 -0.048651540847572325 -0.05616815096549571 -0.07249954531208777 -0.08271475410916708 -0.09194349456651786 -0.10654607056174467
1.3953961442354934 -0.036630585121674754 -0.030903412710893273 -0.029762382198918424 -0.027198327861152727 -0.029486993701274018 -0.033624214271723546 -0.04251192061207493 -0.04749699654707189 -0.05488554510119617 -0.0715431807099277 -0.08170589409456835 -0.09151383651297726 -0.10581079470014441
1.39927267907078 -0.035986887213934546 -0.030607961658562947 -0.02866711986273964 -0.026678582170748446 -0.029206647796792218 -0.032920269931792104 -0.04217940990611827 -0.04651548581075952 -0.05360829978420175 -0.07057212165212165 -0.08192361785647821 -0.09210829955447773 -0.10648125854887901
1.4031154672507051 -0.035637194783758604 -0.029970925579768833 -0.028511644752410224 -0.026206650956826637 -0.02879483168782248 -0.03199134023941741 -0.04136218384981445 -0.04629776083575629 -0.05353206348303468 -0.06984792246508609 -0.08144077367885875 -0.09132459537915036 -0.10539279566576355
1.406922785616974 -0.03559824751273473 -0.029613204575444106 -0.027474252603087248 -0.02539954890198809 -0.027567415815035377 -0.031082872060570015 -0.04086831207732357 -0.04544097768309715 -0.05229771486347462 -0.06911913742533443 -0.0797573798215954 -0.09174581703633364 -0.10445621550563977
1.4106943124751081 -0.034878140524308675 -0.029028736397720127 -0.026698170087935347 -0.024906701007514503 -0.02682958610130771 -0.030307821123786122 -0.04018966031922784 -0.04399058556781206 -0.05146559792040396 -0.06795345213702741 -0.07894335092590173 -0.09182810472279196 -0.10364615260039424
1.4144360544168433 -0.03471842444974249 -0.028444690869503315 -0.025894375989252337 -0.023867145828306218 -0.02641970673403647 -0.03026232930306975 -0.03950764624484818 -0.04316968272772479 -0.050818288385644096 -0.06710337029189212 -0.07836215991227065 -0.09129956112042205 -0.10434642722081092
1.4181479529355294 -0.034271874618151975 -0.028123876461884596 -0.025382522857035475 -0.0232425161354947 -0.02546354332102708 -0.02912066189949593 -0.03857085617726497 -0.04313610347664209 -0.050491209019230994 -0.06598921630730861 -0.07819434593917583 -0.09091371556237968 -0.10524972763687655
1.4218291268561662 -0.033565979327511264 -0.02794428441899675 -0.024448712345564953 -0.02234470861032724 -0.024758812837211115 -0.028188356288564368 -0.03803154254125402 -0.04239465060237451 -0.05026092606156088 -0.06461631016559147 -0.07682380096196566 -0.0902097741716139 -0.10434037098539631
1.4254781890397938 -0.03319126793181573 -0.027298113868461156 -0.023960837458816088 -0.02126279074730466 -0.02401474547213251 -0.02760703480357121 -0.03719834140777109 -0.041376300564304816 -0.04903343278825988 -0.06417127637483751 -0.07581902341402176 -0.09007682793411287 -0.10474358210493777
1.4290951151855071 -0.03289650096537595 -0.02693924024707188 -0.023325002541049352 -0.020845370004385806 -0.023492226672020923 -0.02710374015430623 -0.036237402749781496 -0.041380135833872816 -0.0481597093498572 -0.06211398633380949 -0.07530262841155101 -0.08995493854627803 -0.10387803068157148
1.432683710167647 -0.03256855195335691 -0.02655247904143582 -0.022841180685399393 -0.020541614179297278 -0.022931662072099995 -0.026301623037094754 -0.03556467327252931 -0.040620862737104475 -0.04711486786898163 -0.06174140515107215 -0.0747912634380565 -0.08899807496702827 -0.10401163214441843
1.436241501102283 -0.03208020518253028 -0.02590097997874305 -0.02225193867023299 -0.019537679623116685 -0.02171061521165188 -0.02532006972272549 -0.03479608434070947 -0.03926190531016527 -0.04636650532105411 -0.06087979131525342 -0.07487933023305614 -0.08889589009181303 -0.10425529468157571
1.4397713794671463 -0.03190016580519826 -0.025366088051539375 -0.021892461937366423 -0.01918512883180623 -0.021115490976395233 -0.024617203684607614 -0.03378580346476798 -0.038330309566198276 -0.044585341184386874 -0.06037736391798532 -0.07421819851063002 -0.0890091188740335 -0.10332574032767501
1.443273302974668 -0.03156701770753215 -0.02485115410650239 -0.021576387714164345 -0.018646981874898952 -0.020497920076071607 -0.02372598154947393 -0.033302153219756554 -0.03733309016325603 -0.04457104017054489 -0.05945876148545789 -0.07381614904405688 -0.0878963181348044 -0.10312275090354182
1.4467449790706506 -0.03106792239857975 -0.02436855356834811 -0.021049588243620847 -0.017796705536510176 -0.020159977671999667 -0.023027903776698215 -0.03250678753066916 -0.03627211748896111 -0.04352801076394008 -0.058764176577562215 -0.07313643483825927 -0.08766009758380781 -0.10216786278409308
1.4501892104780478 -0.03057987144294842 -0.024150871710908406 -0.020333996401704118 -0.017115235310976907 -0.01903977523710189 -0.022488967540462153 -0.03152080084519683 -0.03560955960779484 -0.04349486486655258 -0.05830427437716701 -0.0719560892604301 -0.08677792556909697 -0.10125851618758117
1.4536061100207271 -0.0301131823251389 -0.023620719788612056 -0.019449206110376954 -0.016725797452490945 -0.018476257929959466 -0.021923707115206127 -0.03133899363392332 -0.033985027701677904 -0.04284993676691149 -0.057793669640037716 -0.07099024263269837 -0.08600718919825771 -0.1006375345829291
1.4569997477317578 -0.029972557560889023 -0.02292650604532975 -0.018820587708464672 -0.01588667490684702 -0.017738506094838794 -0.020949124044432856 -0.030214805168725167 -0.0335964701646779 -0.04187419868234675 -0.056682252585981835 -0.07037848522872486 -0.08530648298970318 -0.10169962244530982
1.460366673112212 -0.02956460796648592 -0.022651565267735558 -0.018288339740874314 -0.015122804254919195 -0.016878866278085405 -0.02017186754334403 -0.029506542311176533 -0.0327553094017683 -0.04108088550975057 -0.055742576871972774 -0.06984808207049358 -0.08542294537678743 -0.1005944556246546
1.4637058159791991 -0.02933726697725047 -0.022352075217992724 -0.017338267161928374 -0.014318910614199494 -0.015821116262157153 -0.019489745683875705 -0.028405457503888436 -0.032065141177876885 -0.040361468898033576 -0.05466190889016158 -0.06893205669334862 -0.08390957079410868 -0.09998501710161191
1.4670212001838498 -0.028892825255150956 -0.02181904722801185 -0.016764235068026944 -0.013799065813869119 -0.01511759309166656 -0.018669762710240078 -0.027960978060957438 -0.030873186871761625 -0.03913203582921189 -0.053920945774705326 -0.06821431015056921 -0.08324618836849229 -0.09978123653732718
1.470310153647152 -0.028933367101200987 -0.021039010210640776 -0.016254736540493 -0.013401974365740303 -0.014688801497646002 -0.017940985796946883 -0.027336667103955395 -0.030116539837711842 -0.03818733178589513 -0.053516478922197776 -0.06729916493084898 -0.08346333692323084 -0.0991972846346179
1.473572591053132 -0.02806733889603341 -0.020740351475294298 -0.01580577437997741 -0.012542410912523692 -0.01363489186231098 -0.01717906744126986 -0.026441995890863244 -0.028873758146851735 -0.03749883552969638 -0.052765154197359665 -0.06640976057981852 -0.08163535945585583 -0.09828948175041759
1.4768118715690277 -0.02799218385653841 -0.020517370226886423 -0.015336735891991481 -0.012476628625566715 -0.01296051208890142 -0.016148341165132595 -0.0251156619992676 -0.028270689283887453 -0.036372874525914166 -0.05233495685790803 -0.0654951135588626 -0.08123681147677929 -0.09787495446226183
1.4800281548233325 -0.027382508944922727 -0.020280206386928474 -0.01472282106163048 -0.011511930657677914 -0.012404007735252588 -0.01544319639398315 -0.024210604478792717 -0.02728461065768822 -0.03547035571715629 -0.05232382635718749 -0.06457393996533606 -0.08044718430496556 -0.09729462501374297
1.4832215411269856 -0.026974522679955617 -0.01970511433668686 -0.014207424457986128 -0.01056042257033014 -0.011895075772593891 -0.014993343698898771 -0.023327909594543644 -0.026252181125015824 -0.034474506492569765 -0.05092411450398832 -0.0646455340408979 -0.08000937596913243 -0.09683965181988698
1.4863922722005989 -0.026390703477551097 -0.01920366779578988 -0.01345833411364338 -0.010070285523251546 -0.010884356293638413 -0.013741655995331392 -0.02258173776768562 -0.025071683240623945 -0.03337545653088998 -0.04988776840198291 -0.06402181552846235 -0.07905990159196125 -0.09702305874123202
1.4895387027681253 -0.02608168567647306 -0.01850967704524021 -0.013048497416083037 -0.009158307234081434 -0.010046938678862524 -0.013028623080154587 -0.02171808493575286 -0.023917756102233484 -0.03280336876098331 -0.04960459427499193 -0.06355103570943932 -0.07908317062682789 -0.09693889555751885
1.4913616938342726 -0.02527178394247425 -0.018128017338203017 -0.01284631836250501 -0.008751539733237952 -0.01035977952772539 -0.012677976945336332 -0.022176387458020162 -0.024798320307775006 -0.033004965088488054 -0.04839807632173987 -0.06260485399498392 -0.07823165985905986 -0.09903464356353428
1.5026686036679733 -0.02374403335319906 -0.016456341250994353 -0.010743724533200699 -0.006321452163572508 -0.007879371783786534 -0.009902453611334905 -0.01943886281942829 -0.021739149251729713 -0.030077169878006346 -0.045246259144803194 -0.05987969899178924 -0.0760725058529708 -0.09791416012340388
1.5139755135016741 -0.022180632793327153 -0.014751797865158086 -0.008599121340120728 -0.0038405242391036844 -0.005347360120756242 -0.007066463530705926 -0.01663563461232899 -0.01860149730123347 -0.027071748575035 -0.041992193091434676 -0.057059708509653646 -0.07382488640188353 -0.09670937726756085
1.5252824233353748 -0.020581582262858594 -0.013014387180694304 -0.006412508783265188 -0.0013087559598315857 -0.00276374453863462 -0.004170006703449514 -0.013766702836722391 -0.015385364456286427 -0.02398870117957417 -0.03863587816163448 -0.05414488254857726 -0.07148880150579817 -0.09542029499600527
1.5365893331690756 -0.01894688176179332 -0.011244109197602926 -0.00418388686263399 0.001273852674243894 -0.0001285250374215563 -0.0012130831295655547 -0.010832067492608361 -0.012090750716888438 -0.02082802769162372 -0.03517731435540246 -0.05113522110855995 -0.0690642511647146 -0.09404691330873705
1.5478962430027763 -0.017276531290131403 -0.009440963915884027 -0.0019132555782272256 0.0039073016631226455 0.002558298382882832 0.0018043071909458405 -0.00783172857998703 -0.008717656083039642 -0.017589728111183776 -0.03161650167273876 -0.04803072418960183 -0.06655123537863293 -0.09258923220575632
1.559203152836477 -0.015570530847872788 -0.007604951335537576 0.0003993850699551514 0.0065915910068047295 0.005296725722278611 0.004882164258084722 -0.004765686098858336 -0.005266080554739969 -0.014273802438254279 -0.0279534401136433 -0.04483139179170287 -0.0639497541475531 -0.091047251687063
1.5705100626701778 -0.013828880435017468 -0.005736071456563525 0.0027540350819131865 0.009326720705290193 0.00808675698076582 0.008020488071851156 -0.0016339400492222135 -0.0017360241319893596 -0.010880250672835157 -0.024188129678116004 -0.041537223914862975 -0.061259807471475074 -0.08942097175265706
1.5818169725038784 -0.012051580051565501 -0.0038343242789619612 0.005150694457646786 0.012112690758578923 0.010928392158344357 0.011219278632245016 0.0015635095689211995 0.0018725131852120672 -0.007409072814926546 -0.02032057036615704 -0.038148220559082284 -0.058481395350398944 -0.08771039240253856
1.5931238823375793 -0.01023862969751681 -0.0018997098027328033 0.00758936319715605 0.014949501166671044 0.01382163125501434 0.014478535939266436 0.004826662755572052 0.00555953139686443 -0.00386026886452831 -0.016350762177766237 -0.034664381724360684 -0.05561451778432462 -0.08591551363670744
1.60443079217128 -0.008390029372871474 6.777197212388258e-05 0.010070041300440879 0.01783715192956643 0.016766474270775652 0.017798259992915285 0.008155519510730208 0.009325030502967603 -0.00023383882164058206 -0.012278705112943766 -0.03108570741069827 -0.052659174773252174 -0.0840363354551638
1.6157377020049806 -0.006505779077629462 0.002068121045608117 0.012592728767501313 0.020775643047265157 0.01976292120562834 0.021178450793191618 0.01155007983439571 0.013169010503521643 0.003470217313736687 -0.008104399171689508 -0.027412197618095033 -0.04961536631718161 -0.08207285785790755
1.6270446118386814 -0.0045858788117907195 0.004101337417719956 0.015157425598337416 0.02376497451976725 0.022810972059572467 0.02461910834009551 0.015010343726568662 0.01709147139852664 0.007251899541603608 -0.0038278443540034485 -0.023643852346550837 -0.046483092416112815 -0.0800250808449387
1.638351521672382 -0.002630328575355334 0.006167421088459309 0.01776413179294909 0.026805146347072633 0.02591062683260794 0.02812023263362684 0.018536311187248904 0.021092413187982446 0.011111207861960001 0.0005509593401143154 -0.019780671596065835 -0.04326235307004592 -0.07789300441625727
1.649658431506083 -0.0006391283683232288 0.008266372057826252 0.02041284735133641 0.02989615852918139 0.029061885524734835 0.03168182367378571 0.022127982216436574 0.025171835871889175 0.015048142274806012 0.005032011910663894 -0.01582265536663993 -0.03995314827898082 -0.07567662857186325
1.6609653413397836 0.001387721809305513 0.010398190325820712 0.023103572273499306 0.033038011066093415 0.032264748135953064 0.035303881460572006 0.02578535681413155 0.029329739450246722 0.01906270278014152 0.009615313357645136 -0.01176980365827325 -0.036555478042917644 -0.07337595331175673
1.6722722511734842 0.0034502219575309467 0.012562875892442739 0.02583630655943781 0.036230703957808766 0.03551921466626268 0.0389864059939858 0.029508434980333884 0.03356612392305516 0.023154889377966593 0.014300863681058151 -0.007622116470965695 -0.03306934236185631 -0.07099097863593756
1.683579161007185 0.0055483720763531 0.01476042875769236 0.02861105020915198 0.03947423720432752 0.03882528511566373 0.04272939727402715 0.033297216715043654 0.03788098929031454 0.027324702068281276 0.019088662880903037 -0.003379593804717196 -0.029494741235796734 -0.06852170454440576
1.6948860708408857 0.007682172165771904 0.016990848921569483 0.031427803222641715 0.04276861080564953 0.04218295948415611 0.04653285530069591 0.03715170201826073 0.0422743355520247 0.03157214085108545 0.023978710957179558 0.0009577643404720948 -0.025831674664739068 -0.06596813103716143
1.7061929806745866 0.009851622225787407 0.019254136384074215 0.034286565599907094 0.04611382476177492 0.04559223777173993 0.05039678007399225 0.04107189088998521 0.04674616270818584 0.03589720572637925 0.028971007909887908 0.00538995796460226 -0.022080142648683215 -0.06333025811420451
1.7174998905082872 0.01205672225639956 0.021550291145206464 0.03718733734094805 0.049509879072703586 0.04905311997841506 0.05432117159391599 0.04505778333021701 0.05129647075879774 0.040299896694162535 0.03406555373902792 0.009916987067673244 -0.018240145187629286 -0.06060808577553506
1.7288068003419879 0.014297472257608412 0.02387931320496626 0.04013011844576461 0.052956773738435575 0.0525656061041816 0.05830602986046725 0.049109379338956156 0.05592525970386053 0.04478021375443539 0.03926234844459971 0.014538851649685103 -0.01431168228157717 -0.057801614021153
1.7401137101756887 0.01657387222941399 0.026241202563353674 0.043114908914356855 0.05645450875897096 0.05612969614903957 0.062351354873646056 0.05322667891620276 0.06063252954337431 0.04933815690719788 0.04456139202660339 0.01925555171063792 -0.01029475393052684 -0.05491084285105827
1.7514206200093894 0.0188859221718162 0.0286359592203686 0.04614170874672464 0.0600030841343096 0.05974539011298887 0.06645714663345227 0.05740968206195663 0.06541828027733887 0.05397372615244983 0.04996268448503867 0.02406708725053147 -0.006189360134478433 -0.05193577226525106
1.7627275298430902 0.021233622084815135 0.031063583176011107 0.049210517942868105 0.06360249986445164 0.06341268799602962 0.07062340513988605 0.06165838877621796 0.07028251190575435 0.058686921490191404 0.05546622581990582 0.02897345826936598 -0.001995500893431812 -0.04887640226373116
1.7740344396767909 0.0236169719684107 0.03352407443028114 0.05232133650278712 0.06725275594939695 0.06713158979816167 0.07485013039294727 0.06597279905898659 0.07522522442862065 0.06347774292042248 0.06107201603120464 0.033974664767141255 0.002286823792612913 -0.045732732846498814
1.7853413495104915 0.026035971822602963 0.036017432983178735 0.05547416442648175 0.07095385238914559 0.0709020955193851 0.07913732239263598 0.07035291291026256 0.08024641784593783 0.06834619044314309 0.0667800551189352 0.03907070674385743 0.006657613923655825 -0.04250476401355385
1.7966482593441924 0.028490621647391953 0.03854365883470392 0.05866900171395203 0.07470578918369758 0.07472420515969999 0.08348498113895222 0.07479873033004596 0.08534609215770593 0.07329226405835337 0.07259034308309761 0.04426158419951448 0.011116869499696869 -0.039192495764896224
1.8079551691778932 0.030980921442777615 0.04110275198485666 0.06190584836519796 0.07850856633305293 0.07859791871910628 0.08789310663189596 0.07931025131833674 0.09052424736392499 0.07831596376605322 0.07850287992369182 0.04954729713411246 0.015664590520736155 -0.03579592810052601
1.8192620790115939 0.033506871208759906 0.04369471243363691 0.06518470438021942 0.08236218383721154 0.08252323619760389 0.09236169887146714 0.08388747587513479 0.09578088346459473 0.08341728956624248 0.08451766564071767 0.05492784554765118 0.020300776986773433 -0.03231506102044335
1.8305689888452945 0.036068470945338896 0.04631954018104472 0.0685055697590165 0.0862666416961735 0.08650015759519285 0.09689075785766581 0.08853040400044021 0.10111600045971544 0.08859624145892131 0.09063470023417519 0.06040322944013074 0.0250254288978089 -0.0287498945246481
1.8418758986789951 0.03866572065251456 0.0489772352270801 0.07186844450158919 0.09022193990993874 0.09052868291187319 0.10148028359049194 0.093239035694253 0.10652959834928696 0.0938528194440897 0.0968539837040645 0.06597344881155115 0.02983854625384247 -0.025100428613140213
1.853182808512696 0.04129862033028696 0.051667797571743064 0.07527332860793756 0.09422807847850741 0.09460881214764502 0.10613027606994566 0.09801337095657325 0.11202167713330946 0.09918702352174778 0.10317551605038575 0.07163850366191254 0.034740129054874364 -0.021366663285919574
1.8644897183463969 0.043967169978656045 0.054391227215033616 0.07872022207806156 0.09828505740187943 0.09874054530250824 0.1108407352960269 0.10285340978740087 0.11759223681178291 0.10459885369189541 0.10959929727313875 0.07739839399121487 0.03973017730090442 -0.01754859854298646
1.8757966281800975 0.04667136959762175 0.057147524156951644 0.08220912491196106 0.10239287668005465 0.10292388237646277 0.11561166126873548 0.10775915218673576 0.12324127738470708 0.11008830995453243 0.11612532737232331 0.08325311979945785 0.04480869099193249 -0.013646234384340927
1.8871035380137982 0.04941121918718419 0.05993668839749725 0.08574003710963624 0.10655153631303323 0.10715882336950866 0.12044305398807162 0.11273059815457802 0.12896879885208212 0.11565539230965911 0.12275360634793969 0.0892026810866417 0.04997567012795873 -0.009659570809982643
1.8984104478474988 0.052186718747343264 0.0627587199366704 0.08931295867108699 0.11076103630081516 0.11144536828164592 0.12533491345403522 0.11776774769092761 0.134774801213908 0.12130010075727529 0.12948413419998783 0.0952470778527664 0.055231114708983065 -0.005588607819911884
1.9097173576811997 0.05499786827809909 0.06561361877447118 0.0929278895963134 0.11502137664340044 0.1157835171128747 0.13028723966662642 0.12287060079578473 0.14065928447018494 0.12702243529738114 0.13631691092846784 0.10138631009783211 0.06057502473500581 -0.001433345414128373
1.9210242675149005 0.05784466777945156 0.06850138491089947 0.09658482988531544 0.11933255734078907 0.12017326986319482 0.13530003262584506 0.12803915746914912 0.14662224862091267 0.1328223959299765 0.1432519365333795 0.10762037782183864 0.06600740020602652 0.002806216407367612
1.9323311773486012 0.06072711725140072 0.07142201834595532 0.10028377953809309 0.12369457839298098 0.12461462653260624 0.14037329233169116 0.13327341771102086 0.15266369366609128 0.1386999826550614 0.15028921101472295 0.11394928102478602 0.07152824112204537 0.007130077644576183
1.9436380871823018 0.0636452166939465 0.0743755190796387 0.10402473855464625 0.12810743979997613 0.12910758712110904 0.1455070187841647 0.1385733815213999 0.15878361960572068 0.1446551954726358 0.15742873437249805 0.1203730197066741 0.07713754748306234 0.011538238297497228
1.9549449970160027 0.06659896610708906 0.07736188711194966 0.10780770693497514 0.1325711415617748 0.13365215162870334 0.15070121198326586 0.14393904890028641 0.16498202643980106 0.1506880343826999 0.16467050660670507 0.12689159386750326 0.08283531928907761 0.016030698366131024
1.9662519068497033 0.06958836549082825 0.08038112244288818 0.11163268467907957 0.13708568367837667 0.1382483200553889 0.15595587192899443 0.14937041984768024 0.17125891416833228 0.15679849938525336 0.1720145277173437 0.13350500350727315 0.08862155654009096 0.020607457850477462
1.9775588166834042 0.07261341484516418 0.08343322507245429 0.1154996717869597 0.14165106614978196 0.142896092401166 0.16127099862135053 0.15486749436358146 0.17761428279131442 0.16298659048029654 0.1794607977044143 0.14021324862598405 0.0944962592361025 0.025268516750536374
1.9888657265171048 0.07567411417009669 0.08651819500064789 0.11940866825861533 0.14626728897599045 0.1475954686660343 0.16664659206033403 0.16043027244799002 0.1840481323087473 0.16925230766782917 0.18700931656791636 0.14701632922363556 0.10045942737711205 0.030013875066307705
2.0001726363508054 0.07877046346562594 0.08963603222746906 0.1233596740940466 0.1509343521570023 0.15234644884999402 0.1720826522459451 0.16605875410090593 0.19056046272063115 0.17559565094785137 0.1946600843078504 0.15391424530022813 0.10651106096311985 0.03484353279779173
2.011479546184506 0.08190246273175182 0.09278673675291779 0.12735268929325352 0.15565225569281746 0.1571490329530451 0.1775791791781836 0.17175293932232916 0.19715127402696583 0.18201662032036312 0.202413100924216 0.16090699685576138 0.11265115999412578 0.039757489944988345
2.022786456018207 0.08507011196847453 0.09597030857699415 0.13138771385623613 0.16042099958343614 0.16200322097518782 0.18313617285704978 0.17751282811225993 0.2038205662277516 0.1885152157853646 0.21026836641701366 0.1679945838902358 0.11887972447012995 0.04475574650789771
2.034093365851908 0.0882734111757938 0.09918674769969797 0.13546474778299422 0.16524058382885798 0.16690901291642168 0.1887536332825433 0.18333842047069793 0.21056833932298796 0.19509143734285547 0.21822588078624292 0.17517700640365086 0.1251967543911322 0.04983830248651955
2.0454002756856084 0.09151236035370976 0.10243605412102942 0.139583791073528 0.17011100842908317 0.17186640877674697 0.19443156045466428 0.18922971639764333 0.21739459331267535 0.20174528499283595 0.22628564403190385 0.18245426439600676 0.13160224975713258 0.05500515788085392
2.056707185519309 0.09478695950222242 0.10571822784098828 0.14374484372783727 0.1750322733841116 0.17687540855616357 0.2001699543734127 0.195186715893096 0.22429932819681345 0.20847675873530586 0.23444765615399646 0.18982635786730345 0.1380962105681311 0.060256312690900815
2.0680140953530097 0.09809720862133178 0.10903326885957486 0.1479479057459223 0.18000437869394348 0.18193601225467165 0.20596881503878872 0.20120941895705613 0.23128254397540254 0.2152858585702655 0.24271191715252108 0.1972932868175411 0.14467863682412785 0.06559176691666041
2.079321005186711 0.10144310771103784 0.11238117717678901 0.15219297712778293 0.18502732435857872 0.1870482198722712 0.2118281424507924 0.2072978255895237 0.23834424064844273 0.22217258449771474 0.2510784270274775 0.20485505124671982 0.1513495285251228 0.07101152055813259
2.0906279150204115 0.1048246567713406 0.11576195279263068 0.15648005787341915 0.19010111037801725 0.19221203140896212 0.21774793660942332 0.21345193579049856 0.2454844182159335 0.22913693651765352 0.2595471857788655 0.21251165115483917 0.1581088856711158 0.07651557361531747
2.101934824854112 0.10824185580223986 0.11917559570709978 0.16080914798283086 0.195225736752259 0.19742744686474417 0.22372819751468168 0.21967174955998064 0.25270307667787517 0.23617891463008153 0.26811819340668513 0.2202630865418993 0.1649567082621069 0.08210392608821465
2.1132417346878127 0.11169470480373597 0.12262210592019651 0.16518024745601828 0.20040120348130405 0.20269446623961773 0.22976892516656763 0.22595726689797024 0.2600002160342676 0.2432985188349993 0.27679144991093657 0.22810935740790034 0.17189299629809607 0.08777657797682448
2.1245486445215134 0.11518320377582869 0.1261014834319208 0.16959335629298128 0.20562751056515252 0.2080130895335827 0.23587011956508103 0.2323084878044671 0.267375836285111 0.2504957491324066 0.28556695529161974 0.23605046375284217 0.17891774977908353 0.09353352928114689
2.1358555543552145 0.11870735271851829 0.1296137282422728 0.1740484744937201 0.21090465800380453 0.21338331674663927 0.24203178071022224 0.23872541227947164 0.27482993743040574 0.25777060552230385 0.2944447095487351 0.24408640557672528 0.18603096870506958 0.09937478000118216
2.147162464188915 0.12226715163180427 0.13315884035125217 0.17854560205823428 0.21623264579725954 0.21880514787878688 0.24825390860199054 0.24520804032298316 0.2823625194701508 0.2651230880046901 0.3034247126822817 0.25221718287954875 0.19323265307605303 0.10530033013692963
2.1584693740226157 0.12586260051568707 0.13673681975885915 0.18308473898652416 0.22161147394551806 0.22427858293002595 0.25453650324038646 0.25175637193500217 0.28997358240434684 0.27255319657956606 0.31250696469226014 0.2604427956613133 0.20052280289203495 0.11131017968838985
2.1697762838563164 0.1294936993701666 0.14034766646509367 0.18766588527858963 0.2270411424485798 0.22980362190035655 0.26087956462540984 0.25837040711552856 0.29766312623299374 0.28006093124693165 0.3216914655786705 0.26876324392201867 0.207901418153015 0.1174043286555626
2.181083193690017 0.13316044819524273 0.1439913804699557 0.1922890409344306 0.23252165130644487 0.23538026478977836 0.26728309275706064 0.2650501458645622 0.3054311509560915 0.28764629200678665 0.3309782153415125 0.27717852766166484 0.21536849885899323 0.123582777038448
2.192390103523718 0.13686284699091567 0.1476679617734455 0.19695420595404756 0.23805300051911352 0.24100851159829184 0.2737470876353393 0.2717955881821035 0.3132776565736405 0.2953092788591316 0.34036721398078656 0.28568864688025225 0.22292404500996976 0.12984552483704603
2.2036970133574187 0.1406008957571852 0.15137741037556268 0.2016613803374398 0.2436351900865852 0.24668836232589644 0.2802715492602451 0.27860673406815195 0.32120264308564006 0.3030498918039658 0.34985846149649213 0.2942936015777801 0.23056805660594426 0.1361925720513567
2.2150039231911194 0.14437459449405132 0.15511972627630735 0.20641056408460767 0.24926822000886026 0.2524198169725924 0.28685647763177835 0.28548358352270775 0.32920611049209036 0.3108681308412895 0.3594519578886292 0.30299339175424883 0.23830053364691683 0.1426239186813797
2.22631083302482 0.14818394320151426 0.15889490947567964 0.21120175719555123 0.2549520902859386 0.25820287553837984 0.2935018727499392 0.2924261365457709 0.33728805879299173 0.31876399597110294 0.3691477031571983 0.31178801740965845 0.24612147613288782 0.14913956472711543
2.2376177428585207 0.15202894187957378 0.1627029599736795 0.21603495967027037 0.26068680091782037 0.2640375380232586 0.3002077346147276 0.29943439313734144 0.3454484879883439 0.3267374871934058 0.378945697302199 0.32067747854400896 0.25403088406385665 0.1557395101885637
2.2489246526922217 0.15590959052823022 0.16654387777030716 0.2209101715087653 0.2664723519045057 0.2699238044272291 0.30697406322614373 0.30650835329741966 0.3536873980781474 0.33478860450819853 0.38884594032363196 0.3296617751573007 0.2620287574398242 0.16242375506572482
2.2602315625259224 0.1598258891474831 0.17041766286556204 0.22582739271103566 0.27230874324599397 0.27586167475029055 0.31380085858418694 0.31364801702600487 0.3620047890624011 0.34291734791548045 0.39884843222149624 0.3387409072495329 0.27011509626078933 0.16919229935859803
2.271538472359623 0.16377783773733273 0.17432431525944456 0.23078662327708166 0.27819597494228576 0.28185114899244346 0.3206881206888577 0.32085338432309757 0.3704006609411061 0.351123717415252 0.4089531729957923 0.3479148748207059 0.27828990052675273 0.1760451430671841
2.2828453821933237 0.16776543629777899 0.17826383495195458 0.2357878632069032 0.28413404699338074 0.28789222715368784 0.32763584954015607 0.3281244551886975 0.3788750137142616 0.35940771300751306 0.4191601626465201 0.35718367787081984 0.2865531702377143 0.18298228619148282
2.2941522920270243 0.17178868482882195 0.18223622194309225 0.24083111250050043 0.29012295939927907 0.2939849092340235 0.33464404513808177 0.3354612296228048 0.38742784738186814 0.36776933469226375 0.42946940117367965 0.3665473163998747 0.294904905393674 0.19000372873149385
2.3054592018607254 0.17584758333046188 0.1862414762328577 0.24591637115787346 0.296162712159981 0.30012919523345094 0.3417127074826354 0.34286370762541996 0.3960591619439261 0.3762085824695043 0.43988088857727137 0.3760057904078707 0.3033451059946324 0.19710947068721796
2.316766111694426 0.17994213180269816 0.19027959782125037 0.2510436391790218 0.302253305275486 0.3063250851519693 0.34884183657381607 0.3503318891965419 0.40476895740043417 0.3847254563392339 0.4503946248572944 0.3855590998948072 0.3118737720405881 0.20429951205865415
2.3280730215281267 0.18407233024553118 0.1943505867082707 0.25621291656394585 0.3083947387457943 0.31257257898957913 0.3560314324116243 0.3578657743361713 0.4135572337513934 0.39331995630145333 0.46101061001374916 0.3952072448606845 0.3204909035315423 0.2115738528458032
2.3393799313618273 0.1882381786589608 0.19845444289391842 0.26142420331264543 0.31458701257090593 0.31887167674628025 0.36328149499606 0.365465363044308 0.4224239909968033 0.401992082356162 0.47172884404663556 0.4049502253055027 0.3291965004674947 0.2189324930486647
2.350686841195528 0.19243967704298723 0.202591166378194 0.2666774994251207 0.32083012675082095 0.3252223784220729 0.3705920243271233 0.3731306553209523 0.4313692291366643 0.4107418345033606 0.48254932695595393 0.4147880412292618 0.3379905628484451 0.2263754326672388
2.361993751029229 0.19667682539761036 0.206760757161097 0.27197280490137166 0.3271240812855395 0.3316246840169571 0.3779630204048141 0.380861651166104 0.4403929481709763 0.4195692127430487 0.4934720587417044 0.42472069263196177 0.34687309067439387 0.23390267170152546
2.3733006608629297 0.20094962372283012 0.2109632152426276 0.2773101197413982 0.3334688761750612 0.33807859353093256 0.38539448322913233 0.388658350579763 0.44949514809973895 0.4284742170752264 0.5044970394038862 0.4347481795136027 0.35584408394534073 0.24151421015152474
2.3846075706966303 0.20525807201864665 0.21519854062278568 0.2826894439452004 0.33986451141938623 0.34458410696399944 0.39288641280007813 0.3965207535619292 0.4586758289229527 0.43745684749989355 0.5156242689425 0.44487050187418437 0.36490354266128555 0.24921004801723645
2.395914480530331 0.20960217028505973 0.2194667333015713 0.28811077751277814 0.34631098701851454 0.3511412243161575 0.40043880911765134 0.4044488601126029 0.46793499064061705 0.4465171040170501 0.5268537473575453 0.4550876597137069 0.3740514668222287 0.25699018529866113
2.4072213903640316 0.21398191852206955 0.2237677932789845 0.29357412044413134 0.3528083029724461 0.357749945587407 0.40805167218185195 0.41244267023178394 0.4772726332527322 0.45565498662669623 0.5381854746490223 0.46539965303217024 0.38328785642817 0.264854621995798
2.4185283001977327 0.21839731672967613 0.22810172055502545 0.29907947273926055 0.3593564592811814 0.3644102707777482 0.4157250019926805 0.4205021839194726 0.4866887567592989 0.46487049532883246 0.5496194508169316 0.47580648182957486 0.3926127114791097 0.272803358108648
2.4298352100314333 0.22284836490787926 0.2324685151296937 0.304626834398165 0.36595545594471957 0.37112219988718054 0.42345879855013596 0.4286274011756682 0.4961833611603158 0.47416363012345764 0.5611556758612721 0.48630814610591966 0.40202603197504705 0.28083639363721
2.441142119865134 0.2273350630566791 0.2368681770029896 0.31021620542084516 0.37260529296306105 0.3778857329157041 0.4312530618542191 0.4368183220003712 0.5057564464557837 0.4835343910105725 0.5727941497820443 0.49690464586120586 0.4115278179159827 0.2889537285814847
2.4524490296988346 0.2318574111760757 0.2413007061749131 0.31584758580730105 0.37930597033620606 0.3847008698633192 0.43910779190493 0.44507494639358175 0.5154080126457028 0.49298277799017715 0.5845348725792485 0.5075959810954327 0.42111806930191686 0.29715536294147205
2.4637559395325352 0.23641540926606885 0.24576610264546397 0.32152097555753234 0.3860574880641543 0.39156761073002555 0.44702298870226786 0.45339727435529953 0.5251380597300722 0.5025087910622709 0.5963778442528842 0.5183821518086003 0.43079678613284855 0.3054412967171718
2.4750628493662363 0.24100905732665898 0.2502643664146428 0.32723637467153965 0.3928598461469063 0.39848595551582383 0.4549986522462339 0.46178530588552513 0.5349465877088933 0.5121124302268549 0.6083230648029527 0.5292631580007092 0.4405639684087794 0.31381152990858474
2.486369759199937 0.24563835535784564 0.2547954974824489 0.33299378314932226 0.3997130445844613 0.405455904220713 0.46303478253682706 0.4702390409842576 0.5448335965821646 0.5217936954839283 0.6203705342294521 0.5402389996717586 0.4504196161297076 0.3222660625157099
2.4976766690336376 0.2503033033596287 0.2593594958488824 0.33879320099088034 0.40661708337681923 0.4124774568446935 0.4711313795740475 0.4787584796514973 0.5547990863498866 0.5315525868334905 0.6325202525323831 0.5513096768217487 0.46036372929563385 0.3308048945385472
2.5089835788673387 0.2550039013320089 0.26395636151394397 0.3446346281962145 0.4135719625239812 0.4195506133877658 0.47928844335789605 0.48734362188724506 0.5648430570120604 0.5413891042755433 0.6447722197117465 0.5624751894506803 0.47039630790655884 0.339428025977098
2.520290488701039 0.25974014927498534 0.2685860944776325 0.35051806476532377 0.4205776820259459 0.42667537384992893 0.48750597388837136 0.49599446769149935 0.574965508568684 0.5513032478100846 0.6571264357675406 0.5737355375585521 0.48051735196248124 0.3481354568313606
2.53159739853474 0.264512047188559 0.273248694739949 0.35644351069820907 0.42763424188271437 0.43385173823118406 0.4957839711654747 0.5047110170642616 0.5851664410197596 0.5612950174371165 0.6695829006997677 0.5850907211453652 0.4907268614634027 0.3569271871013364
2.5429043083684406 0.26931959507272896 0.27794416230089297 0.36241096599486977 0.434741642094286 0.4410797065315302 0.5041224351892053 0.513493270005531 0.5954458543652853 0.5713644131566373 0.6821416145084256 0.5965407402111188 0.5010248364093218 0.36580321678702443
2.5542112182021413 0.27416279292749546 0.2826724971604643 0.36842043065530605 0.44189988266066077 0.4483592787509676 0.5125213659595632 0.5223412265153076 0.605803748605262 0.5815114349686477 0.6948025771935156 0.6080855947558135 0.511411276800239 0.374763545888425
2.5655181280358423 0.279041640752859 0.28743369931866347 0.37447190467951796 0.4491089635818392 0.4556904548894968 0.5209807634765491 0.5312548865935919 0.6162401237396897 0.5917360828731477 0.7075657887550375 0.6197252847794489 0.5218861826361544 0.38380817440553794
2.5768250378695425 0.28395613854881885 0.29222776877548984 0.3805653880675054 0.4563688848578205 0.4630732349471168 0.5295006277401619 0.5402342502403832 0.6267549797685678 0.6020383568701371 0.7204312491929905 0.6314598102820249 0.5324495539170677 0.39293710233836354
2.5881319477032436 0.2889062863153758 0.29705470553094415 0.3867008808192688 0.46367964648860566 0.4705076189238287 0.5380809587504026 0.5492793174556824 0.6373483166918975 0.6124182569596167 0.7333989585073764 0.6432891712635423 0.5431013906429798 0.40215032968690245
2.5994388575369443 0.2938920840525292 0.30191450958502575 0.3928783829348075 0.4710412484741939 0.4779936068196319 0.5467217565072707 0.5583900882394885 0.6480201345096777 0.6228757831415853 0.7464689166981932 0.6552133677240002 0.5538416928138896 0.4114478564511532
2.610745767370645 0.2989135317602793 0.30680718093773507 0.3990978944141218 0.47845369081458544 0.4855311986345262 0.5554230210107661 0.5675665625918023 0.6587704332219085 0.6334109354160435 0.759641123765442 0.6672323996633991 0.5646704604297976 0.4208296826311164
2.622052677204346 0.30397062943862624 0.311732719589072 0.4053594152572121 0.48591697350978047 0.4931203943685123 0.5641847522608896 0.5768087405126233 0.6695992128285908 0.6440237137829916 0.7729155797091228 0.6793462670817394 0.5755876934907039 0.4302958082267929
2.633359587038046 0.30906337708756954 0.3166911255390361 0.41166294546407733 0.49343109655977846 0.5007611940215893 0.5730069502576396 0.5861166220019511 0.6805064733297235 0.6547141182424288 0.7862922845292345 0.6915549699790194 0.5865933919966079 0.4398462332381814
2.6446664968717473 0.3141917747071098 0.32168239878762817 0.41800848503471877 0.5009960599645801 0.5084535975937581 0.5818896150010179 0.5954902070597873 0.6914922147253073 0.6654821487943559 0.7997712382257789 0.7038585083552411 0.5976875559475104 0.4494809576652825
2.655973406705448 0.3193558222972465 0.32670653933484767 0.4243960339691356 0.508611863724185 0.5161976050850179 0.5908327464910234 0.6049294956861302 0.702556437015342 0.6763278054387721 0.8133524407987546 0.7162568822104035 0.6088701853434112 0.4591999815080967
2.6672803165391485 0.3245555198579801 0.3317635471806947 0.430825592267328 0.5162785078385931 0.5239932164953695 0.5998363447276562 0.6144344878809805 0.7136991401998273 0.6872510881756781 0.8270358922481622 0.7287500915445067 0.6201412801843101 0.4690033047666231
2.6785872263728496 0.32979086738931046 0.33685342232516924 0.437297159929296 0.5239959923078048 0.5318404318248123 0.6089004097109171 0.6240051836443385 0.7249203242787639 0.6982519970050742 0.8408215925740018 0.741338136357551 0.631500840470207 0.47889092744086237
2.68989413620655 0.33506186489123707 0.34197616476827136 0.4438107369550396 0.5317643171318195 0.5397392510733463 0.6180249414408048 0.6336415829762033 0.7362199892521507 0.709330531926959 0.8547095417762721 0.7540210166495354 0.6429488662011018 0.48886284953081316
2.701201046040251 0.3403685123637609 0.3471317745100012 0.45036632334455906 0.5395834823106377 0.5476896742409719 0.6272099399173205 0.6433436858765762 0.7475981351199892 0.7204866929413342 0.8686997398549754 0.7667987324204615 0.6544853573769955 0.4989190710364779
2.7125079558739515 0.3457108098068811 0.3523202515503584 0.45696391909785394 0.5474534878442593 0.555691701327689 0.6364554051404635 0.653111492345456 0.7590547618822783 0.7317204800481982 0.8827921868101101 0.7796712836703281 0.6661103139978869 0.5090595919578547
2.723814865707652 0.35108875722059796 0.3575415958893431 0.46360352421492423 0.5553743337326837 0.5637453323334971 0.6457613371102338 0.6629450023828429 0.7705898695390176 0.7430318932475518 0.8969868826416758 0.7926386703991355 0.6778237360637759 0.5192844122949436
2.7351217755413533 0.3565023546049117 0.3627958075269556 0.4702851386957709 0.5633460199759126 0.5718505672583971 0.6551277358266321 0.672844215988738 0.7822034580902091 0.7544209325393958 0.9112838273496751 0.8057008926068842 0.6896256235746645 0.5295935320477461
2.7464286853750535 0.3619516019598217 0.3680828864631953 0.47700876254039215 0.5713685465739435 0.5800074061023879 0.664554601289657 0.6828091331631396 0.7938955275358499 0.7658875979237281 0.9256830209341039 0.818857950293573 0.7015159765305495 0.5399869512162601
2.7577355952087546 0.3674364992853289 0.373402832698063 0.4837743957487896 0.5794419135267787 0.5882158488654706 0.6740419334993102 0.692839753906049 0.8056660778759429 0.7774318894005507 0.9401844633949659 0.8321098434592032 0.7134947949314338 0.5504646698004876
2.769042505042455 0.3729570465814325 0.3787556462315579 0.4905820383209624 0.5875661208344165 0.5964758955476441 0.6835897324555904 0.7029360782174656 0.817515109110486 0.7890538069698628 0.954788154732259 0.8454565721037738 0.7255620787773158 0.5610266878004271
2.780349414876156 0.37851324384813284 0.38414132706368054 0.49743169025691114 0.595741168496858 0.6047875461489094 0.6931979981584983 0.7130981060973896 0.82944262123948 0.8007533506316644 0.9694940949459837 0.8588981362272855 0.7377178280681962 0.5716730052160792
2.791656324709857 0.38410509108543023 0.3895598751944311 0.5043233515566357 0.6039670565141034 0.6131508006692666 0.7028667306080343 0.7233258375458217 0.8414486142629258 0.8125305203859562 0.9843022840361416 0.8724345358297392 0.7499620428040756 0.5824036220474447
2.802963234543557 0.3897325882933236 0.39501129062380835 0.5112570222201351 0.6122437848861508 0.6215656591087141 0.7125959298041967 0.7336192725627599 0.8535330881808213 0.8243853162327361 0.9992127220027291 0.8860657709111318 0.7622947229849515 0.5932185382945212
2.814270144377258 0.39539573547181417 0.40049557335181385 0.5182327022474107 0.6205713536130028 0.6300321214672538 0.7223855957469877 0.7439784111482064 0.8656960429931684 0.836317738172007 1.0142254088457507 0.8997918414714665 0.7747158686108266 0.6041177539573119
2.825577054210959 0.4010945326209014 0.40601272337844685 0.5252503916384618 0.6289497626946575 0.6385501877448845 0.7322357284364055 0.7544032533021598 0.8779374786999663 0.8483277862037669 1.0293403445652025 0.9136127475107421 0.7872254796816998 0.6151012690358144
2.8368839640446595 0.4068289797405848 0.4115627407037069 0.5323100903932882 0.6373790121311156 0.6471198579416065 0.7421463278724505 0.7648937990246207 0.8902573953012147 0.8604154603280161 1.0445575291610862 0.9275284890289577 0.7998235561975702 0.6261690835300291
2.8481908738783606 0.41259907683086555 0.4171456253275951 0.5394117985118908 0.6458591019223772 0.6557411320574204 0.7521173940551238 0.7754500483155893 0.9026557927969145 0.8725807605447554 1.059876962633402 0.9415390660261148 0.8125100981584399 0.6373211974399575
2.8594977837120608 0.41840482389174255 0.4227613772501105 0.5465555159942683 0.6543900320684416 0.6644140100923249 0.7621489269844238 0.7860720011750644 0.9151326711870644 0.8848236868539836 1.0752986449821493 0.9556444785022121 0.8252851055643069 0.648557610765597
2.870804693545762 0.42424622092321657 0.42840999647125383 0.5537412428404221 0.6629718025693101 0.6731384920463216 0.7722409266603522 0.7967596576030476 0.927688030471666 0.8971442392557019 1.0908225762073287 0.9698447264572512 0.8381485784151725 0.6598783235069507
2.8821116033794625 0.430123267925287 0.4340914829910243 0.5609689790503513 0.6716044134249816 0.6819145779194093 0.7823933930829073 0.8075130175995381 0.9403218706507182 0.9095424177499096 1.1064487563089394 0.9841398098912306 0.8511005167110366 0.671283335664016
2.893418513213163 0.4360359648979541 0.4398058368094222 0.5682387246240557 0.680287864635456 0.690742267711588 0.7926063262520899 0.8183320811645354 0.9530341917242209 0.9220182223366067 1.1221771852869817 0.998529728804151 0.8641409204518977 0.6827726472367941
2.904725423046864 0.44198431184121806 0.4455530579264481 0.5755504795615362 0.6890221562007344 0.6996215614228588 0.8028797261679005 0.8292168482980407 0.9658249936921752 0.9345716530157935 1.138007863141457 1.0130144831960126 0.8772697896377584 0.6943462582252848
2.9160323328805644 0.4479683087550785 0.4513331463421013 0.5829042438627918 0.6978072881208156 0.7085524590532204 0.813213592830338 0.8401673190000529 0.9786942765545796 0.9472027097874698 1.1539407898723626 1.0275940730668145 0.8904871242686161 0.7060041686294882
2.9273392427142655 0.45398795563953576 0.45714610205638223 0.5903000175278237 0.7066432603957004 0.7175349606026737 0.8236079262394034 0.851183493270573 0.9916420403114353 0.9599113926516353 1.1699759654797002 1.042268498416557 0.9037929243444724 0.7177463784494038
2.938646152547966 0.46004325249458966 0.46299192506929066 0.5977378005566307 0.7155300730253884 0.7265690660712184 0.8340627263950963 0.8622653711096001 1.0046682849627415 0.9726977016082912 1.1861133899634702 1.057037759245241 0.9171871898653272 0.7295728876850323
2.9499530623816668 0.4661341993202404 0.46887061538082664 0.6052175929492136 0.7244677260098799 0.7356547754588543 0.8445779932974168 0.8734129525171346 1.017773010508499 0.9855616366574361 1.202353063323672 1.0719018555528659 0.9306699208311799 0.7414836963363733
2.961259972215368 0.47226079611648786 0.4747821729909904 0.6127393947055724 0.7334562193491748 0.7447920887655821 0.8551537269463646 0.8846262374931768 1.030956216948708 0.9985031977990708 1.2186949855603055 1.086860787339432 0.9442411172420309 0.7534788044034275
2.972566882049068 0.4784230428833314 0.48072659789978106 0.6203032058257058 0.7424955530432723 0.7539810059914003 0.8657899273419393 0.8959052260377254 1.0442179042833661 1.0115223850331945 1.2351391566733696 1.1019145546049374 0.9579007790978789 0.7655582118861928
2.983873791882769 0.4846209396207726 0.4867038901072 0.6279090263096159 0.7515857270921744 0.7632215271363109 0.8764865944841429 0.907249918150783 1.0575580725124771 1.024619198359809 1.2516855766628672 1.1170631573493857 0.971648906398727 0.7777219187846722
2.9951807017164698 0.49085448632880946 0.4927140496132458 0.6355568561573007 0.7607267414958785 0.772513652200312 0.8872437283729725 0.918660313832346 1.070976721636037 1.037793637778911 1.2683342455287947 1.1323065955727725 0.9854854991445714 0.7899699250988634
3.0064876115501704 0.49712368300744336 0.4987570764179197 0.6432466953687617 0.7699185962543866 0.7818573811834051 0.8980613290084306 0.9301364130824176 1.084473851654049 1.0510457032905038 1.2850851632711553 1.1476448692751022 0.9994105573354144 0.8023022308287668
3.0177945213838715 0.5034285296566743 0.5048329705212211 0.6509785439439983 0.7791612913676984 0.7912527140855896 0.908939396390516 0.9416782159009971 1.0980494625665123 1.0643753948945869 1.301938329889948 1.163077978456372 1.0134240809712567 0.8147188359743835
3.0291014312175717 0.5097690262765014 0.5109417319231497 0.65875240188301 0.7884548268358127 0.8006996509068651 0.9198779305192283 0.9532857222880824 1.1117035543734248 1.077782712591158 1.3188937453851706 1.1786059231165822 1.0275260700520958 0.827219740535712
3.040408341051273 0.5161451728669261 0.5170833606237064 0.6665682691857981 0.7977992026587313 0.8101981916472326 0.9308769313945691 0.9649589322436766 1.1254361270747903 1.0912676563802204 1.335951409756827 1.1942287032557348 1.0417165245779347 0.8398049445127549
3.0517152508849734 0.5225569694279464 0.5232578566228901 0.674426145852361 0.807194418836452 0.8197483363066904 0.9419363990165361 0.9766978457677769 1.1392471806706048 1.1048302262617704 1.3531113230049137 1.2099463188738264 1.05599544454877 0.8524744479055084
3.063022160718674 0.5290044159595642 0.5294652199207021 0.6823260318827004 0.8166404753689772 0.8293500848852409 0.953056333385132 0.9885024628603853 1.1531367151608718 1.118470422235812 1.3703734851294334 1.2257587699708605 1.0703628299646042 0.8652282507139757
3.074329070552375 0.5354875124617784 0.5357054505171412 0.690267927276815 0.8261373722563055 0.8390034373828823 0.9642367345003546 1.000372783521501 1.1671047305455886 1.1321882443023426 1.3877378961303841 1.2416660565468352 1.084818680825437 0.8780663529381552
3.0856359803860753 0.5420062589345888 0.5419785484122075 0.6982518320347046 0.8356851094984361 0.8487083937996143 0.9754776023622044 1.0123088077511233 1.181151226824756 1.145983692461361 1.405204556007766 1.257668178601749 1.0993629971312668 0.8909887545780464
3.0969428902197764 0.5485606553779965 0.548284513605902 0.7062777461563706 0.845283687095371 0.8584649541354386 0.9867789369706824 1.024310535549254 1.195276203998375 1.159856766712871 1.422773464761581 1.2737651361356055 1.113995778882096 0.903995455633652
3.108249800053477 0.5551507017920008 0.5546233460982236 0.7143456696418119 0.8549331050471091 0.8682731183903536 0.9981407383257875 1.0363779669158915 1.2094796620664447 1.1738074670568692 1.4404446223918268 1.289956929148402 1.128717026077923 0.9170864561049688
3.1195567098871777 0.5617763981766013 0.560995045889173 0.7224556024910289 0.8646333633536503 0.8781328865643607 1.00956300642752 1.0485111018510362 1.2237616010289651 1.1878357934933579 1.4582180288985045 1.306243557640139 1.1435267387187475 0.9302617559919986
3.130863619720879 0.5684377445317987 0.56739961297875 0.7306075447040216 0.8743844620149951 0.8880442586574591 1.0210457412758804 1.060709940354689 1.2381220208859371 1.2019417460223356 1.4760936842816141 1.3226250216108177 1.1584249168045706 0.9435213552947406
3.142170529554579 0.5751347408575931 0.5738370473669541 0.7388014962807895 0.8841864010311427 0.8980072346696479 1.0325889428708679 1.0729744824268483 1.2525609216373583 1.2161253246438029 1.4940715885411548 1.3391013210604366 1.1734115603353912 0.9568652540131952
3.15347743938828 0.5818673871539841 0.5803073490537864 0.7470374572213336 0.8940391804020944 0.9080218146009293 1.0441926112124833 1.0853047280675159 1.2670783032832322 1.2303865293577605 1.5121517416771288 1.3556724559889974 1.1884866693112113 0.9702934521473632
3.1647843492219807 0.5886356834209712 0.5868105180392454 0.7553154275256526 0.9039428001278484 0.918087998451301 1.0558567463007251 1.0977006772766895 1.2816741658235555 1.244725360164206 1.5303341436895326 1.3723384263964977 1.2036502437320282 0.9838059496972433
3.1760912590556813 0.5954396296585556 0.5933465543233329 0.7636354071937479 0.9138972602084066 0.9282057862207651 1.0675813481355956 1.110162330054372 1.2963485092583302 1.2591418170631425 1.5486187945783696 1.3890992322829399 1.218902283597844 0.9974027466628361
